1.0311
0.14141
0.070113
0.070437
0.092497
NaN
0.085057
NaN
0.054925
0.041521
0.039557
0.021706
0.022395
0.021733
0.023091
0.02065
0.055886
0.021309
0.020977
0.025223
0.021424
0.020541
0.040984
0.021321
0.021641
0.022902
0.022
0.021031
0.038673
0.020965
0.022182
NaN
NaN
NaN
NaN
1.1125
0.13548
0.07158
0.057234
0.091686
NaN
0.073472
0.043579
0.049213
0.039551
0.023627
0.0275
0.025782
0.020329
0.02044
0.040046
0.03197
0.034554
0.02294
0.027318
0.025299
0.043257
0.028499
0.021882
0.019491
0.019393
0.022934
0.038565
0.020205
0.021202
0.022036
0.041464
0.031719
0.050503
0.022723
0.027357
0.025749
0.035353
0.020403
0.05154
0.024854
0.025243
0.023561
0.021038
0.021743
0.043297
0.023134
0.022024
0.020967
0.027072
0.019252
0.035128
0.020875
0.01999
0.020079
0.028914
0.020215
0.036479
0.022342
0.027864
0.02338
0.022906
0.01928
0.036565
0.021529
0.02128
0.020996
0.02125
0.025008
0.048707
0.020524
NaN
NaN
NaN
NaN
1.0035
0.13559
NaN
NaN
NaN
NaN
0.97217
0.15963
0.072146
0.054196
0.082264
NaN
0.066544
0.040747
NaN
NaN
NaN
NaN
1.0101
0.14529
0.075666
0.054212
0.08177
NaN
NaN
NaN
NaN
NaN
1.0102
0.14291
0.073287
0.063236
0.079445
NaN
0.071204
0.04285
0.042012
0.048264
0.022136
0.02061
0.019881
0.019615
0.019821
0.041212
0.023361
0.02038
0.020323
0.020164
0.020915
0.038353
0.024403
0.02011
0.019818
0.020287
0.02242
0.038493
0.042138
0.019979
0.031729
0.027998
0.031381
0.041981
0.0214
0.026337
0.021908
0.027669
0.027199
0.042
0.021312
0.033135
0.037403
0.022346
0.024428
0.041548
0.020761
0.020488
0.021122
0.021046
0.030989
0.035297
0.027414
0.021374
NaN
NaN
NaN
NaN
0.99221
0.14335
0.075273
0.062704
0.086195
NaN
0.075723
0.041621
0.038077
0.042988
0.023579
0.02184
0.023954
0.021674
0.021942
0.040796
0.024358
0.02183
0.020133
0.020424
0.020426
0.04813
0.020223
0.022207
0.028524
0.020218
0.019892
0.042371
0.025435
0.022179
0.027178
0.035443
0.022232
0.052229
NaN
0.027567
0.02969
0.034398
0.022953
0.023396
0.038797
0.020059
0.021791
0.021515
0.019866
0.022857
0.040205
0.028391
0.031936
0.024138
0.02553
0.023285
0.042937
0.021722
0.021432
0.021754
NaN
NaN
NaN
NaN
1.103
0.14075
0.073675
0.057488
0.090311
NaN
0.068313
0.046583
0.040764
0.041765
0.023517
0.023525
0.021522
0.023211
0.023009
0.040399
0.022447
0.022135
0.021705
0.034983
0.023622
0.039263
0.022554
0.02192
0.020739
0.020891
0.021039
0.040726
0.022934
0.020924
0.031714
0.036811
0.034724
0.046663
0.026224
0.031179
0.021994
0.024186
0.031624
0.039495
0.024434
0.021458
0.022962
0.021601
0.023239
0.044551
0.023965
0.023345
0.0229
0.023612
0.022849
0.044115
0.022895
0.021647
0.021914
0.023275
0.022325
0.045174
0.035751
0.024427
0.022851
0.022773
0.021453
0.037066
0.026323
0.021757
0.026032
0.024652
0.023601
0.037791
0.023122
0.025469
0.022999
0.023508
0.021796
0.040436
0.021567
0.021704
0.021915
0.02112
0.023093
0.038498
0.020936
0.021389
0.021272
0.021517
0.023876
0.036932
0.022019
0.021002
0.021999
0.021383
0.021556
0.036764
0.023734
0.022309
0.024554
0.022195
0.021301
