1.4132
0.14578
0.085696
0.068102
0.094666
0.07973
0.049377
0.052722
0.047868
0.024391
0.024387
0.024961
0.023468
0.022547
0.051421
0.022769
0.022611
0.023679
0.023603
0.024111
0.054687
0.024325
0.023204
0.024426
0.024811
0.025
0.048911
0.023053
0.022974
0.027053
0.034453
0.025101
0.052964
0.024846
0.03618
0.022894
0.022717
0.038285
0.051561
0.023765
0.024224
0.023853
0.023991
0.023758
0.046224
0.021254
0.02201
0.022959
0.022318
0.025118
0.045916
0.021982
0.022824
0.022639
0.027449
0.023896
0.045727
0.02286
0.024611
0.023613
0.028909
0.024394
0.044887
0.023499
0.023424
0.021872
0.022853
0.022734
0.047182
0.026726
0.022628
0.023152
0.039985
0.048098
0.068143
0.022316
0.022315
0.022856
0.02235
0.02343
0.047269
0.020821
0.023056
0.023238
0.020739
0.022981
0.050852
0.023384
0.02099
0.027391
0.020759
0.021808
0.045885
0.020906
0.021005
0.023063
0.029225
0.023886
0.048071
0.021209
0.022869
0.028867
0.021551
0.026055
0.048171
0.021901
0.022631
0.022872
0.036741
0.022928
0.055297
0.023866
0.02159
0.02606
0.023869
0.023209
0.052886
0.02225
0.025738
0.025062
0.02419
0.024032
0.052981
0.03352
0.021545
0.022424
0.022342
0.022081
0.047325
0.022413
0.021036
0.023077
0.023588
0.026158
0.046995
0.027947
0.036859
0.027435
0.030051
0.044842
0.045188
0.022333
0.022256
0.021956
0.022316
0.022419
0.04656
0.022275
0.022334
0.022238
0.02405
0.033852
0.049086
0.023628
0.023701
0.022932
0.02123
0.022502
0.044573
0.023105
0.021818
0.022371
0.021917
0.022552
0.047143
0.024279
0.034921
0.021592
0.022248
0.022168
0.05533
0.022987
0.023992
0.024343
0.024299
0.043078
0.07478
0.034631
0.028073
0.024786
0.025137
0.032683
0.070142
0.024412
0.025126
0.023632
0.024284
0.024929
0.054317
0.025438
0.024291
0.024281
0.031773
0.023918
0.054948
0.04306
0.034898
0.022333
0.026904
0.022387
0.050584
0.023503
0.036503
0.020774
0.022711
0.025952
0.047007
0.023353
0.032397
0.021786
0.022244
0.022365
0.055842
0.022672
0.025678
0.024285
0.023508
0.024762
0.050024
0.022445
0.02468
0.024195
0.023009
0.025476
0.061168
0.022241
0.023447
0.026193
0.022323
0.028263
0.04545
0.02335
0.029065
0.021779
0.023106
0.027183
0.046222
0.02215
0.022708
0.022202
0.021095
0.02087
0.04366
0.023608
0.023929
0.022129
0.025396
0.023298
0.044985
0.022744
0.030137
0.023381
0.02412
0.02309
0.045879
0.027225
0.021299
0.021337
0.021486
0.023286
0.044583
0.023151
0.022909
0.022855
0.021477
0.021898
0.045781
0.021014
0.027998
0.022714
0.022898
0.027265
0.050356
0.022309
0.022957
0.02227
0.021797
0.022467
0.043502
0.021906
0.021308
0.02185
0.021342
0.034062
0.045768
0.027613
0.023662
0.023954
0.024194
0.023271
0.054249
0.022231
0.02353
0.023797
0.022338
0.02445
0.053284
0.022766
0.022959
0.025906
0.024081
0.023962
0.047706
0.023121
0.020964
0.020357
0.031079
0.024514
0.048599
0.021877
