1.0396
0.15152
0.083886
0.06141
0.08559
NaN
0.076524
0.045783
0.042816
0.042753
0.036979
0.023772
0.024366
0.022994
0.023646
0.048656
0.025139
0.023681
0.023317
0.023575
0.025421
0.040431
0.031326
0.043369
0.021921
0.022029
0.023744
0.044437
0.023971
0.022976
0.023704
0.030693
0.038539
0.051591
NaN
0.027184
0.030558
0.026538
0.029064
0.024615
0.042343
0.025585
0.023405
0.024044
0.025419
0.026498
0.043459
0.023978
0.022434
0.022832
0.023282
0.023964
0.04758
0.023665
0.026626
0.035328
0.036944
0.024198
0.044988
0.035923
0.028102
0.035378
0.022787
0.024778
0.049423
0.036033
0.023917
0.02381
0.023945
0.024681
0.044086
0.023741
0.024222
0.028166
0.030942
0.023432
0.054997
0.03617
0.023705
0.023279
0.025276
0.025524
0.050395
0.024031
0.030534
0.036034
0.023281
0.023205
0.040527
0.022822
0.023057
0.028182
0.023209
0.024199
0.043038
0.023388
0.023384
0.024308
0.037022
0.024162
0.049016
0.035163
0.037659
0.023435
0.02399
0.023518
0.042257
0.022522
0.022998
0.022672
0.024325
0.033861
0.043807
0.023298
0.023464
0.031151
0.025023
0.022453
0.041866
0.024758
0.023242
0.022753
0.02459
0.022195
0.044888
0.022946
0.025149
0.023812
0.022625
0.02336
0.042496
0.032191
0.023061
0.023108
0.022935
0.022632
0.05378
0.036161
0.023407
0.022828
0.02347
0.023322
0.040417
0.022994
0.023363
0.02589
0.024286
0.023219
0.040364
0.023157
0.022818
0.030551
0.023817
0.023514
0.041617
0.024023
0.024299
0.024666
0.022858
0.023482
0.041793
0.023919
0.024778
0.022977
0.023
0.027516
0.051738
0.032164
0.022565
0.022665
0.023709
0.02537
0.042036
0.022432
0.023431
0.023351
NaN
NaN
NaN
NaN
1.2868
0.15168
0.086554
0.071946
0.1006
NaN
0.082785
NaN
0.055608
0.057778
0.053038
0.028548
0.027673
0.026589
0.033095
0.029027
0.050243
0.02926
0.036558
0.036017
0.035777
0.034817
0.057909
NaN
0.028625
0.028108
0.028845
0.029472
0.030163
0.059651
0.02968
0.027919
0.02824
0.051459
0.03564
0.056886
0.031819
0.032905
0.030055
0.026688
0.028598
0.049649
0.028198
0.035267
0.028884
0.028353
0.032578
0.064282
0.033122
0.035993
0.047637
0.039984
0.043529
0.055727
0.028523
0.034752
0.049524
0.026612
0.03196
0.059917
NaN
0.035822
0.035589
0.036568
0.035357
0.029742
0.05209
0.029309
0.02691
0.028293
0.028562
0.028819
0.053965
0.027864
0.031379
0.036207
0.026516
0.031969
0.055262
0.029574
0.031806
0.029502
0.02774
0.04172
0.059297
0.030841
0.027197
0.040294
0.036756
0.028705
0.056428
0.036012
0.028221
0.030163
0.02574
0.029021
0.051806
0.029187
0.025928
0.027876
0.026354
0.029347
0.060306
0.035441
0.035841
0.029032
0.030063
0.028875
0.057039
0.029395
0.031951
0.027325
0.031071
0.030666
0.066587
NaN
0.029531
0.027314
0.02787
0.027083
0.028109
0.053516
0.027998
0.032433
0.027586
0.026598
0.028486
0.053112
0.029243
0.038923
0.032143
0.027853
0.029174
0.051107
0.028281
0.026828
0.033313
0.025424
0.028099
0.049852
0.027953
0.025894
0.042084
0.040887
0.031374
0.058203
0.030674
0.027795
0.028772
0.037859
0.035279
0.051101
0.027228
0.027835
0.027503
0.026671
0.02981
0.052907
0.029612
0.033945
0.037284
0.02766
0.029141
0.050268
0.028136
0.02559
0.027592
0.026377
0.027348
0.062227
0.031759
0.035849
0.028844
0.025725
0.027986
0.04986
0.026659
0.025039
0.027094
0.026663
0.028885
0.049893
0.027253
0.031648
0.029065
0.026292
0.030787
0.060367
NaN
0.02915
0.025465
0.025679
0.025668
0.029072
0.049743
0.027443
0.024621
0.0269
0.040569
0.03061
0.048568
0.028348
0.051511
0.030187
0.026532
0.02921
0.052136
0.03449
0.028198
0.029421
0.026838
0.028641
0.050927
0.040132
0.036047
0.035583
0.036171
0.027747
0.052631
0.029225
0.026749
0.027345
0.025218
0.027034
0.062967
0.028445
0.032966
0.028071
0.026583
0.02756
0.062807
0.036345
0.024792
0.026659
0.025771
0.027843
0.063512
NaN
0.02749
0.02856
0.028282
0.036229
0.028459
0.051596
0.028085
0.024732
0.026367
0.025143
0.028821
0.051283
0.027519
0.03503
0.028849
0.030559
0.036015
0.050967
0.031235
0.031038
0.031377
0.031695
0.030444
0.062613
0.028494
0.025429
0.026234
0.027019
0.02744
0.053969
0.027696
0.026079
0.029033
0.027709
0.027064
0.065636
0.0282
0.027394
0.026868
0.026188
0.027085
0.058852
0.029183
0.025486
0.027443
0.024982
0.029647
0.04754
0.027288
0.026776
0.027871
0.026667
0.031085
0.059479
NaN
0.036563
0.026386
0.027356
0.026765
0.038905
0.048323
0.028141
0.026688
0.02738
0.027017
0.027216
0.050233
0.027799
0.026019
0.028644
0.028769
0.029503
0.047665
0.027657
0.026968
0.030288
0.025796
0.026325
0.048305
0.0268
0.025491
0.027514
0.026628
0.029673
0.048567
0.02763
0.02586
0.028057
0.026969
0.028009
0.051454
0.030115
0.027157
0.028015
0.02513
0.029141
0.051592
0.028499
0.026803
0.02912
0.029319
0.029111
0.050135
0.027526
0.027241
0.029218
0.028082
0.030043
0.067674
0.030907
0.028725
0.027132
0.024952
0.029813
0.052836
0.030383
0.025647
0.028024
0.02741
0.027874
0.05106
0.027563
0.024765
0.032003
0.026691
0.028099
0.047468
0.027254
0.027643
0.028041
0.026775
0.026864
0.049681
0.033808
0.028585
0.031572
0.029019
0.0302
0.059076
0.031141
0.027601
0.029378
0.027451
0.031305
0.058404
NaN
0.026881
0.028934
0.027876
0.026485
0.028145
0.052263
0.026982
0.026743
0.027792
0.027345
0.027741
0.056444
0.030229
0.027832
0.02976
0.029323
0.028682
0.049798
0.027096
0.026998
0.030731
0.027016
0.028338
0.057416
0.030293
0.030831
0.030366
0.02676
0.030297
0.051996
0.028921
0.025166
0.02723
0.025552
0.027999
0.062893
0.028421
0.02575
0.027219
0.027582
0.028257
0.05178
0.029855
0.028307
0.028306
0.025799
0.032549
0.051503
0.027104
0.027111
0.027461
0.027269
0.02752
0.05262
0.026551
0.027954
0.02583
0.029227
0.026137
0.064092
NaN
0.026443
0.027943
0.027911
0.027523
0.024548
0.05165
0.025906
0.027764
0.0278
0.028323
0.026139
0.052183
0.030765
0.027381
0.027527
0.028835
0.028636
0.058749
0.026371
0.028679
0.024953
0.02633
0.027362
0.048488
0.028566
0.024836
0.028655
0.02625
0.027906
0.054019
0.027788
0.029159
0.030666
0.027413
0.030184
0.058609
0.02815
0.025783
0.028203
0.026933
0.028008
0.050959
0.027154
0.025918
0.027904
0.029509
0.028694
0.050788
0.027241
0.026514
0.02821
0.026655
0.027964
0.053315
0.027908
0.026753
0.029722
0.028098
0.028352
0.051238
0.029228
0.028886
0.031919
0.02795
0.029953
0.05328
0.033251
0.030755
0.028804
0.026925
0.030857
0.052509
0.031015
0.030438
0.028776
0.031731
0.029606
0.051761
0.028344
0.028818
0.029191
0.027294
0.027542
0.050867
0.028559
0.026582
0.027308
0.02607
0.028874
0.05027
0.028332
0.027821
0.028591
0.028274
0.028931
0.051289
0.028402
0.029885
0.030218
0.030461
0.037153
0.058081
NaN
0.02834
0.027849
0.029144
0.027491
0.028942
0.058869
0.028513
0.024952
0.026395
0.026516
0.027598
0.049078
0.028529
0.027083
0.027786
0.027353
0.027346
0.05186
0.032461
0.028293
0.027645
0.027588
0.02813
0.048778
0.029154
0.027931
0.025313
0.027894
0.026492
0.049873
0.026859
0.02756
0.028234
0.02718
0.027865
0.05305
0.026856
0.026997
0.027098
0.029519
0.025998
0.050343
0.025758
0.028346
0.026987
0.028033
0.027614
0.049779
0.027662
0.027685
0.026922
0.027814
0.026686
0.050696
0.025386
0.026798
0.027934
0.026273
0.028107
0.049513
0.029802
0.026156
0.02731
0.036872
0.029243
0.050771
0.027365
0.02545
0.029327
0.026106
0.027404
0.054102
0.028962
0.025906
0.02773
0.026839
0.027187
0.051843
0.026494
0.028123
0.028492
0.028263
0.02889
0.05168
0.028091
0.028554
0.028197
0.038943
0.028248
0.058836
0.026962
0.029505
0.026608
0.02863
0.027837
0.054367
0.027712
0.027319
0.02653
0.03544
0.029918
0.059604
0.027762
0.027234
0.028138
0.029233
0.029762
0.05975
NaN
0.03094
0.028994
0.027324
0.027529
0.02859
0.055346
0.026158
0.026482
0.026014
0.026659
0.028466
0.065749
0.029712
0.028147
0.030129
0.030003
0.029699
0.057877
0.02753
0.025139
0.027853
0.026808
0.028874
0.056641
0.031514
0.029469
0.027976
0.026898
0.028272
0.057728
NaN
0.02945
0.027082
0.032169
0.027281
0.031638
0.058011
0.029153
0.026787
0.027415
0.026428
0.027704
0.049687
0.029918
0.026369
0.027505
0.025019
0.032276
0.059024
0.030044
0.028108
0.030058
0.025061
0.02576
0.047862
0.023764
0.027005
0.026286
0.026573
0.027982
0.051664
0.027316
0.028146
0.026187
0.02739
0.02583
0.049912
0.028364
0.02676
0.026012
0.029202
0.025926
0.050529
0.026703
0.029253
0.027645
0.030051
0.027459
0.051868
0.027908
0.028747
0.028234
0.028349
0.027577
0.052584
0.026101
0.02735
0.030592
0.026265
0.028187
0.047943
0.028438
0.026445
0.028522
0.02784
0.029631
0.058384
0.028813
0.028678
0.030839
0.02708
0.029874
0.048587
0.028994
0.025492
0.029403
0.027126
0.029389
0.057293
0.029633
0.031226
0.02678
0.025053
0.027496
0.054205
0.028662
0.027474
0.02836
0.027149
0.030838
0.059198
NaN
0.032234
0.030645
0.027715
0.027519
0.027861
0.055077
0.030341
0.027959
0.028129
0.025832
0.027675
0.049108
0.02748
0.026272
0.038705
0.029127
0.028972
0.05928
0.029788
0.028369
0.029821
0.027793
0.029402
0.049147
0.026837
0.024769
0.027881
0.027968
0.028129
0.048694
0.026789
0.029108
0.04116
0.029461
0.02929
0.055019
0.029383
0.026086
0.028108
0.024873
0.026734
0.051919
0.027062
0.028065
0.028623
0.025935
0.028755
0.055476
0.027477
0.024765
0.02715
0.025793
0.027405
0.049887
0.026742
0.026815
0.027616
0.02823
0.029594
0.056059
0.028766
0.0309
0.02947
0.026473
0.028456
0.049166
0.02886
0.026815
0.027471
0.025235
0.028967
0.049521
0.030779
0.026507
0.032433
0.027899
0.025911
0.051456
0.027848
0.027597
0.027246
0.027227
0.026321
0.050258
0.026405
0.029832
0.026199
0.025353
0.032218
0.05173
0.030393
0.029901
0.028966
0.027592
0.040799
0.061054
NaN
0.028877
0.029874
0.030631
0.030515
0.028313
0.058252
0.026309
0.028774
0.027913
0.02945
0.026126
0.055395
0.027185
0.028063
0.028667
0.027545
0.025672
0.054004
0.029232
0.034022
0.02758
0.027922
0.027354
0.050798
0.027196
0.031696
0.030918
0.027728
0.027084
0.050505
0.028559
0.02932
0.030425
0.028599
0.029164
0.054727
0.028244
0.027737
0.026526
0.029411
0.027777
0.052335
0.026338
0.030022
0.027563
0.028079
0.028665
0.048302
0.028422
0.026788
0.027389
0.032525
0.025992
0.050312
0.027068
0.032317
0.032151
0.029116
0.026545
0.054247
0.027426
0.027491
0.028612
0.028603
0.028027
0.053224
0.028367
0.027317
0.027797
0.026699
0.031008
0.051091
0.031306
0.026888
0.027768
0.027207
0.027582
0.051307
0.029627
0.027214
0.028573
0.025416
0.027306
0.050412
0.027518
0.027582
0.034971
0.027571
0.028098
0.049173
0.028145
0.027306
0.027519
0.026621
0.027928
0.049054
0.027414
0.025306
0.027023
0.025627
0.029087
0.04943
0.02939
0.026453
0.025722
0.028571
0.025782
0.056793
0.02637
0.029808
0.029545
0.030964
0.026985
0.051034
0.029268
0.028039
0.028123
0.030873
0.025018
0.056798
NaN
0.026996
0.028376
0.026057
0.027285
0.027211
0.051179
0.026948
0.029845
0.0257
0.027795
0.027012
0.05171
0.028274
0.029445
0.027325
0.03005
0.027299
0.057898
0.028512
0.030058
0.031464
0.030265
0.030458
0.059019
0.028761
0.033907
0.029224
0.029292
0.028375
0.054109
0.027756
0.027323
0.027071
0.027141
0.028867
0.050629
0.0289
0.028632
0.028333
0.026506
0.02831
0.062211
0.028838
0.031635
0.029309
0.032737
0.027847
0.063739
NaN
0.028021
0.029883
0.027335
0.030324
0.029153
0.050915
0.027167
0.029341
0.031765
0.025556
0.027463
0.050531
0.031678
0.027955
0.029946
0.02673
0.027157
0.051751
0.026374
0.026472
0.027411
0.027884
0.029125
0.053963
0.029804
0.030158
0.028519
0.028435
0.028071
0.051927
0.029354
0.029184
0.028269
0.026837
0.027854
0.051235
0.027406
0.03097
0.033334
0.029814
0.030555
0.050873
0.02805
0.02846
0.028353
0.025894
0.027622
0.052592
0.026573
0.027304
0.027673
0.027707
0.027537
0.054486
0.02791
0.026839
0.028233
0.027935
0.029562
0.048207
0.027684
0.02864
0.027505
0.028177
0.028431
0.050659
0.030932
0.026659
0.029984
0.025827
0.027654
0.050362
0.024798
0.028345
0.025253
0.026788
0.027692
0.050511
0.02545
0.028948
0.027418
0.028044
0.026859
0.049982
0.029149
0.028859
0.02873
0.028064
0.027951
0.056277
0.029349
0.029104
0.026354
0.027554
0.03262
0.051305
0.029732
0.02808
0.026681
0.028379
0.027946
0.055135
0.028537
0.026433
0.028235
NaN
NaN
NaN
NaN
1.0126
0.14175
0.077042
0.059849
0.087968
NaN
0.072602
0.046781
0.040069
0.05083
0.023173
0.024474
0.021607
0.022974
0.02384
0.047338
0.02381
0.026018
0.0234
0.023662
0.023507
0.04455
0.022637
0.023686
0.023723
0.022266
0.024609
0.043812
0.02469
0.024222
0.022925
0.037116
0.027026
0.05135
0.02724
0.031642
0.027536
0.022749
0.025033
0.045261
0.023142
0.021844
