0.000157
0.21237
0.002609
0.002809
0.002413
0.002437
0.002472
0.002812
0.002907
0.002415
0.002472
0.002311
0.002542
0.002449
0.003641
0.002705
0.002614
0.00315
0.002728
0.002629
0.002508
0.002956
0.002873
0.003544
0.002956
0.002658
0.00268
0.002477
0.002631
0.0026
0.002453
0.002433
0.002634
0.002576
0.002399
0.002597
0.002556
0.003283
0.002946
0.002857
0.002565
0.002774
0.002795
0.002748
0.002593
0.003818
0.002705
0.002824
0.002851
0.002922
0.002853
0.002597
0.002622
0.002642
0.003419
0.002709
0.002565
0.002654
0.002684
0.002528
0.002842
0.002627
0.002496
0.002725
0.002728
0.002703
0.002438
0.003115
0.002586
0.00239
0.002507
0.003085
0.002606
0.002441
0.002513
0.002592
0.002825
0.003571
0.002478
0.002537
0.002506
0.003367
0.002841
0.002447
0.00254
0.002566
0.003024
0.002821
0.002581
0.002642
0.002533
0.002821
0.003373
0.003519
0.002709
0.002519
0.002577
0.00292
0.003063
0.003519
0.002967
0.00255
0.002569
0.002899
0.002836
0.003455
0.003284
0.003025
0.002735
0.002515
0.002713
0.002881
0.002865
0.002497
0.002593
0.002657
0.002879
0.002711
0.002644
0.002743
0.002849
0.002941
0.002504
0.002578
0.002532
0.002629
0.002982
0.002619
0.002779
0.002844
0.002848
0.002965
0.004121
0.002929
0.002661
0.00275
0.00271
0.002944
0.003662
0.002594
0.003286
0.002852
0.002658
0.002547
0.002724
0.003112
0.003582
0.004548
0.004495
0.004719
0.004698
0.004714
0.004204
0.004141
0.004344
0.003743
0.003474
0.003352
