1.0001
0.13227
0.070237
0.055788
0.079587
0.077435
0.045328
0.034501
0.037761
0.019628
0.017985
0.016689
0.01655
0.016476
0.03943
0.026822
0.024092
0.023846
0.017177
0.017681
0.035007
0.018017
0.017895
0.037434
0.021198
0.035606
0.041618
0.017684
0.019368
0.01773
0.026204
0.020413
0.042263
0.019732
0.031393
0.019802
0.019628
0.017945
0.035808
0.016836
0.021204
0.017025
0.017824
0.017452
0.03323
0.016794
0.016928
0.039028
0.018924
0.031039
0.059583
0.018467
0.016876
0.02689
0.016988
0.017527
0.038766
0.023542
0.024076
0.017922
0.017997
0.017652
0.035994
0.017126
0.01908
0.019381
0.024144
0.017722
0.036066
0.018311
0.024991
0.019247
0.017776
0.018433
0.041245
0.019857
0.029247
0.017501
0.018392
0.018017
0.03456
0.017693
0.017885
0.017628
0.017588
0.01689
0.034173
0.01775
0.019133
0.016858
0.018904
0.016427
0.034397
0.018057
0.017756
0.017668
0.029719
0.024799
0.044657
0.029139
0.017502
0.018149
0.019142
0.017013
0.043667
0.03378
0.031843
0.019715
0.016428
0.017535
0.047082
0.017596
0.0181
0.01752
0.018782
0.018052
0.033585
0.018741
0.017813
0.017642
0.01835
0.01672
0.03327
0.017653
0.018403
0.017576
0.018404
0.035322
0.034982
0.019587
0.016757
0.018045
0.018109
0.023775
0.033636
0.027478
0.018495
0.030209
0.024054
0.016713
0.032649
0.017608
0.017358
0.018748
0.017844
0.016775
0.034128
0.018478
0.017974
0.018556
0.018732
0.018045
0.034816
0.01863
0.018587
0.017111
0.018786
0.017105
