1.3834
0.14216
0.079589
0.064376
0.093361
NaN
0.082559
NaN
0.059454
0.046647
0.05227
0.02203
0.022448
0.022291
0.021773
0.02196
0.05021
0.023
0.022801
0.022871
0.023371
0.023854
0.052162
0.023559
0.035138
0.036242
0.022457
0.026394
0.056222
0.033154
0.022881
0.02156
0.043541
0.031924
0.061887
0.023996
0.035859
0.024027
0.021319
0.022493
0.04722
0.022937
0.030654
0.023533
0.022619
0.026182
0.047044
0.023112
0.02856
0.023694
0.023346
0.031855
0.054821
NaN
0.023003
0.024422
0.026048
0.024278
0.0229
0.048627
0.024559
0.026469
0.021407
0.021723
0.021517
0.046805
0.02033
0.022277
0.027463
0.020593
0.022391
0.05115
0.02436
0.023129
0.030974
0.023378
0.022201
0.050076
0.022719
0.025148
0.021941
0.022412
0.020945
0.049156
0.021662
0.034317
0.022447
0.021102
0.024278
0.053627
0.021344
0.022077
0.021797
0.024778
0.030569
0.049285
0.021229
0.020651
0.024843
0.023054
0.020936
0.045022
0.020838
0.022161
0.020722
0.022916
0.022351
0.047106
0.020711
0.020541
0.032722
0.020858
0.020684
0.056325
0.021316
0.020249
0.021929
0.020689
0.020122
0.046103
0.020327
0.019541
0.021631
0.020714
0.020465
0.044536
0.028328
0.020494
0.019802
0.02088
0.020752
0.045292
0.020483
0.019527
0.024294
0.019913
0.021544
0.043623
0.020074
0.029287
0.021094
0.021041
0.020775
0.047057
0.019816
0.02062
0.020435
0.023335
0.035735
0.053436
0.021125
0.02073
0.020645
0.021549
0.021373
0.046551
0.025556
0.02237
0.020833
0.020065
0.031356
0.043928
0.029582
0.020334
0.021062
0.021108
0.020126
0.045915
0.024165
0.020548
0.020461
0.021248
0.020692
0.05086
0.020209
0.020087
0.020076
0.020641
0.022145
0.053387
0.021195
0.022705
0.020734
0.02159
0.020225
0.048803
0.021733
0.022631
0.021345
0.021831
0.021276
0.044988
0.020852
0.020084
0.023994
0.025344
0.031367
0.05301
0.024801
0.022246
0.022992
0.022217
0.02227
0.066447
0.022785
0.025996
0.022471
0.023233
0.025699
0.045356
0.028688
0.020227
0.02365
0.02859
0.022868
0.042652
0.032271
0.019764
0.019909
0.02079
0.020969
0.046298
0.020579
0.021733
0.022803
0.020473
0.020588
0.042908
0.024973
0.021218
0.021027
0.029395
0.020817
0.045315
0.02227
0.022574
0.021322
0.029151
0.021407
0.060943
NaN
0.022467
0.021424
0.0305
0.025013
0.022236
0.050927
0.021599
0.021152
0.029118
0.021518
0.021845
0.051899
0.021773
0.022308
0.029656
0.022082
0.021196
0.043213
0.020609
0.019831
0.020748
0.021775
0.023359
0.061881
0.024565
0.021204
0.021678
0.021571
0.022006
0.051013
0.023352
0.024925
0.021985
0.024401
0.019718
0.042563
0.020899
0.022447
0.020345
0.021553
0.021968
0.042388
0.020231
0.020211
0.026853
0.021588
0.022046
0.050836
0.021647
0.02192
0.02276
0.022714
0.0232
0.051891
0.023579
0.019826
0.019265
0.028592
0.020306
0.046649
0.029572
0.021637
0.019746
0.025089
0.0237
0.049712
0.020001
0.021069
0.020471
0.020208
0.021271
0.04643
0.024031
0.020249
0.019938
0.020326
0.023797
0.058594
0.030242
0.022615
NaN
NaN
NaN
NaN
1.2687
0.14677
0.077483
0.064864
0.092242
NaN
0.075546
NaN
0.047737
0.044845
0.043786
0.029852
0.02558
0.022446
0.021141
0.022105
0.044287
0.021165
0.033735
0.023624
0.036426
0.021884
0.048202
0.021443
0.020831
0.021131
0.022012
0.02086
0.045462
0.0216
0.021676
0.023844
0.036346
0.035895
0.050899
0.035418
0.032332
0.02183
0.023648
0.021214
0.057687
0.022749
0.023089
0.021734
0.026112
0.022477
0.048924
0.028255
0.021892
0.029666
0.021324
0.021077
0.058972
0.022175
0.022176
0.022373
0.024016
0.023688
0.049038
0.023546
0.023747
0.024315
0.023127
0.023679
0.050816
0.020131
0.031324
0.022653
0.025119
0.022407
0.051363
0.024071
0.021384
0.020587
0.02055
0.021728
0.048309
0.020382
0.022582
0.022739
0.025935
0.022961
0.044431
0.022523
0.021532
0.026699
0.021209
0.021062
0.057569
0.021171
0.020731
0.021539
0.021182
0.021072
0.051419
0.020633
0.020379
0.019983
0.020375
0.021288
0.043168
0.020146
0.020548
0.023255
0.022775
0.022491
0.058356
0.023005
0.021966
0.02105
0.02308
0.030295
0.045067
0.021956
0.021322
0.021743
0.020847
0.020734
0.049238
0.02372
0.024215
0.024518
0.022442
0.021672
0.059215
NaN
0.021765
0.022259
0.022037
0.020907
0.022185
0.046269
0.02787
0.021578
0.022496
0.021009
0.024833
0.046574
0.021509
0.021332
0.021779
0.021477
0.029465
0.049573
0.021547
0.020908
0.020692
0.033179
0.021873
0.050143
0.030477
0.020627
0.020815
0.021672
0.02164
0.053702
0.021819
0.021452
0.020951
0.021051
0.02093
0.046764
0.028672
0.020912
0.026163
0.021245
0.022595
0.045346
0.030513
0.020912
0.022639
0.027213
0.020571
0.045121
0.021025
0.023092
0.034415
0.020886
0.021157
0.05194
0.027693
0.022331
0.021469
0.020911
0.032318
0.061188
0.022232
0.03185
0.022841
0.031676
0.021267
0.045276
0.021523
0.022149
