1.1771
0.14632
0.084243
0.073732
0.090496
0.078336
0.046563
0.046484
0.044847
0.031772
0.022079
0.019879
0.019169
0.020391
0.047064
0.020655
0.02733
0.021257
0.021308
0.020847
0.043868
0.021199
0.020891
0.020689
0.024696
0.021378
0.044054
0.021584
0.022035
0.025729
0.02922
0.03075
0.05496
0.024538
0.027384
0.027189
0.024325
0.020334
0.042059
0.020504
0.022034
0.028611
0.020898
0.020904
0.043459
0.019491
0.019503
0.020666
0.020147
0.01955
0.041162
0.020397
0.019112
0.019799
0.019749
0.022664
0.047812
0.024974
0.02128
0.020858
0.02025
0.022572
0.045835
0.019743
0.03982
0.020349
0.020113
0.02062
0.053961
0.020883
0.026813
0.019015
0.02986
0.018944
0.044062
0.020712
0.019865
0.020223
0.021065
0.019869
0.04133
0.019691
0.021284
0.021132
0.021211
0.019629
0.042498
0.019955
0.019796
0.023833
0.024617
0.019606
0.0537
0.024277
0.019619
0.020161
0.033716
0.021354
0.052129
0.023011
0.021101
0.021406
0.022082
0.020958
0.048114
0.027566
0.01927
0.018745
0.020342
0.026124
0.048831
0.018285
0.019855
0.019541
0.019481
0.019589
0.043544
0.020342
0.030965
0.019278
0.018778
0.019098
0.052583
0.02444
0.019581
0.027867
0.019074
0.019842
0.046673
0.024366
0.024609
0.022494
0.021474
0.021657
0.048167
0.036137
0.019992
0.019722
0.024621
0.019848
0.045966
0.021041
0.02016
0.019642
0.019877
0.019438
0.046282
0.023912
0.02541
0.024346
0.021816
0.022051
0.044775
0.021558
0.020318
0.020162
0.019891
0.024636
0.051773
0.018931
0.019456
0.018551
0.019444
0.019464
0.045764
0.020282
0.022748
0.019607
0.029342
0.023519
0.043031
0.020267
0.019418
0.025393
0.027352
0.021917
0.045555
0.021093
0.020489
0.020549
0.020959
0.021543
0.043874
0.020548
0.020654
0.021379
0.02053
0.025956
0.048038
0.027817
0.020015
0.022177
0.020875
0.021399
0.049864
0.022248
0.022446
0.020399
0.039363
0.019766
0.043658
0.019683
0.028887
0.023601
0.021984
0.020281
0.047084
0.020901
0.019841
0.019291
0.019375
0.022142
0.044622
0.019139
0.020209
0.020272
0.020933
0.030384
0.045028
0.019685
0.019726
0.022577
0.020066
0.019416
0.045904
0.019125
0.020042
0.020307
0.025414
0.019246
0.045249
0.020428
0.020589
0.022689
0.027092
0.019085
0.042
0.019329
0.020622
0.01982
0.020362
0.019719
0.050011
0.024298
0.02104
0.022448
0.029368
0.025207
0.042369
0.030244
0.024641
0.021072
0.020059
0.022457
0.042756
0.019926
0.023187
0.020565
0.020699
0.020528
0.043744
0.02002
0.02864
0.022994
0.019727
0.020179
0.044346
0.024865
0.026344
0.022999
0.02267
0.022025
0.054611
0.021329
0.021897
0.020893
0.020978
0.021193
0.047585
0.021267
0.022842
0.02091
0.020543
0.020339
0.048971
0.020864
0.025516
0.031764
0.021423
0.021797
0.0495
0.020948
0.022497
0.021652
0.022661
0.021942
0.049126
0.021411
0.023559
0.023596
0.025316
0.022404
0.049073
0.021922
0.023501
0.022761
0.02147
0.022618
0.050252
0.01997
0.019809
0.019785
0.023753
0.019527
0.052285
0.020231
0.020103
0.020843
0.023224
0.020456
0.042348
0.01975
0.018951
0.031377
0.023105
0.025212
0.049824
0.023166
0.024977
0.019122
0.019355
0.020072
0.042287
0.019715
0.021314
0.022103
0.028523
0.020406
0.053105
0.025485
0.019632
0.020372
0.02019
0.01963
0.042239
0.023508
0.021535
0.021045
0.01941
0.019874
0.040971
0.02311
0.023707
0.024138
0.020136
0.028641
0.042006
0.021114
0.018604
0.021788
0.021217
0.032404
0.048364
0.025084
0.02394
0.023747
0.02134
0.022563
0.05065
0.027748
0.022416
0.02168
0.022671
0.022437
0.050864
0.035344
0.021023
0.022283
0.020793
0.030193
0.044426
0.020856
0.020085
0.020968
0.020718
0.02029
0.040873
0.03897
0.020189
0.019688
0.02044
0.022689
0.046381
0.020802
0.026285
0.020668
0.028426
0.03334
0.040921
0.01995
0.022478
0.028994
0.020175
0.021488
0.04263
0.022364
0.023034
0.019467
0.020359
0.024965
0.050258
0.024706
0.020567
0.027751
0.024136
0.020162
0.041048
0.019654
0.020466
0.031424
0.021009
0.019879
0.041219
0.019084
0.020152
0.019629
0.019373
0.020158
0.042196
0.020689
0.019332
0.019648
0.029964
0.021161
0.044803
0.021033
0.019724
0.020005
0.019969
0.019166
0.041215
0.01884
0.018374
0.019622
0.019992
0.020522
0.045997
0.020457
0.019941
0.019799
0.020889
0.019207
0.042096
0.021092
0.019105
0.018981
0.018521
0.019067
0.039836
0.019724
0.019168
0.018477
0.018441
0.033054
0.040429
0.027292
0.024141
0.024476
0.024095
0.023701
0.047666
0.02199
0.029679
0.024837
0.023573
0.018587
0.040384
0.026016
0.017842
0.018661
0.018568
0.017387
0.041286
0.018504
0.02572
0.024348
0.018761
0.019248
0.04959
0.018411
0.018864
0.019307
0.019083
0.018452
0.041366
0.018656
0.018798
0.018086
0.018524
0.018677
0.041519
0.019351
0.018908
0.022071
0.019019
0.019636
0.040521
0.018229
0.018958
0.019653
0.019228
0.020257
0.044486
0.021573
0.026146
0.024273
0.01984
0.018558
0.045593
0.017615
0.01906
0.01908
0.019092
0.019231
0.042268
0.018148
0.017183
0.022814
0.021767
0.027993
0.0481
0.023603
0.024112
0.018474
0.018409
0.019321
0.042502
0.017016
0.019247
0.019022
0.019467
0.021557
0.046116
0.019851
0.019866
0.021216
0.020652
0.020157
0.048222
0.021558
0.020678
0.021901
0.022159
0.020345
0.049069
0.019295
0.019101
0.019028
0.020668
0.019318
0.040315
0.018146
0.019801
0.020953
0.018709
0.019214
0.040427
0.022071
0.020914
0.019585
0.019149
0.019958
0.041711
0.018386
0.019051
0.018925
0.019091
0.019281
0.040667
0.018816
0.020301
0.021213
0.019841
0.027738
0.043016
0.019274
0.018121
0.018469
0.019524
0.025477
0.040906
0.019601
0.01889
0.018989
0.019179
0.020298
0.04992
0.019668
0.019774
0.018999
0.019389
0.019469
0.040137
0.018755
0.02478
0.025211
0.018117
0.019086
0.042244
0.019615
0.01922
0.019341
0.019581
0.019353
0.040889
0.019478
0.018698
0.018604
0.019349
0.019718
0.040411
0.018934
0.018947
0.019581
0.019348
0.019472
0.041102
0.019689
0.019261
0.01881
0.019323
0.031488
0.040049
0.01924
0.01876
0.031642
0.019356
0.028115
0.040307
0.020898
0.024214
0.019621
0.018913
0.018939
0.041242
0.018011
0.01875
0.019564
0.019401
0.031163
0.041447
0.019544
0.018959
0.018555
0.019602
0.019031
0.040126
0.031214
0.018908
0.019211
0.023564
