0.000149,0.000117,0.000124,0,0,0,0,0,0,0,0,0,0,0,0
0.22173,0.20244,0.22578,0,0,0,0,0,0,0,0,0,0,0,0
0.00341,0.003548,0.003491,0,0,0,0,0,0,0,0,0,0,0,0
0.003301,0.003033,0.003199,0,0,0,0,0,0,0,0,0,0,0,0
0.003184,0.003443,0.003461,0,0,0,0,0,0,0,0,0,0,0,0
0.003197,0.004015,0.003961,0,0,0,0,0,0,0,0,0,0,0,0
0.003182,0.00627,0.006931,0,0,0,0,0,0,0,0,0,0,0,0
0.00335,0.006197,0.005862,0,0,0,0,0,0,0,0,0,0,0,0
0.003208,0.0055,0.005211,0,0,0,0,0,0,0,0,0,0,0,0
0.003281,0.004871,0.0044,0,0,0,0,0,0,0,0,0,0,0,0
0.003745,0.004143,0.004296,0,0,0,0,0,0,0,0,0,0,0,0
0.003779,0.004038,0.003826,0,0,0,0,0,0,0,0,0,0,0,0
0.003671,0.003598,0.003498,0,0,0,0,0,0,0,0,0,0,0,0
0.003277,0.003594,0.003483,0,0,0,0,0,0,0,0,0,0,0,0
0.003438,0.004027,0.003362,0,0,0,0,0,0,0,0,0,0,0,0
0.00323,0.003525,0.003448,0,0,0,0,0,0,0,0,0,0,0,0
0.003263,0.004048,0.003239,0,0,0,0,0,0,0,0,0,0,0,0
0.003177,0.006323,0.003238,0,0,0,0,0,0,0,0,0,0,0,0
0.003391,0.005699,0.003257,0,0,0,0,0,0,0,0,0,0,0,0
0.003371,0.006081,0.003255,0,0,0,0,0,0,0,0,0,0,0,0
0.003406,0.004629,0.003209,0,0,0,0,0,0,0,0,0,0,0,0
0.003397,0.004206,0.003335,0,0,0,0,0,0,0,0,0,0,0,0
0.003268,0.003779,0.003368,0,0,0,0,0,0,0,0,0,0,0,0
0.003405,0.003648,0.003524,0,0,0,0,0,0,0,0,0,0,0,0
0.003241,0.003311,0.003238,0,0,0,0,0,0,0,0,0,0,0,0
0.0037,0.003182,0.003553,0,0,0,0,0,0,0,0,0,0,0,0
0.003382,0.003635,0.003446,0,0,0,0,0,0,0,0,0,0,0,0
0.003469,0.003144,0.003542,0,0,0,0,0,0,0,0,0,0,0,0
0.003373,0.003187,0.003227,0,0,0,0,0,0,0,0,0,0,0,0
0.003501,0.003118,0.003299,0,0,0,0,0,0,0,0,0,0,0,0
0.003366,0.003356,0.003224,0,0,0,0,0,0,0,0,0,0,0,0
0.003487,0.003158,0.003478,0,0,0,0,0,0,0,0,0,0,0,0
0.004093,0.003171,0.003271,0,0,0,0,0,0,0,0,0,0,0,0
0.006324,0.003154,0.003838,0,0,0,0,0,0,0,0,0,0,0,0
0.005909,0.003153,0.006951,0,0,0,0,0,0,0,0,0,0,0,0
0.005861,0.003222,0.00616,0,0,0,0,0,0,0,0,0,0,0,0
0.004415,0.003082,0.005414,0,0,0,0,0,0,0,0,0,0,0,0
0.004474,0.003448,0.004976,0,0,0,0,0,0,0,0,0,0,0,0
0.006506,0.003552,0.004865,0,0,0,0,0,0,0,0,0,0,0,0
0.006548,0.003499,0.004197,0,0,0,0,0,0,0,0,0,0,0,0
0.00599,0.003429,0.00394,0,0,0,0,0,0,0,0,0,0,0,0
0.00477,0.003697,0.003928,0,0,0,0,0,0,0,0,0,0,0,0
0.004636,0.003493,0.003633,0,0,0,0,0,0,0,0,0,0,0,0
0.003947,0.003735,0.003677,0,0,0,0,0,0,0,0,0,0,0,0
NaN,NaN,NaN,0,0,0,0,0,0,0,0,0,0,0,0
NaN,NaN,NaN,0,0,0,0,0,0,0,0,0,0,0,0
NaN,NaN,NaN,0,0,0,0,0,0,0,0,0,0,0,0
NaN,NaN,NaN,0,0,0,0,0,0,0,0,0,0,0,0
0.000155,0.000185,0.000186,0,0,0,0,0,0,0,0,0,0,0,0
0.21392,0.21539,0.22132,0,0,0,0,0,0,0,0,0,0,0,0
0.003796,0.003477,0.004271,0,0,0,0,0,0,0,0,0,0,0,0
0.00356,0.003471,0.003794,0,0,0,0,0,0,0,0,0,0,0,0
0.003449,0.003197,0.003325,0,0,0,0,0,0,0,0,0,0,0,0
0.003517,0.003276,0.003418,0,0,0,0,0,0,0,0,0,0,0,0
0.00377,0.003241,0.003959,0,0,0,0,0,0,0,0,0,0,0,0
0.006249,0.003334,0.003439,0,0,0,0,0,0,0,0,0,0,0,0
0.006135,0.003529,0.003449,0,0,0,0,0,0,0,0,0,0,0,0
0.005748,0.003286,0.003477,0,0,0,0,0,0,0,0,0,0,0,0
0.004958,0.003278,0.003308,0,0,0,0,0,0,0,0,0,0,0,0
0.004406,0.003379,0.003282,0,0,0,0,0,0,0,0,0,0,0,0
0.004782,0.003341,0.00347,0,0,0,0,0,0,0,0,0,0,0,0
0.003765,0.003256,0.003347,0,0,0,0,0,0,0,0,0,0,0,0
0.003766,0.00336,0.003362,0,0,0,0,0,0,0,0,0,0,0,0
0.0034,0.003414,0.003207,0,0,0,0,0,0,0,0,0,0,0,0
0.003364,0.003166,0.00424,0,0,0,0,0,0,0,0,0,0,0,0
0.003343,0.003095,0.003217,0,0,0,0,0,0,0,0,0,0,0,0
0.003445,0.003084,0.003349,0,0,0,0,0,0,0,0,0,0,0,0
0.003152,0.003431,0.00337,0,0,0,0,0,0,0,0,0,0,0,0
0.003216,0.003325,0.003351,0,0,0,0,0,0,0,0,0,0,0,0
0.003669,0.00345,0.004377,0,0,0,0,0,0,0,0,0,0,0,0
0.003206,0.00329,0.003484,0,0,0,0,0,0,0,0,0,0,0,0
0.003599,0.003696,0.003221,0,0,0,0,0,0,0,0,0,0,0,0
0.00352,0.00337,0.003221,0,0,0,0,0,0,0,0,0,0,0,0
0.003368,0.003499,0.003266,0,0,0,0,0,0,0,0,0,0,0,0
0.003367,0.003609,0.004688,0,0,0,0,0,0,0,0,0,0,0,0
0.003306,0.003418,0.003169,0,0,0,0,0,0,0,0,0,0,0,0
0.003652,0.003483,0.003147,0,0,0,0,0,0,0,0,0,0,0,0
0.003337,0.003227,0.003222,0,0,0,0,0,0,0,0,0,0,0,0
0.003542,0.003375,0.003439,0,0,0,0,0,0,0,0,0,0,0,0
0.003398,0.003402,0.003581,0,0,0,0,0,0,0,0,0,0,0,0
0.003383,0.003362,0.003481,0,0,0,0,0,0,0,0,0,0,0,0
0.003363,0.003563,0.003289,0,0,0,0,0,0,0,0,0,0,0,0
0.003285,0.003565,0.003234,0,0,0,0,0,0,0,0,0,0,0,0
0.003682,0.003265,0.003276,0,0,0,0,0,0,0,0,0,0,0,0
0.003357,0.003506,0.003199,0,0,0,0,0,0,0,0,0,0,0,0
0.003455,0.003555,0.003128,0,0,0,0,0,0,0,0,0,0,0,0
0.003316,0.003317,0.003307,0,0,0,0,0,0,0,0,0,0,0,0
0.003558,0.003431,0.004722,0,0,0,0,0,0,0,0,0,0,0,0
0.003217,0.003263,0.003529,0,0,0,0,0,0,0,0,0,0,0,0
0.003641,0.003513,0.003598,0,0,0,0,0,0,0,0,0,0,0,0
0.003306,0.003366,0.00317,0,0,0,0,0,0,0,0,0,0,0,0
0.003579,0.003409,0.003548,0,0,0,0,0,0,0,0,0,0,0,0
0.003226,0.003527,0.003298,0,0,0,0,0,0,0,0,0,0,0,0
0.003436,0.00338,0.003147,0,0,0,0,0,0,0,0,0,0,0,0
0.00364,0.003526,0.003177,0,0,0,0,0,0,0,0,0,0,0,0
0.003333,0.004325,0.0036,0,0,0,0,0,0,0,0,0,0,0,0
0.003547,0.003232,0.003576,0,0,0,0,0,0,0,0,0,0,0,0
0.003376,0.003125,0.003227,0,0,0,0,0,0,0,0,0,0,0,0
0.003529,0.003115,0.003247,0,0,0,0,0,0,0,0,0,0,0,0
0.003428,0.003587,0.003426,0,0,0,0,0,0,0,0,0,0,0,0
0.003501,0.003245,0.003677,0,0,0,0,0,0,0,0,0,0,0,0
0.003285,0.00391,0.003198,0,0,0,0,0,0,0,0,0,0,0,0
0.003574,0.003101,0.003474,0,0,0,0,0,0,0,0,0,0,0,0
0.004018,0.003494,0.003479,0,0,0,0,0,0,0,0,0,0,0,0
0.006509,0.003544,0.003493,0,0,0,0,0,0,0,0,0,0,0,0
0.00632,0.003171,0.003362,0,0,0,0,0,0,0,0,0,0,0,0
0.006089,0.003499,0.003445,0,0,0,0,0,0,0,0,0,0,0,0
0.005223,0.003689,0.003495,0,0,0,0,0,0,0,0,0,0,0,0
0.004773,0.003867,0.003643,0,0,0,0,0,0,0,0,0,0,0,0
0.004455,0.006362,0.003281,0,0,0,0,0,0,0,0,0,0,0,0
0.00403,0.005926,0.003245,0,0,0,0,0,0,0,0,0,0,0,0
0.003724,0.005564,0.003507,0,0,0,0,0,0,0,0,0,0,0,0
0.003735,0.004332,0.004357,0,0,0,0,0,0,0,0,0,0,0,0
0.004738,0.00402,0.003185,0,0,0,0,0,0,0,0,0,0,0,0
0.003563,0.003897,0.004376,0,0,0,0,0,0,0,0,0,0,0,0
0.003196,0.003417,0.003147,0,0,0,0,0,0,0,0,0,0,0,0
0.003748,0.00359,0.003285,0,0,0,0,0,0,0,0,0,0,0,0
0.003328,0.003173,0.003333,0,0,0,0,0,0,0,0,0,0,0,0
0.003266,0.003116,0.003197,0,0,0,0,0,0,0,0,0,0,0,0
0.003663,0.003471,0.003132,0,0,0,0,0,0,0,0,0,0,0,0
0.003265,0.00319,0.003299,0,0,0,0,0,0,0,0,0,0,0,0
0.00362,0.0033,0.003435,0,0,0,0,0,0,0,0,0,0,0,0
0.003368,0.00332,0.003452,0,0,0,0,0,0,0,0,0,0,0,0
0.0035,0.003203,0.003463,0,0,0,0,0,0,0,0,0,0,0,0
0.003442,0.003149,0.004591,0,0,0,0,0,0,0,0,0,0,0,0
0.003536,0.003261,0.003227,0,0,0,0,0,0,0,0,0,0,0,0
0.003224,0.00336,0.003238,0,0,0,0,0,0,0,0,0,0,0,0
0.003667,0.003136,0.003419,0,0,0,0,0,0,0,0,0,0,0,0
0.003367,0.003848,0.003265,0,0,0,0,0,0,0,0,0,0,0,0
0.003519,0.006554,0.003243,0,0,0,0,0,0,0,0,0,0,0,0
0.004074,0.006459,0.003167,0,0,0,0,0,0,0,0,0,0,0,0
0.0038,0.006129,0.003455,0,0,0,0,0,0,0,0,0,0,0,0
0.003561,0.005531,0.003469,0,0,0,0,0,0,0,0,0,0,0,0
0.003696,0.004514,0.003384,0,0,0,0,0,0,0,0,0,0,0,0
0.003557,0.00453,0.003199,0,0,0,0,0,0,0,0,0,0,0,0
0.003244,0.004153,0.003279,0,0,0,0,0,0,0,0,0,0,0,0
0.00377,0.004411,0.003395,0,0,0,0,0,0,0,0,0,0,0,0
0.003334,0.003571,0.004002,0,0,0,0,0,0,0,0,0,0,0,0
0.003346,0.003666,0.003154,0,0,0,0,0,0,0,0,0,0,0,0
0.003403,0.003258,0.003134,0,0,0,0,0,0,0,0,0,0,0,0
0.003441,0.003346,0.003438,0,0,0,0,0,0,0,0,0,0,0,0
0.003527,0.003558,0.00383,0,0,0,0,0,0,0,0,0,0,0,0
0.003157,0.003559,0.003239,0,0,0,0,0,0,0,0,0,0,0,0
0.003141,0.003266,0.003368,0,0,0,0,0,0,0,0,0,0,0,0
0.003135,0.003597,0.003171,0,0,0,0,0,0,0,0,0,0,0,0
0.003417,0.00341,0.003408,0,0,0,0,0,0,0,0,0,0,0,0
0.003399,0.003493,0.003309,0,0,0,0,0,0,0,0,0,0,0,0
0.003338,0.003463,0.003318,0,0,0,0,0,0,0,0,0,0,0,0
0.003088,0.003348,0.003242,0,0,0,0,0,0,0,0,0,0,0,0
0.003432,0.003691,0.004467,0,0,0,0,0,0,0,0,0,0,0,0
0.00338,0.003324,0.004558,0,0,0,0,0,0,0,0,0,0,0,0
0.003541,0.003516,0.003609,0,0,0,0,0,0,0,0,0,0,0,0
0.003893,0.003531,0.003316,0,0,0,0,0,0,0,0,0,0,0,0
0.006363,0.003283,0.003605,0,0,0,0,0,0,0,0,0,0,0,0
0.005721,0.003595,0.00319,0,0,0,0,0,0,0,0,0,0,0,0
0.006159,0.003492,0.003599,0,0,0,0,0,0,0,0,0,0,0,0
0.004291,0.003458,0.003271,0,0,0,0,0,0,0,0,0,0,0,0
0.00442,0.003319,0.004156,0,0,0,0,0,0,0,0,0,0,0,0
0.003453,0.003571,0.006272,0,0,0,0,0,0,0,0,0,0,0,0
0.003473,0.003428,0.005884,0,0,0,0,0,0,0,0,0,0,0,0
0.003433,0.003493,0.004483,0,0,0,0,0,0,0,0,0,0,0,0
0.003175,0.003521,0.004924,0,0,0,0,0,0,0,0,0,0,0,0
0.003243,0.003371,0.00374,0,0,0,0,0,0,0,0,0,0,0,0
0.003506,0.003479,0.003764,0,0,0,0,0,0,0,0,0,0,0,0
0.003482,0.003268,0.003976,0,0,0,0,0,0,0,0,0,0,0,0
0.003503,0.003783,0.006387,0,0,0,0,0,0,0,0,0,0,0,0
0.003202,0.003253,0.006375,0,0,0,0,0,0,0,0,0,0,0,0
0.003206,0.003583,0.006158,0,0,0,0,0,0,0,0,0,0,0,0
0.003291,0.00335,0.005364,0,0,0,0,0,0,0,0,0,0,0,0
0.003185,0.003446,0.004343,0,0,0,0,0,0,0,0,0,0,0,0
0.003498,0.003465,0.00444,0,0,0,0,0,0,0,0,0,0,0,0
0.003194,0.003568,0.003872,0,0,0,0,0,0,0,0,0,0,0,0
0.003592,0.003473,0.004402,0,0,0,0,0,0,0,0,0,0,0,0
0.003221,0.0035,0.007333,0,0,0,0,0,0,0,0,0,0,0,0
0.00322,0.003328,0.006616,0,0,0,0,0,0,0,0,0,0,0,0
0.003307,0.003457,0.005729,0,0,0,0,0,0,0,0,0,0,0,0
0.004547,0.003773,0.004836,0,0,0,0,0,0,0,0,0,0,0,0
0.00417,0.003791,0.004803,0,0,0,0,0,0,0,0,0,0,0,0
0.005777,0.003757,0.003665,0,0,0,0,0,0,0,0,0,0,0,0
0.006427,0.003441,0.003744,0,0,0,0,0,0,0,0,0,0,0,0
0.006357,0.003207,0.003341,0,0,0,0,0,0,0,0,0,0,0,0
0.005228,0.003839,0.003256,0,0,0,0,0,0,0,0,0,0,0,0
0.005362,0.003492,0.003328,0,0,0,0,0,0,0,0,0,0,0,0
0.004075,0.003612,0.003107,0,0,0,0,0,0,0,0,0,0,0,0
0.004806,0.003419,0.003665,0,0,0,0,0,0,0,0,0,0,0,0
0.003643,0.003193,0.003309,0,0,0,0,0,0,0,0,0,0,0,0
0.003604,0.003217,0.00337,0,0,0,0,0,0,0,0,0,0,0,0
0.00339,0.003536,0.003527,0,0,0,0,0,0,0,0,0,0,0,0
0.003364,0.003235,0.003235,0,0,0,0,0,0,0,0,0,0,0,0
0.003366,0.003213,0.003208,0,0,0,0,0,0,0,0,0,0,0,0
0.00371,0.003352,0.003467,0,0,0,0,0,0,0,0,0,0,0,0
0.006375,0.003152,0.003229,0,0,0,0,0,0,0,0,0,0,0,0
0.006325,0.003674,0.003376,0,0,0,0,0,0,0,0,0,0,0,0
0.005318,0.003188,0.003393,0,0,0,0,0,0,0,0,0,0,0,0
0.005266,0.004263,0.003315,0,0,0,0,0,0,0,0,0,0,0,0
0.003972,0.006646,0.003274,0,0,0,0,0,0,0,0,0,0,0,0
0.004137,0.006409,0.003514,0,0,0,0,0,0,0,0,0,0,0,0
0.004037,0.005518,0.00345,0,0,0,0,0,0,0,0,0,0,0,0
0.003802,0.005243,0.003475,0,0,0,0,0,0,0,0,0,0,0,0
0.003488,0.004672,0.003449,0,0,0,0,0,0,0,0,0,0,0,0
0.003502,0.004064,0.003363,0,0,0,0,0,0,0,0,0,0,0,0
0.003293,0.003546,0.004653,0,0,0,0,0,0,0,0,0,0,0,0
0.003729,0.003492,0.003572,0,0,0,0,0,0,0,0,0,0,0,0
0.003196,0.0036,0.00363,0,0,0,0,0,0,0,0,0,0,0,0
0.003577,0.003577,0.003546,0,0,0,0,0,0,0,0,0,0,0,0
0.003479,0.00334,0.003636,0,0,0,0,0,0,0,0,0,0,0,0
0.003496,0.003987,0.003274,0,0,0,0,0,0,0,0,0,0,0,0
0.003397,0.00669,0.003161,0,0,0,0,0,0,0,0,0,0,0,0
0.00344,0.00644,0.00331,0,0,0,0,0,0,0,0,0,0,0,0
0.003302,0.005691,0.003297,0,0,0,0,0,0,0,0,0,0,0,0
0.006514,0.005919,0.003602,0,0,0,0,0,0,0,0,0,0,0,0
0.005662,0.004326,0.003308,0,0,0,0,0,0,0,0,0,0,0,0
0.005552,0.004352,0.00336,0,0,0,0,0,0,0,0,0,0,0,0
0.004552,0.003653,0.003229,0,0,0,0,0,0,0,0,0,0,0,0
0.004522,0.00375,0.003213,0,0,0,0,0,0,0,0,0,0,0,0
0.003652,0.00358,0.003509,0,0,0,0,0,0,0,0,0,0,0,0
0.003617,0.003257,0.003209,0,0,0,0,0,0,0,0,0,0,0,0
0.003383,0.003241,0.00325,0,0,0,0,0,0,0,0,0,0,0,0
0.003148,0.003364,0.003472,0,0,0,0,0,0,0,0,0,0,0,0
0.00334,0.003429,0.003309,0,0,0,0,0,0,0,0,0,0,0,0
0.003474,0.003815,0.003251,0,0,0,0,0,0,0,0,0,0,0,0
0.00343,0.003265,0.00334,0,0,0,0,0,0,0,0,0,0,0,0
0.003649,0.003509,0.003755,0,0,0,0,0,0,0,0,0,0,0,0
0.003407,0.003448,0.003359,0,0,0,0,0,0,0,0,0,0,0,0
NaN,NaN,NaN,0,0,0,0,0,0,0,0,0,0,0,0
NaN,NaN,NaN,0,0,0,0,0,0,0,0,0,0,0,0
NaN,NaN,NaN,0,0,0,0,0,0,0,0,0,0,0,0
NaN,NaN,NaN,0,0,0,0,0,0,0,0,0,0,0,0
0.000165,0.000169,0.000174,0,0,0,0,0,0,0,0,0,0,0,0
0.22432,0.21137,0.217,0,0,0,0,0,0,0,0,0,0,0,0
0.006472,0.00373,0.003712,0,0,0,0,0,0,0,0,0,0,0,0
0.005272,0.003372,0.003497,0,0,0,0,0,0,0,0,0,0,0,0
0.004897,0.003541,0.003325,0,0,0,0,0,0,0,0,0,0,0,0
0.005035,0.003384,0.003461,0,0,0,0,0,0,0,0,0,0,0,0
0.004197,0.00358,0.0037,0,0,0,0,0,0,0,0,0,0,0,0
0.003918,0.003416,0.003473,0,0,0,0,0,0,0,0,0,0,0,0
0.003897,0.003675,0.003452,0,0,0,0,0,0,0,0,0,0,0,0
0.003592,0.003425,0.003417,0,0,0,0,0,0,0,0,0,0,0,0
0.004395,0.003453,0.003521,0,0,0,0,0,0,0,0,0,0,0,0
0.00689,0.003475,0.003977,0,0,0,0,0,0,0,0,0,0,0,0
0.00578,0.003406,0.003618,0,0,0,0,0,0,0,0,0,0,0,0
0.005437,0.003442,0.003582,0,0,0,0,0,0,0,0,0,0,0,0
0.004891,0.003441,0.003496,0,0,0,0,0,0,0,0,0,0,0,0
0.004516,0.003506,0.003421,0,0,0,0,0,0,0,0,0,0,0,0
0.003929,0.003588,0.003542,0,0,0,0,0,0,0,0,0,0,0,0
0.003864,0.003432,0.003318,0,0,0,0,0,0,0,0,0,0,0,0
0.003402,0.003449,0.003802,0,0,0,0,0,0,0,0,0,0,0,0
0.003455,0.003768,0.003402,0,0,0,0,0,0,0,0,0,0,0,0
0.003587,0.003784,0.004428,0,0,0,0,0,0,0,0,0,0,0,0
0.003468,0.003523,0.003877,0,0,0,0,0,0,0,0,0,0,0,0
0.003525,0.003433,0.003906,0,0,0,0,0,0,0,0,0,0,0,0
0.003505,0.003481,0.003358,0,0,0,0,0,0,0,0,0,0,0,0
0.003822,0.003759,0.003309,0,0,0,0,0,0,0,0,0,0,0,0
0.004126,0.003659,0.003375,0,0,0,0,0,0,0,0,0,0,0,0
0.003603,0.003859,0.003469,0,0,0,0,0,0,0,0,0,0,0,0
0.003607,0.003438,0.003585,0,0,0,0,0,0,0,0,0,0,0,0
0.003407,0.003706,0.00338,0,0,0,0,0,0,0,0,0,0,0,0
0.003474,0.003367,0.003431,0,0,0,0,0,0,0,0,0,0,0,0
0.003396,0.003458,0.003543,0,0,0,0,0,0,0,0,0,0,0,0
0.003337,0.003777,0.003391,0,0,0,0,0,0,0,0,0,0,0,0
0.00348,0.003679,0.003589,0,0,0,0,0,0,0,0,0,0,0,0
0.003349,0.003514,0.003427,0,0,0,0,0,0,0,0,0,0,0,0
NaN,NaN,NaN,0,0,0,0,0,0,0,0,0,0,0,0
NaN,NaN,NaN,0,0,0,0,0,0,0,0,0,0,0,0
NaN,NaN,NaN,0,0,0,0,0,0,0,0,0,0,0,0
NaN,NaN,NaN,0,0,0,0,0,0,0,0,0,0,0,0
0.000162,0.000159,0.000213,0,0,0,0,0,0,0,0,0,0,0,0
0.22376,0.21143,0.24038,0,0,0,0,0,0,0,0,0,0,0,0
0.004153,0.00333,0.003625,0,0,0,0,0,0,0,0,0,0,0,0
0.003653,0.003375,0.003499,0,0,0,0,0,0,0,0,0,0,0,0
0.003113,0.003324,0.003628,0,0,0,0,0,0,0,0,0,0,0,0
0.004048,0.003458,0.003918,0,0,0,0,0,0,0,0,0,0,0,0
0.006344,0.003592,0.003899,0,0,0,0,0,0,0,0,0,0,0,0
0.005872,0.003443,0.004553,0,0,0,0,0,0,0,0,0,0,0,0
0.005674,0.003474,0.003683,0,0,0,0,0,0,0,0,0,0,0,0
0.004998,0.003397,0.004407,0,0,0,0,0,0,0,0,0,0,0,0
0.004391,0.003289,0.003567,0,0,0,0,0,0,0,0,0,0,0,0
0.003774,0.003275,0.003544,0,0,0,0,0,0,0,0,0,0,0,0
0.004142,0.003614,0.003817,0,0,0,0,0,0,0,0,0,0,0,0
0.003619,0.003497,0.003869,0,0,0,0,0,0,0,0,0,0,0,0
0.003534,0.003603,0.00372,0,0,0,0,0,0,0,0,0,0,0,0
0.003286,0.003245,0.003368,0,0,0,0,0,0,0,0,0,0,0,0
0.003698,0.003302,0.00323,0,0,0,0,0,0,0,0,0,0,0,0
0.003209,0.003524,0.003238,0,0,0,0,0,0,0,0,0,0,0,0
0.003429,0.003512,0.003591,0,0,0,0,0,0,0,0,0,0,0,0
0.003333,0.003614,0.003666,0,0,0,0,0,0,0,0,0,0,0,0
0.003594,0.003258,0.004124,0,0,0,0,0,0,0,0,0,0,0,0
0.003401,0.003206,0.003444,0,0,0,0,0,0,0,0,0,0,0,0
0.003331,0.003347,0.003508,0,0,0,0,0,0,0,0,0,0,0,0
0.003482,0.003376,0.003591,0,0,0,0,0,0,0,0,0,0,0,0
0.0033,0.003216,0.003517,0,0,0,0,0,0,0,0,0,0,0,0
0.003304,0.003634,0.003267,0,0,0,0,0,0,0,0,0,0,0,0
0.003716,0.00334,0.003221,0,0,0,0,0,0,0,0,0,0,0,0
0.003313,0.003387,0.003448,0,0,0,0,0,0,0,0,0,0,0,0
0.003713,0.003377,0.003675,0,0,0,0,0,0,0,0,0,0,0,0
0.003241,0.00351,0.003387,0,0,0,0,0,0,0,0,0,0,0,0
0.003225,0.003306,0.003205,0,0,0,0,0,0,0,0,0,0,0,0
0.003448,0.003525,0.00311,0,0,0,0,0,0,0,0,0,0,0,0
0.00347,0.003372,0.0033,0,0,0,0,0,0,0,0,0,0,0,0
0.003484,0.003402,0.003342,0,0,0,0,0,0,0,0,0,0,0,0
0.003171,0.003475,0.003612,0,0,0,0,0,0,0,0,0,0,0,0
0.003545,0.003457,0.003844,0,0,0,0,0,0,0,0,0,0,0,0
0.003348,0.003249,0.004094,0,0,0,0,0,0,0,0,0,0,0,0
0.003418,0.003666,0.00372,0,0,0,0,0,0,0,0,0,0,0,0
0.00346,0.003336,0.003166,0,0,0,0,0,0,0,0,0,0,0,0
0.003606,0.003571,0.003352,0,0,0,0,0,0,0,0,0,0,0,0
0.003285,0.003281,0.003529,0,0,0,0,0,0,0,0,0,0,0,0
0.003357,0.003955,0.003286,0,0,0,0,0,0,0,0,0,0,0,0
0.003414,0.006383,0.003355,0,0,0,0,0,0,0,0,0,0,0,0
0.003931,0.0061,0.004115,0,0,0,0,0,0,0,0,0,0,0,0
0.003145,0.004942,0.006592,0,0,0,0,0,0,0,0,0,0,0,0
0.003142,0.004595,0.005778,0,0,0,0,0,0,0,0,0,0,0,0
0.003624,0.004509,0.00536,0,0,0,0,0,0,0,0,0,0,0,0
0.003047,0.004538,0.004395,0,0,0,0,0,0,0,0,0,0,0,0
0.003809,0.003685,0.004496,0,0,0,0,0,0,0,0,0,0,0,0
0.003215,0.003682,0.00437,0,0,0,0,0,0,0,0,0,0,0,0
0.003276,0.003353,0.004233,0,0,0,0,0,0,0,0,0,0,0,0
0.003555,0.003268,0.003518,0,0,0,0,0,0,0,0,0,0,0,0
0.003459,0.003173,0.003396,0,0,0,0,0,0,0,0,0,0,0,0
0.003756,0.006316,0.003336,0,0,0,0,0,0,0,0,0,0,0,0
0.003359,0.006273,0.003085,0,0,0,0,0,0,0,0,0,0,0,0
0.003244,0.00614,0.003118,0,0,0,0,0,0,0,0,0,0,0,0
0.004104,0.005292,0.003346,0,0,0,0,0,0,0,0,0,0,0,0
0.006418,0.004186,0.003424,0,0,0,0,0,0,0,0,0,0,0,0
0.006267,0.004311,0.003549,0,0,0,0,0,0,0,0,0,0,0,0
0.006104,0.003701,0.003262,0,0,0,0,0,0,0,0,0,0,0,0
0.006375,0.003679,0.003341,0,0,0,0,0,0,0,0,0,0,0,0
0.00517,0.003557,0.003621,0,0,0,0,0,0,0,0,0,0,0,0
0.004497,0.003188,0.003521,0,0,0,0,0,0,0,0,0,0,0,0
0.004183,0.003957,0.003352,0,0,0,0,0,0,0,0,0,0,0,0
0.004116,0.006877,0.00325,0,0,0,0,0,0,0,0,0,0,0,0
0.004206,0.005762,0.003862,0,0,0,0,0,0,0,0,0,0,0,0
0.003777,0.005631,0.003328,0,0,0,0,0,0,0,0,0,0,0,0
0.003287,0.00443,0.003206,0,0,0,0,0,0,0,0,0,0,0,0
0.003111,0.004855,0.003346,0,0,0,0,0,0,0,0,0,0,0,0
0.003057,0.003663,0.003487,0,0,0,0,0,0,0,0,0,0,0,0
0.003326,0.003592,0.003383,0,0,0,0,0,0,0,0,0,0,0,0
0.003431,0.003572,0.003506,0,0,0,0,0,0,0,0,0,0,0,0
0.003526,0.003401,0.003868,0,0,0,0,0,0,0,0,0,0,0,0
0.003429,0.003348,0.006238,0,0,0,0,0,0,0,0,0,0,0,0
0.003629,0.003677,0.006084,0,0,0,0,0,0,0,0,0,0,0,0
0.003215,0.006119,0.005682,0,0,0,0,0,0,0,0,0,0,0,0
0.003536,0.006084,0.005167,0,0,0,0,0,0,0,0,0,0,0,0
0.003289,0.005753,0.004042,0,0,0,0,0,0,0,0,0,0,0,0
0.003415,0.005135,0.004635,0,0,0,0,0,0,0,0,0,0,0,0
NaN,NaN,NaN,0,0,0,0,0,0,0,0,0,0,0,0
NaN,NaN,NaN,0,0,0,0,0,0,0,0,0,0,0,0
NaN,NaN,NaN,0,0,0,0,0,0,0,0,0,0,0,0
NaN,NaN,NaN,0,0,0,0,0,0,0,0,0,0,0,0
0.000159,0.000148,0.000165,0,0,0,0,0,0,0,0,0,0,0,0
0.24081,0.20906,0.21882,0,0,0,0,0,0,0,0,0,0,0,0
0.004874,0.004894,0.005088,0,0,0,0,0,0,0,0,0,0,0,0
0.004669,0.004663,0.004977,0,0,0,0,0,0,0,0,0,0,0,0
0.004713,0.004394,0.004757,0,0,0,0,0,0,0,0,0,0,0,0
0.006887,0.0048,0.004513,0,0,0,0,0,0,0,0,0,0,0,0
0.007306,0.005308,0.00503,0,0,0,0,0,0,0,0,0,0,0,0
0.007066,0.00485,0.004863,0,0,0,0,0,0,0,0,0,0,0,0
0.006967,0.004697,0.004506,0,0,0,0,0,0,0,0,0,0,0,0
0.00672,0.004771,0.004458,0,0,0,0,0,0,0,0,0,0,0,0
0.007405,0.004427,0.004707,0,0,0,0,0,0,0,0,0,0,0,0
0.006967,0.004447,0.004576,0,0,0,0,0,0,0,0,0,0,0,0
0.006209,0.004433,0.005018,0,0,0,0,0,0,0,0,0,0,0,0
0.006427,0.004381,0.005766,0,0,0,0,0,0,0,0,0,0,0,0
0.004746,0.004499,0.004922,0,0,0,0,0,0,0,0,0,0,0,0
0.005015,0.004561,0.004486,0,0,0,0,0,0,0,0,0,0,0,0
0.005067,0.004481,0.004438,0,0,0,0,0,0,0,0,0,0,0,0
0.004637,0.004598,0.004997,0,0,0,0,0,0,0,0,0,0,0,0
0.005086,0.00455,0.004409,0,0,0,0,0,0,0,0,0,0,0,0
0.005226,0.004591,0.004387,0,0,0,0,0,0,0,0,0,0,0,0
0.00532,0.004434,0.004354,0,0,0,0,0,0,0,0,0,0,0,0
0.004562,0.004531,0.004598,0,0,0,0,0,0,0,0,0,0,0,0
0.004411,0.004994,0.004994,0,0,0,0,0,0,0,0,0,0,0,0
0.004668,0.004764,0.004801,0,0,0,0,0,0,0,0,0,0,0,0
0.005502,0.004808,0.004663,0,0,0,0,0,0,0,0,0,0,0,0
0.00717,0.004941,0.004917,0,0,0,0,0,0,0,0,0,0,0,0
0.007486,0.004789,0.004598,0,0,0,0,0,0,0,0,0,0,0,0
0.006538,0.004694,0.004507,0,0,0,0,0,0,0,0,0,0,0,0
0.004772,0.004684,0.006416,0,0,0,0,0,0,0,0,0,0,0,0
0.005207,0.004389,0.00652,0,0,0,0,0,0,0,0,0,0,0,0
0.004987,0.004508,0.006371,0,0,0,0,0,0,0,0,0,0,0,0
0.004598,0.005067,0.009947,0,0,0,0,0,0,0,0,0,0,0,0
0.005721,0.004482,0.005998,0,0,0,0,0,0,0,0,0,0,0,0
0.004608,0.004485,0.005246,0,0,0,0,0,0,0,0,0,0,0,0
0.004769,0.004974,0.004611,0,0,0,0,0,0,0,0,0,0,0,0
0.004991,0.0044,0.004749,0,0,0,0,0,0,0,0,0,0,0,0
0.004752,0.004535,0.004787,0,0,0,0,0,0,0,0,0,0,0,0
0.004626,0.00466,0.004652,0,0,0,0,0,0,0,0,0,0,0,0
0.004601,0.004325,0.004565,0,0,0,0,0,0,0,0,0,0,0,0
0.005277,0.004509,0.004513,0,0,0,0,0,0,0,0,0,0,0,0
0.006469,0.004502,0.004519,0,0,0,0,0,0,0,0,0,0,0,0
0.007907,0.004709,0.0048,0,0,0,0,0,0,0,0,0,0,0,0
0.006887,0.004505,0.005699,0,0,0,0,0,0,0,0,0,0,0,0
0.007648,0.004578,0.004584,0,0,0,0,0,0,0,0,0,0,0,0
0.006813,0.00494,0.004622,0,0,0,0,0,0,0,0,0,0,0,0
0.007239,0.004708,0.00483,0,0,0,0,0,0,0,0,0,0,0,0
0.007304,0.004805,0.00542,0,0,0,0,0,0,0,0,0,0,0,0
0.006798,0.004792,0.007735,0,0,0,0,0,0,0,0,0,0,0,0
0.005055,0.004759,0.006485,0,0,0,0,0,0,0,0,0,0,0,0
0.00509,0.004749,0.007139,0,0,0,0,0,0,0,0,0,0,0,0
0.005168,0.004448,0.007573,0,0,0,0,0,0,0,0,0,0,0,0
0.004792,0.004718,0.006116,0,0,0,0,0,0,0,0,0,0,0,0
0.004576,0.004617,0.006901,0,0,0,0,0,0,0,0,0,0,0,0
0.005165,0.004654,0.0105,0,0,0,0,0,0,0,0,0,0,0,0
0.005435,0.004488,0.007128,0,0,0,0,0,0,0,0,0,0,0,0
0.004594,0.004623,0.006053,0,0,0,0,0,0,0,0,0,0,0,0
0.005108,0.005051,0.005206,0,0,0,0,0,0,0,0,0,0,0,0
0.004756,0.004651,0.005041,0,0,0,0,0,0,0,0,0,0,0,0
0.005118,0.004502,0.006291,0,0,0,0,0,0,0,0,0,0,0,0
0.006949,0.004962,0.005291,0,0,0,0,0,0,0,0,0,0,0,0
0.007546,0.004577,0.005718,0,0,0,0,0,0,0,0,0,0,0,0
0.007297,0.004472,0.005917,0,0,0,0,0,0,0,0,0,0,0,0
0.007626,0.004963,0.005429,0,0,0,0,0,0,0,0,0,0,0,0
0.006361,0.004504,0.004832,0,0,0,0,0,0,0,0,0,0,0,0
0.004852,0.004475,0.008503,0,0,0,0,0,0,0,0,0,0,0,0
0.004691,0.005182,0.009017,0,0,0,0,0,0,0,0,0,0,0,0
0.00542,0.004815,0.006853,0,0,0,0,0,0,0,0,0,0,0,0
0.004757,0.004601,0.006472,0,0,0,0,0,0,0,0,0,0,0,0
0.004573,0.004713,0.005646,0,0,0,0,0,0,0,0,0,0,0,0
0.004444,0.004855,0.012821,0,0,0,0,0,0,0,0,0,0,0,0
0.00473,0.0047,0.009678,0,0,0,0,0,0,0,0,0,0,0,0
0.004583,0.004701,0.01097,0,0,0,0,0,0,0,0,0,0,0,0
0.005396,0.004912,0.006657,0,0,0,0,0,0,0,0,0,0,0,0
0.00497,0.004631,0.006404,0,0,0,0,0,0,0,0,0,0,0,0
0.004863,0.004921,0.004945,0,0,0,0,0,0,0,0,0,0,0,0
0.004507,0.00481,0.005587,0,0,0,0,0,0,0,0,0,0,0,0
0.004494,0.00523,0.004771,0,0,0,0,0,0,0,0,0,0,0,0
0.005164,0.005074,0.004916,0,0,0,0,0,0,0,0,0,0,0,0
0.004918,0.004828,0.006782,0,0,0,0,0,0,0,0,0,0,0,0
0.004788,0.004537,0.005861,0,0,0,0,0,0,0,0,0,0,0,0
0.004792,0.004794,0.00528,0,0,0,0,0,0,0,0,0,0,0,0
0.004743,0.005292,0.00462,0,0,0,0,0,0,0,0,0,0,0,0
0.004774,0.004705,0.008299,0,0,0,0,0,0,0,0,0,0,0,0
0.004285,0.004959,0.012058,0,0,0,0,0,0,0,0,0,0,0,0
0.006647,0.004683,0.008485,0,0,0,0,0,0,0,0,0,0,0,0
0.008911,0.004608,0.007002,0,0,0,0,0,0,0,0,0,0,0,0
0.00685,0.004724,0.005156,0,0,0,0,0,0,0,0,0,0,0,0
0.006068,0.004301,0.004942,0,0,0,0,0,0,0,0,0,0,0,0
0.00592,0.004348,0.005268,0,0,0,0,0,0,0,0,0,0,0,0
0.004684,0.004309,0.004815,0,0,0,0,0,0,0,0,0,0,0,0
0.004446,0.005022,0.004717,0,0,0,0,0,0,0,0,0,0,0,0
0.004905,0.005052,0.005173,0,0,0,0,0,0,0,0,0,0,0,0
0.005002,0.004687,0.005504,0,0,0,0,0,0,0,0,0,0,0,0
0.004982,0.004864,0.004996,0,0,0,0,0,0,0,0,0,0,0,0
0.008661,0.00509,0.004854,0,0,0,0,0,0,0,0,0,0,0,0
0.009279,0.005008,0.004612,0,0,0,0,0,0,0,0,0,0,0,0
0.007592,0.004897,0.005035,0,0,0,0,0,0,0,0,0,0,0,0
0.006047,0.004946,0.00515,0,0,0,0,0,0,0,0,0,0,0,0
0.005263,0.004642,0.0061,0,0,0,0,0,0,0,0,0,0,0,0
0.006888,0.004852,0.005676,0,0,0,0,0,0,0,0,0,0,0,0
0.008541,0.005034,0.004653,0,0,0,0,0,0,0,0,0,0,0,0
0.007733,0.004846,0.004639,0,0,0,0,0,0,0,0,0,0,0,0
0.006132,0.005479,0.008561,0,0,0,0,0,0,0,0,0,0,0,0
0.004844,0.00523,0.004838,0,0,0,0,0,0,0,0,0,0,0,0
0.004937,0.005329,0.005304,0,0,0,0,0,0,0,0,0,0,0,0
0.00464,0.004445,0.005753,0,0,0,0,0,0,0,0,0,0,0,0
0.004788,0.004706,0.005025,0,0,0,0,0,0,0,0,0,0,0,0
0.004735,0.004592,0.005164,0,0,0,0,0,0,0,0,0,0,0,0
0.004521,0.004552,0.004911,0,0,0,0,0,0,0,0,0,0,0,0
0.004751,0.004479,0.005675,0,0,0,0,0,0,0,0,0,0,0,0
0.004631,0.005125,0.004625,0,0,0,0,0,0,0,0,0,0,0,0
0.004811,0.005473,0.004683,0,0,0,0,0,0,0,0,0,0,0,0
0.004467,0.005004,0.005111,0,0,0,0,0,0,0,0,0,0,0,0
NaN,NaN,NaN,0,0,0,0,0,0,0,0,0,0,0,0
NaN,NaN,NaN,0,0,0,0,0,0,0,0,0,0,0,0
NaN,NaN,NaN,0,0,0,0,0,0,0,0,0,0,0,0
NaN,NaN,NaN,0,0,0,0,0,0,0,0,0,0,0,0
0.000159,0.000191,0.000119,0,0,0,0,0,0,0,0,0,0,0,0
0.20678,0.22393,0.26434,0,0,0,0,0,0,0,0,0,0,0,0
0.004498,0.005166,0.007218,0,0,0,0,0,0,0,0,0,0,0,0
0.004374,0.005255,0.00644,0,0,0,0,0,0,0,0,0,0,0,0
0.004286,0.004348,0.005865,0,0,0,0,0,0,0,0,0,0,0,0
0.004479,0.005394,0.005877,0,0,0,0,0,0,0,0,0,0,0,0
0.00529,0.004149,0.004363,0,0,0,0,0,0,0,0,0,0,0,0
0.004225,0.004318,0.005143,0,0,0,0,0,0,0,0,0,0,0,0
0.004542,0.004374,0.006859,0,0,0,0,0,0,0,0,0,0,0,0
0.004211,0.006642,0.007918,0,0,0,0,0,0,0,0,0,0,0,0
0.004352,0.00435,0.006048,0,0,0,0,0,0,0,0,0,0,0,0
0.004307,0.004498,0.005175,0,0,0,0,0,0,0,0,0,0,0,0
0.006434,0.004162,0.005726,0,0,0,0,0,0,0,0,0,0,0,0
NaN,NaN,NaN,0,0,0,0,0,0,0,0,0,0,0,0
NaN,NaN,NaN,0,0,0,0,0,0,0,0,0,0,0,0
NaN,NaN,NaN,0,0,0,0,0,0,0,0,0,0,0,0
NaN,NaN,NaN,0,0,0,0,0,0,0,0,0,0,0,0
0.000145,0.000294,0.000176,0,0,0,0,0,0,0,0,0,0,0,0
0.20804,0.23614,0.23477,0,0,0,0,0,0,0,0,0,0,0,0
0.003965,0.00476,0.003999,0,0,0,0,0,0,0,0,0,0,0,0
0.003999,0.00409,0.003919,0,0,0,0,0,0,0,0,0,0,0,0
0.004065,0.003742,0.003762,0,0,0,0,0,0,0,0,0,0,0,0
0.003955,0.003834,0.003791,0,0,0,0,0,0,0,0,0,0,0,0
0.00363,0.004013,0.005443,0,0,0,0,0,0,0,0,0,0,0,0
0.003978,0.004183,0.007258,0,0,0,0,0,0,0,0,0,0,0,0
0.0053,0.003826,0.007297,0,0,0,0,0,0,0,0,0,0,0,0
0.004274,0.003849,0.007268,0,0,0,0,0,0,0,0,0,0,0,0
0.004092,0.0037,0.006705,0,0,0,0,0,0,0,0,0,0,0,0
0.004122,0.003809,0.005736,0,0,0,0,0,0,0,0,0,0,0,0
0.004281,0.003983,0.005623,0,0,0,0,0,0,0,0,0,0,0,0
0.004373,0.004164,0.007885,0,0,0,0,0,0,0,0,0,0,0,0
0.003887,0.00368,0.007175,0,0,0,0,0,0,0,0,0,0,0,0
0.004061,0.00378,0.007839,0,0,0,0,0,0,0,0,0,0,0,0
0.003917,0.004041,0.006136,0,0,0,0,0,0,0,0,0,0,0,0
0.003873,0.004246,0.00496,0,0,0,0,0,0,0,0,0,0,0,0
0.004186,0.003881,0.00491,0,0,0,0,0,0,0,0,0,0,0,0
0.003808,0.003908,0.00423,0,0,0,0,0,0,0,0,0,0,0,0
0.003829,0.003838,0.004247,0,0,0,0,0,0,0,0,0,0,0,0
0.003901,0.003864,0.004058,0,0,0,0,0,0,0,0,0,0,0,0
0.003824,0.003894,0.003931,0,0,0,0,0,0,0,0,0,0,0,0
0.003866,0.003835,0.003852,0,0,0,0,0,0,0,0,0,0,0,0
0.004272,0.003811,0.003998,0,0,0,0,0,0,0,0,0,0,0,0
0.00397,0.004463,0.003777,0,0,0,0,0,0,0,0,0,0,0,0
0.003953,0.003772,0.003819,0,0,0,0,0,0,0,0,0,0,0,0
0.00399,0.003833,0.003717,0,0,0,0,0,0,0,0,0,0,0,0
0.004342,0.00381,0.004278,0,0,0,0,0,0,0,0,0,0,0,0
0.00436,0.004291,0.003761,0,0,0,0,0,0,0,0,0,0,0,0
0.004025,0.005222,0.003788,0,0,0,0,0,0,0,0,0,0,0,0
0.00444,0.003945,0.003747,0,0,0,0,0,0,0,0,0,0,0,0
0.004335,0.004025,0.00388,0,0,0,0,0,0,0,0,0,0,0,0
0.004415,0.00415,0.003806,0,0,0,0,0,0,0,0,0,0,0,0
0.004587,0.004125,0.0038,0,0,0,0,0,0,0,0,0,0,0,0
0.004112,0.003954,0.004368,0,0,0,0,0,0,0,0,0,0,0,0
0.004435,0.004023,0.003884,0,0,0,0,0,0,0,0,0,0,0,0
0.00437,0.00384,0.003814,0,0,0,0,0,0,0,0,0,0,0,0
0.004276,0.00385,0.003827,0,0,0,0,0,0,0,0,0,0,0,0
0.005044,0.003845,0.003675,0,0,0,0,0,0,0,0,0,0,0,0
0.003883,0.00394,0.003719,0,0,0,0,0,0,0,0,0,0,0,0
0.004171,0.003631,0.004175,0,0,0,0,0,0,0,0,0,0,0,0
0.003973,0.003551,0.003585,0,0,0,0,0,0,0,0,0,0,0,0
0.003594,0.003567,0.003556,0,0,0,0,0,0,0,0,0,0,0,0
0.004484,0.003633,0.003801,0,0,0,0,0,0,0,0,0,0,0,0
0.004113,0.003502,0.00375,0,0,0,0,0,0,0,0,0,0,0,0
0.003928,0.003507,0.003707,0,0,0,0,0,0,0,0,0,0,0,0
NaN,NaN,NaN,0,0,0,0,0,0,0,0,0,0,0,0
NaN,NaN,NaN,0,0,0,0,0,0,0,0,0,0,0,0
NaN,NaN,NaN,0,0,0,0,0,0,0,0,0,0,0,0
NaN,NaN,NaN,0,0,0,0,0,0,0,0,0,0,0,0
0.000108,0.000163,0.000164,0,0,0,0,0,0,0,0,0,0,0,0
0.20047,0.20941,0.25058,0,0,0,0,0,0,0,0,0,0,0,0
0.004783,0.004608,0.005364,0,0,0,0,0,0,0,0,0,0,0,0
0.004464,0.00438,0.0051,0,0,0,0,0,0,0,0,0,0,0,0
0.004414,0.004328,0.004831,0,0,0,0,0,0,0,0,0,0,0,0
0.004288,0.004214,0.004457,0,0,0,0,0,0,0,0,0,0,0,0
0.004494,0.004401,0.004882,0,0,0,0,0,0,0,0,0,0,0,0
0.004504,0.00431,0.004416,0,0,0,0,0,0,0,0,0,0,0,0
0.004757,0.005912,0.004691,0,0,0,0,0,0,0,0,0,0,0,0
0.004396,0.006354,0.005882,0,0,0,0,0,0,0,0,0,0,0,0
0.004488,0.00553,0.004871,0,0,0,0,0,0,0,0,0,0,0,0
0.004849,0.006019,0.004762,0,0,0,0,0,0,0,0,0,0,0,0
0.004351,0.005947,0.004319,0,0,0,0,0,0,0,0,0,0,0,0
0.00443,0.006265,0.00522,0,0,0,0,0,0,0,0,0,0,0,0
0.004397,0.005731,0.005272,0,0,0,0,0,0,0,0,0,0,0,0
0.004416,0.00598,0.005345,0,0,0,0,0,0,0,0,0,0,0,0
0.004325,0.005695,0.004826,0,0,0,0,0,0,0,0,0,0,0,0
0.004285,0.00576,0.011356,0,0,0,0,0,0,0,0,0,0,0,0
0.004446,0.005405,0.007921,0,0,0,0,0,0,0,0,0,0,0,0
0.004614,0.006248,0.008967,0,0,0,0,0,0,0,0,0,0,0,0
0.004644,0.004412,0.004503,0,0,0,0,0,0,0,0,0,0,0,0
0.004341,0.004052,0.004606,0,0,0,0,0,0,0,0,0,0,0,0
0.004908,0.004364,0.004394,0,0,0,0,0,0,0,0,0,0,0,0
0.004319,0.00398,0.004897,0,0,0,0,0,0,0,0,0,0,0,0
0.004374,0.004226,0.00484,0,0,0,0,0,0,0,0,0,0,0,0
0.004315,0.004727,0.00528,0,0,0,0,0,0,0,0,0,0,0,0
0.004192,0.004719,0.005019,0,0,0,0,0,0,0,0,0,0,0,0
0.004506,0.004473,0.00448,0,0,0,0,0,0,0,0,0,0,0,0
0.004461,0.004551,0.004532,0,0,0,0,0,0,0,0,0,0,0,0
0.004353,0.004253,0.008057,0,0,0,0,0,0,0,0,0,0,0,0
0.004367,0.004486,0.006708,0,0,0,0,0,0,0,0,0,0,0,0
0.004719,0.004242,0.004643,0,0,0,0,0,0,0,0,0,0,0,0
0.004429,0.004823,0.00545,0,0,0,0,0,0,0,0,0,0,0,0
0.004629,0.004211,0.006458,0,0,0,0,0,0,0,0,0,0,0,0
0.004354,0.004321,0.004991,0,0,0,0,0,0,0,0,0,0,0,0
0.004437,0.004281,0.005007,0,0,0,0,0,0,0,0,0,0,0,0
0.004323,0.004554,0.005192,0,0,0,0,0,0,0,0,0,0,0,0
0.0045,0.004688,0.005347,0,0,0,0,0,0,0,0,0,0,0,0
0.004382,0.004488,0.004548,0,0,0,0,0,0,0,0,0,0,0,0
0.00441,0.004911,0.004194,0,0,0,0,0,0,0,0,0,0,0,0
0.00486,0.004529,0.004612,0,0,0,0,0,0,0,0,0,0,0,0
0.004852,0.00444,0.004754,0,0,0,0,0,0,0,0,0,0,0,0
NaN,NaN,NaN,0,0,0,0,0,0,0,0,0,0,0,0
NaN,NaN,NaN,0,0,0,0,0,0,0,0,0,0,0,0
NaN,NaN,NaN,0,0,0,0,0,0,0,0,0,0,0,0
NaN,NaN,NaN,0,0,0,0,0,0,0,0,0,0,0,0
0.000146,0.000324,0.000183,0,0,0,0,0,0,0,0,0,0,0,0
0.21571,0.21488,0.23039,0,0,0,0,0,0,0,0,0,0,0,0
0.002994,0.003141,0.003145,0,0,0,0,0,0,0,0,0,0,0,0
0.00349,0.002693,0.003734,0,0,0,0,0,0,0,0,0,0,0,0
0.00342,0.003057,0.003288,0,0,0,0,0,0,0,0,0,0,0,0
0.00332,0.003734,0.002902,0,0,0,0,0,0,0,0,0,0,0,0
NaN,NaN,NaN,0,0,0,0,0,0,0,0,0,0,0,0
NaN,NaN,NaN,0,0,0,0,0,0,0,0,0,0,0,0
NaN,NaN,NaN,0,0,0,0,0,0,0,0,0,0,0,0
NaN,NaN,NaN,0,0,0,0,0,0,0,0,0,0,0,0
0.000171,0.000146,0.000321,0,0,0,0,0,0,0,0,0,0,0,0
0.21413,0.2249,0.25749,0,0,0,0,0,0,0,0,0,0,0,0
0.003098,0.003162,0.003451,0,0,0,0,0,0,0,0,0,0,0,0
0.003015,0.003077,0.003165,0,0,0,0,0,0,0,0,0,0,0,0
0.003341,0.002968,0.003475,0,0,0,0,0,0,0,0,0,0,0,0
0.003246,0.002888,0.004165,0,0,0,0,0,0,0,0,0,0,0,0
0.003221,0.002872,0.003606,0,0,0,0,0,0,0,0,0,0,0,0
0.003029,0.002839,0.003335,0,0,0,0,0,0,0,0,0,0,0,0
0.003162,0.002956,0.003438,0,0,0,0,0,0,0,0,0,0,0,0
0.002997,0.002963,0.003594,0,0,0,0,0,0,0,0,0,0,0,0
0.002929,0.002976,0.003733,0,0,0,0,0,0,0,0,0,0,0,0
0.003134,0.003179,0.00419,0,0,0,0,0,0,0,0,0,0,0,0
0.002974,0.003365,0.007314,0,0,0,0,0,0,0,0,0,0,0,0
0.002987,0.003253,0.007535,0,0,0,0,0,0,0,0,0,0,0,0
0.002898,0.003106,0.004747,0,0,0,0,0,0,0,0,0,0,0,0
NaN,NaN,NaN,0,0,0,0,0,0,0,0,0,0,0,0
NaN,NaN,NaN,0,0,0,0,0,0,0,0,0,0,0,0
NaN,NaN,NaN,0,0,0,0,0,0,0,0,0,0,0,0
NaN,NaN,NaN,0,0,0,0,0,0,0,0,0,0,0,0
0.000176,0.000179,0.000182,0,0,0,0,0,0,0,0,0,0,0,0
0.21606,0.21985,0.22671,0,0,0,0,0,0,0,0,0,0,0,0
0.002815,0.002796,0.004632,0,0,0,0,0,0,0,0,0,0,0,0
0.00286,0.002657,0.002906,0,0,0,0,0,0,0,0,0,0,0,0
0.002691,0.002713,0.003084,0,0,0,0,0,0,0,0,0,0,0,0
0.002979,0.002639,0.003021,0,0,0,0,0,0,0,0,0,0,0,0
0.002675,0.003184,0.002901,0,0,0,0,0,0,0,0,0,0,0,0
0.003273,0.003309,0.003596,0,0,0,0,0,0,0,0,0,0,0,0
0.0032,0.003378,0.004025,0,0,0,0,0,0,0,0,0,0,0,0
0.003128,0.003416,0.006143,0,0,0,0,0,0,0,0,0,0,0,0
0.002877,0.003351,0.003445,0,0,0,0,0,0,0,0,0,0,0,0
0.002968,0.002883,0.003375,0,0,0,0,0,0,0,0,0,0,0,0
0.002868,0.002863,0.003022,0,0,0,0,0,0,0,0,0,0,0,0
NaN,NaN,NaN,0,0,0,0,0,0,0,0,0,0,0,0
NaN,NaN,NaN,0,0,0,0,0,0,0,0,0,0,0,0
NaN,NaN,NaN,0,0,0,0,0,0,0,0,0,0,0,0
NaN,NaN,NaN,0,0,0,0,0,0,0,0,0,0,0,0
0.000171,0.000175,0.00015,0,0,0,0,0,0,0,0,0,0,0,0
0.20974,0.22814,0.23888,0,0,0,0,0,0,0,0,0,0,0,0
0.003007,0.002926,0.002963,0,0,0,0,0,0,0,0,0,0,0,0
0.002515,0.003291,0.002965,0,0,0,0,0,0,0,0,0,0,0,0
0.002757,0.003074,0.002863,0,0,0,0,0,0,0,0,0,0,0,0
0.002633,0.002996,0.003104,0,0,0,0,0,0,0,0,0,0,0,0
0.002649,0.003113,0.002685,0,0,0,0,0,0,0,0,0,0,0,0
NaN,NaN,NaN,0,0,0,0,0,0,0,0,0,0,0,0
NaN,NaN,NaN,0,0,0,0,0,0,0,0,0,0,0,0
NaN,NaN,NaN,0,0,0,0,0,0,0,0,0,0,0,0
NaN,NaN,NaN,0,0,0,0,0,0,0,0,0,0,0,0
0.000151,0.00018,0.000151,0,0,0,0,0,0,0,0,0,0,0,0
0.22003,0.21929,0.23052,0,0,0,0,0,0,0,0,0,0,0,0
0.003034,0.003079,0.003024,0,0,0,0,0,0,0,0,0,0,0,0
0.002793,0.002775,0.002702,0,0,0,0,0,0,0,0,0,0,0,0
0.00292,0.002807,0.003435,0,0,0,0,0,0,0,0,0,0,0,0
0.002781,0.002714,0.003206,0,0,0,0,0,0,0,0,0,0,0,0
0.002828,0.003481,0.002745,0,0,0,0,0,0,0,0,0,0,0,0
0.003188,0.002806,0.002789,0,0,0,0,0,0,0,0,0,0,0,0
0.002708,0.003313,0.002831,0,0,0,0,0,0,0,0,0,0,0,0
0.002767,0.003219,0.003105,0,0,0,0,0,0,0,0,0,0,0,0
0.002693,0.003188,0.00611,0,0,0,0,0,0,0,0,0,0,0,0
0.002831,0.003122,0.00565,0,0,0,0,0,0,0,0,0,0,0,0
0.002817,0.002733,0.005462,0,0,0,0,0,0,0,0,0,0,0,0
0.003057,0.00306,0.005498,0,0,0,0,0,0,0,0,0,0,0,0
NaN,NaN,NaN,0,0,0,0,0,0,0,0,0,0,0,0
NaN,NaN,NaN,0,0,0,0,0,0,0,0,0,0,0,0
NaN,NaN,NaN,0,0,0,0,0,0,0,0,0,0,0,0
NaN,NaN,NaN,0,0,0,0,0,0,0,0,0,0,0,0
0.00016,0.000166,0.000163,0,0,0,0,0,0,0,0,0,0,0,0
0.20842,0.23978,0.23681,0,0,0,0,0,0,0,0,0,0,0,0
0.002883,0.003658,0.003189,0,0,0,0,0,0,0,0,0,0,0,0
0.002698,0.003698,0.003008,0,0,0,0,0,0,0,0,0,0,0,0
0.002776,0.00318,0.002735,0,0,0,0,0,0,0,0,0,0,0,0
0.002782,0.003326,0.003212,0,0,0,0,0,0,0,0,0,0,0,0
0.00313,0.00344,0.002874,0,0,0,0,0,0,0,0,0,0,0,0
0.002967,0.002984,0.002747,0,0,0,0,0,0,0,0,0,0,0,0
0.003397,0.003003,0.003078,0,0,0,0,0,0,0,0,0,0,0,0
0.003424,0.003012,0.003751,0,0,0,0,0,0,0,0,0,0,0,0
0.003486,0.002904,0.005546,0,0,0,0,0,0,0,0,0,0,0,0
NaN,NaN,NaN,0,0,0,0,0,0,0,0,0,0,0,0
NaN,NaN,NaN,0,0,0,0,0,0,0,0,0,0,0,0
NaN,NaN,NaN,0,0,0,0,0,0,0,0,0,0,0,0
NaN,NaN,NaN,0,0,0,0,0,0,0,0,0,0,0,0
0.00015,0.000166,0.000257,0,0,0,0,0,0,0,0,0,0,0,0
0.21951,0.21328,0.22214,0,0,0,0,0,0,0,0,0,0,0,0
0.003068,0.003007,0.002995,0,0,0,0,0,0,0,0,0,0,0,0
0.003176,0.002767,0.002687,0,0,0,0,0,0,0,0,0,0,0,0
0.00281,0.003197,0.002785,0,0,0,0,0,0,0,0,0,0,0,0
0.002916,0.003093,0.00281,0,0,0,0,0,0,0,0,0,0,0,0
0.003426,0.003117,0.004128,0,0,0,0,0,0,0,0,0,0,0,0
0.003261,0.003003,0.003137,0,0,0,0,0,0,0,0,0,0,0,0
0.003398,0.003382,0.002922,0,0,0,0,0,0,0,0,0,0,0,0
NaN,NaN,NaN,0,0,0,0,0,0,0,0,0,0,0,0
NaN,NaN,NaN,0,0,0,0,0,0,0,0,0,0,0,0
NaN,NaN,NaN,0,0,0,0,0,0,0,0,0,0,0,0
NaN,NaN,NaN,0,0,0,0,0,0,0,0,0,0,0,0
0.000146,0.000182,0.000168,0,0,0,0,0,0,0,0,0,0,0,0
0.21092,0.23077,0.23575,0,0,0,0,0,0,0,0,0,0,0,0
0.002937,0.003031,0.002989,0,0,0,0,0,0,0,0,0,0,0,0
0.003259,0.002868,0.002784,0,0,0,0,0,0,0,0,0,0,0,0
0.00296,0.002996,0.003069,0,0,0,0,0,0,0,0,0,0,0,0
0.002653,0.003103,0.003163,0,0,0,0,0,0,0,0,0,0,0,0
0.002673,0.002807,0.002816,0,0,0,0,0,0,0,0,0,0,0,0
0.003064,0.002725,0.003028,0,0,0,0,0,0,0,0,0,0,0,0
0.002899,0.003013,0.002708,0,0,0,0,0,0,0,0,0,0,0,0
0.002815,0.00281,0.002806,0,0,0,0,0,0,0,0,0,0,0,0
0.002964,0.002712,0.002799,0,0,0,0,0,0,0,0,0,0,0,0
0.003379,0.003003,0.003201,0,0,0,0,0,0,0,0,0,0,0,0
0.003162,0.003006,0.003131,0,0,0,0,0,0,0,0,0,0,0,0
NaN,NaN,NaN,0,0,0,0,0,0,0,0,0,0,0,0
NaN,NaN,NaN,0,0,0,0,0,0,0,0,0,0,0,0
NaN,NaN,NaN,0,0,0,0,0,0,0,0,0,0,0,0
NaN,NaN,NaN,0,0,0,0,0,0,0,0,0,0,0,0
0.000144,0.000161,0.000167,0,0,0,0,0,0,0,0,0,0,0,0
0.2211,0.21229,0.21756,0,0,0,0,0,0,0,0,0,0,0,0
0.00311,0.003157,0.00313,0,0,0,0,0,0,0,0,0,0,0,0
0.003164,0.002803,0.003258,0,0,0,0,0,0,0,0,0,0,0,0
NaN,NaN,NaN,0,0,0,0,0,0,0,0,0,0,0,0
NaN,NaN,NaN,0,0,0,0,0,0,0,0,0,0,0,0
NaN,NaN,NaN,0,0,0,0,0,0,0,0,0,0,0,0
NaN,NaN,NaN,0,0,0,0,0,0,0,0,0,0,0,0
0.000172,0.000153,0.000219,0,0,0,0,0,0,0,0,0,0,0,0
0.21025,0.22151,0.22253,0,0,0,0,0,0,0,0,0,0,0,0
0.003323,0.003115,0.002938,0,0,0,0,0,0,0,0,0,0,0,0
0.002742,0.002835,0.003219,0,0,0,0,0,0,0,0,0,0,0,0
0.002712,0.002743,0.002816,0,0,0,0,0,0,0,0,0,0,0,0
0.002851,0.003085,0.002724,0,0,0,0,0,0,0,0,0,0,0,0
0.003166,0.003299,0.00269,0,0,0,0,0,0,0,0,0,0,0,0
0.002809,0.002646,0.003301,0,0,0,0,0,0,0,0,0,0,0,0
0.002781,0.002643,0.003868,0,0,0,0,0,0,0,0,0,0,0,0
0.003081,0.002843,0.003536,0,0,0,0,0,0,0,0,0,0,0,0
0.003234,0.002919,0.003295,0,0,0,0,0,0,0,0,0,0,0,0
0.003047,0.002743,0.00342,0,0,0,0,0,0,0,0,0,0,0,0
0.003039,0.00308,0.003519,0,0,0,0,0,0,0,0,0,0,0,0
0.002864,0.002867,0.003446,0,0,0,0,0,0,0,0,0,0,0,0
0.002955,0.002846,0.003434,0,0,0,0,0,0,0,0,0,0,0,0
0.002748,0.003004,0.003462,0,0,0,0,0,0,0,0,0,0,0,0
0.002794,0.002837,0.003401,0,0,0,0,0,0,0,0,0,0,0,0
0.002999,0.002824,0.003376,0,0,0,0,0,0,0,0,0,0,0,0
0.00324,0.003032,0.003445,0,0,0,0,0,0,0,0,0,0,0,0
0.003653,0.002879,0.00348,0,0,0,0,0,0,0,0,0,0,0,0
0.00329,0.003581,0.003536,0,0,0,0,0,0,0,0,0,0,0,0
0.003475,0.003314,0.003453,0,0,0,0,0,0,0,0,0,0,0,0
0.003513,0.00309,0.005498,0,0,0,0,0,0,0,0,0,0,0,0
0.003398,0.002843,0.005585,0,0,0,0,0,0,0,0,0,0,0,0
0.003322,0.002775,0.00457,0,0,0,0,0,0,0,0,0,0,0,0
0.003159,0.0028,0.004553,0,0,0,0,0,0,0,0,0,0,0,0
0.002778,0.002858,0.003772,0,0,0,0,0,0,0,0,0,0,0,0
0.003173,0.002996,0.004578,0,0,0,0,0,0,0,0,0,0,0,0
0.003143,0.003066,0.003528,0,0,0,0,0,0,0,0,0,0,0,0
0.003138,0.003253,0.003398,0,0,0,0,0,0,0,0,0,0,0,0
0.002837,0.003115,0.003523,0,0,0,0,0,0,0,0,0,0,0,0
0.003087,0.003376,0.003477,0,0,0,0,0,0,0,0,0,0,0,0
0.002905,0.002884,0.003324,0,0,0,0,0,0,0,0,0,0,0,0
0.002889,0.002876,0.003447,0,0,0,0,0,0,0,0,0,0,0,0
0.003179,0.002883,0.003644,0,0,0,0,0,0,0,0,0,0,0,0
0.002986,0.002941,0.00561,0,0,0,0,0,0,0,0,0,0,0,0
0.003109,0.00317,0.005608,0,0,0,0,0,0,0,0,0,0,0,0
0.002915,0.002852,0.0047,0,0,0,0,0,0,0,0,0,0,0,0
0.002817,0.002871,0.00493,0,0,0,0,0,0,0,0,0,0,0,0
0.002919,0.003502,0.005658,0,0,0,0,0,0,0,0,0,0,0,0
0.002864,0.003296,0.006228,0,0,0,0,0,0,0,0,0,0,0,0
0.002968,0.00286,0.005004,0,0,0,0,0,0,0,0,0,0,0,0
0.003557,0.002874,0.004446,0,0,0,0,0,0,0,0,0,0,0,0
0.003601,0.002986,0.004742,0,0,0,0,0,0,0,0,0,0,0,0
0.005575,0.002844,0.003797,0,0,0,0,0,0,0,0,0,0,0,0
0.005265,0.00289,0.00362,0,0,0,0,0,0,0,0,0,0,0,0
0.004749,0.003019,0.003416,0,0,0,0,0,0,0,0,0,0,0,0
0.004377,0.00291,0.003172,0,0,0,0,0,0,0,0,0,0,0,0
0.004214,0.003535,0.00353,0,0,0,0,0,0,0,0,0,0,0,0
0.004259,0.003583,0.003248,0,0,0,0,0,0,0,0,0,0,0,0
0.003442,0.003234,0.00342,0,0,0,0,0,0,0,0,0,0,0,0
0.003454,0.003566,0.003415,0,0,0,0,0,0,0,0,0,0,0,0
0.003148,0.00341,0.003416,0,0,0,0,0,0,0,0,0,0,0,0
0.003659,0.003367,0.003546,0,0,0,0,0,0,0,0,0,0,0,0
0.003455,0.003633,0.003397,0,0,0,0,0,0,0,0,0,0,0,0
0.003429,0.003387,0.003246,0,0,0,0,0,0,0,0,0,0,0,0
0.003615,0.003315,0.003244,0,0,0,0,0,0,0,0,0,0,0,0
NaN,NaN,NaN,0,0,0,0,0,0,0,0,0,0,0,0
NaN,NaN,NaN,0,0,0,0,0,0,0,0,0,0,0,0
NaN,NaN,NaN,0,0,0,0,0,0,0,0,0,0,0,0
NaN,NaN,NaN,0,0,0,0,0,0,0,0,0,0,0,0
0.000192,0.000163,0.000161,0,0,0,0,0,0,0,0,0,0,0,0
0.22013,0.21731,0.2184,0,0,0,0,0,0,0,0,0,0,0,0
0.002986,0.003023,0.002939,0,0,0,0,0,0,0,0,0,0,0,0
0.002814,0.005412,0.002673,0,0,0,0,0,0,0,0,0,0,0,0
NaN,NaN,NaN,0,0,0,0,0,0,0,0,0,0,0,0
NaN,NaN,NaN,0,0,0,0,0,0,0,0,0,0,0,0
NaN,NaN,NaN,0,0,0,0,0,0,0,0,0,0,0,0
NaN,NaN,NaN,0,0,0,0,0,0,0,0,0,0,0,0
0.000161,0.000106,0.000152,0,0,0,0,0,0,0,0,0,0,0,0
0.2086,0.22826,0.2264,0,0,0,0,0,0,0,0,0,0,0,0
0.003149,0.00298,0.003257,0,0,0,0,0,0,0,0,0,0,0,0
0.002806,0.002773,0.00292,0,0,0,0,0,0,0,0,0,0,0,0
0.002862,0.00324,0.002811,0,0,0,0,0,0,0,0,0,0,0,0
0.002983,0.003031,0.003275,0,0,0,0,0,0,0,0,0,0,0,0
0.003123,0.002866,0.003103,0,0,0,0,0,0,0,0,0,0,0,0
0.0031,0.002812,0.002922,0,0,0,0,0,0,0,0,0,0,0,0
0.002933,0.002752,0.002827,0,0,0,0,0,0,0,0,0,0,0,0
0.003075,0.002855,0.002821,0,0,0,0,0,0,0,0,0,0,0,0
NaN,NaN,NaN,0,0,0,0,0,0,0,0,0,0,0,0
NaN,NaN,NaN,0,0,0,0,0,0,0,0,0,0,0,0
NaN,NaN,NaN,0,0,0,0,0,0,0,0,0,0,0,0
NaN,NaN,NaN,0,0,0,0,0,0,0,0,0,0,0,0
0.000169,0.000148,0.00016,0,0,0,0,0,0,0,0,0,0,0,0
0.22575,0.21708,0.21957,0,0,0,0,0,0,0,0,0,0,0,0
0.002989,0.003069,0.003049,0,0,0,0,0,0,0,0,0,0,0,0
0.002743,0.002879,0.002824,0,0,0,0,0,0,0,0,0,0,0,0
0.005686,0.003212,0.003368,0,0,0,0,0,0,0,0,0,0,0,0
0.005896,0.003268,0.003552,0,0,0,0,0,0,0,0,0,0,0,0
0.005336,0.002785,0.005451,0,0,0,0,0,0,0,0,0,0,0,0
0.004647,0.002741,0.005377,0,0,0,0,0,0,0,0,0,0,0,0
0.004558,0.002804,0.004568,0,0,0,0,0,0,0,0,0,0,0,0
0.004237,0.002807,0.004793,0,0,0,0,0,0,0,0,0,0,0,0
NaN,NaN,NaN,0,0,0,0,0,0,0,0,0,0,0,0
NaN,NaN,NaN,0,0,0,0,0,0,0,0,0,0,0,0
NaN,NaN,NaN,0,0,0,0,0,0,0,0,0,0,0,0
NaN,NaN,NaN,0,0,0,0,0,0,0,0,0,0,0,0
0.000159,0.000159,0.000175,0,0,0,0,0,0,0,0,0,0,0,0
0.21114,0.22192,0.22745,0,0,0,0,0,0,0,0,0,0,0,0
0.003101,0.003202,0.003033,0,0,0,0,0,0,0,0,0,0,0,0
0.002862,0.003166,0.002807,0,0,0,0,0,0,0,0,0,0,0,0
0.002905,0.003147,0.003033,0,0,0,0,0,0,0,0,0,0,0,0
0.003119,0.003153,0.00348,0,0,0,0,0,0,0,0,0,0,0,0
NaN,NaN,NaN,0,0,0,0,0,0,0,0,0,0,0,0
NaN,NaN,NaN,0,0,0,0,0,0,0,0,0,0,0,0
NaN,NaN,NaN,0,0,0,0,0,0,0,0,0,0,0,0
NaN,NaN,NaN,0,0,0,0,0,0,0,0,0,0,0,0
0.000155,0.000165,0.000167,0,0,0,0,0,0,0,0,0,0,0,0
0.22233,0.21381,0.21954,0,0,0,0,0,0,0,0,0,0,0,0
0.002964,0.003041,0.002897,0,0,0,0,0,0,0,0,0,0,0,0
0.003065,0.002721,0.002829,0,0,0,0,0,0,0,0,0,0,0,0
0.005372,0.003101,0.00305,0,0,0,0,0,0,0,0,0,0,0,0
0.005747,0.003112,0.003059,0,0,0,0,0,0,0,0,0,0,0,0
NaN,NaN,NaN,0,0,0,0,0,0,0,0,0,0,0,0
NaN,NaN,NaN,0,0,0,0,0,0,0,0,0,0,0,0
NaN,NaN,NaN,0,0,0,0,0,0,0,0,0,0,0,0
NaN,NaN,NaN,0,0,0,0,0,0,0,0,0,0,0,0
0.000156,0.00016,0.000147,0,0,0,0,0,0,0,0,0,0,0,0
0.20969,0.21509,0.22772,0,0,0,0,0,0,0,0,0,0,0,0
0.003163,0.00316,0.003008,0,0,0,0,0,0,0,0,0,0,0,0
0.002807,0.002689,0.002971,0,0,0,0,0,0,0,0,0,0,0,0
0.003022,0.003702,0.003034,0,0,0,0,0,0,0,0,0,0,0,0
0.002689,0.002963,0.002797,0,0,0,0,0,0,0,0,0,0,0,0
0.002672,0.003177,0.002668,0,0,0,0,0,0,0,0,0,0,0,0
0.002794,0.005544,0.00281,0,0,0,0,0,0,0,0,0,0,0,0
0.003239,0.006516,0.002829,0,0,0,0,0,0,0,0,0,0,0,0
0.002762,0.004816,0.003197,0,0,0,0,0,0,0,0,0,0,0,0
0.003007,0.004435,0.003247,0,0,0,0,0,0,0,0,0,0,0,0
0.003061,0.00421,0.003158,0,0,0,0,0,0,0,0,0,0,0,0
0.002748,0.004,0.002829,0,0,0,0,0,0,0,0,0,0,0,0
0.002674,0.003293,0.002701,0,0,0,0,0,0,0,0,0,0,0,0
0.002833,0.003268,0.002829,0,0,0,0,0,0,0,0,0,0,0,0
NaN,NaN,NaN,0,0,0,0,0,0,0,0,0,0,0,0
NaN,NaN,NaN,0,0,0,0,0,0,0,0,0,0,0,0
NaN,NaN,NaN,0,0,0,0,0,0,0,0,0,0,0,0
NaN,NaN,NaN,0,0,0,0,0,0,0,0,0,0,0,0
