0.000141
0.22447
0.003704
0.003754
0.003319
0.003572
0.00356
0.003385
0.003486
0.003536
0.004365
0.004148
0.00321
0.003089
0.003578
0.002966
0.003185
0.003674
0.003479
0.003624
0.00393
0.005737
0.005598
0.005308
0.004885
0.00421
0.003891
0.003666
0.003395
0.003441
0.003392
0.003059
0.003025
0.007378
0.005721
0.005747
0.005024
0.004938
0.004366
0.004407
0.005881
0.005761
0.004837
0.005823
0.006545
0.005149
0.004944
0.004088
0.004062
0.003599
0.003256
0.003298
0.003306
0.003365
0.003556
0.003411
0.003584
0.003342
0.003269
0.003136
0.002945
0.002895
0.002978
0.003015
0.003844
0.00284
0.00297
0.003993
0.005794
0.005172
0.004834
0.004405
0.0041
0.00435
0.004202
0.005853
0.007152
0.005399
0.004855
0.004291
0.004136
0.003713
0.003852
0.00388
0.003668
0.003406
0.003602
0.003442
0.003631
0.004161
0.006074
0.005891
0.004852
0.004601
0.003844
0.003634
0.003277
0.003257
0.00392
0.003434
0.003395
0.003612
0.003611
0.003226
0.003227
0.002809
0.002955
0.003118
0.003081
0.003136
0.003078
0.002942
0.003999
0.005952
0.005813
0.005291
0.004939
0.004194
0.003561
0.003592
0.00331
0.003236
0.003224
0.00413
0.005777
0.005798
0.005332
0.004828
0.004205
0.00406
0.003963
0.003258
0.003424
0.003654
0.003271
0.003237
0.003387
0.003172
0.00305
0.003003
0.003397
0.003689
0.003567
0.003617
0.003604
0.003785
0.003275
0.003475
0.003746
0.003168
0.003518
0.003656
0.003527
0.003677
0.003361
0.003975
0.003052
0.003587
0.00351
0.003517
0.003355
0.0032
0.003011
0.002991
0.002994
0.003104
0.003148
0.002973
0.003076
0.003646
0.003642
0.003307
0.003577
0.003581
0.003707
0.003573
0.003293
0.003676
0.003362
0.00363
0.003571
0.003434
0.003861
0.003121
0.003612
0.003804
0.003069
0.003666
0.003767
0.003515
0.00345
0.003603
0.003481
0.004032
0.006008
0.005833
0.005461
0.005242
0.004332
0.004211
0.004396
0.00595
0.006507
0.006069
0.005965
0.004997
0.004746
0.003991
0.003902
0.003602
0.003416
0.0035
0.003025
0.003159
0.003635
0.00427
0.003057
0.003229
0.003622
0.003705
0.00334
0.003445
0.003773
0.003233
0.003596
0.003581
0.00365
0.003151
0.003758
0.003372
0.003724
0.003443
0.003452
0.00378
0.003347
0.003643
0.003521
0.003498
0.003599
0.003383
0.003704
0.004091
0.005859
0.005709
0.004904
0.004904
0.004225
0.003818
0.004606
0.003317
0.003256
0.003213
0.00323
0.003033
0.003045
0.003678
0.003506
0.00356
0.003655
0.003603
0.003401
0.003692
0.003377
0.003642
0.003423
0.003544
0.003543
0.003606
0.003971
0.006292
0.005822
0.005554
0.005054
0.003835
0.003655
0.003675
0.003396
0.003445
0.003371
0.003334
0.003377
0.003165
0.003051
0.003004
0.00366
0.003682
0.00341
0.003545
0.003593
0.003592
0.003534
0.003526
0.00354
0.003617
0.003396
0.003558
0.003691
0.0033
0.003517
0.003425
0.003098
0.002978
0.002925
0.00294
0.00311
0.002981
0.003011
0.003315
0.0035
0.003753
0.003356
0.003772
0.00325
0.003581
0.004238
0.006067
0.005071
0.005251
0.004608
0.003822
0.003861
0.003657
0.003523
0.003196
0.00323
0.003859
0.003323
0.003615
0.003577
0.003546
0.003456
0.003591
0.003486
0.003578
0.003421
0.003271
0.003429
0.003188
0.003836
0.006214
0.005406
0.004737
0.004929
0.003891
0.003546
0.00341
0.003342
0.002972
0.002934
0.003028
0.00287
0.003216
0.00331
0.002883
0.002919
0.002981
0.004082
0.004136
0.004401
0.004446
0.004316
0.004512
0.00366
0.002963
0.002863
0.002998
0.00412
0.003469
0.003048
0.003068
0.002882
0.003159
0.003633
0.00353
0.003504
0.00415
0.005641
0.005074
0.00504
0.004038
0.004209
0.003685
0.003425
0.00343
0.0031
0.003045
0.002968
0.003082
0.003108
0.002965
0.003693
0.003431
0.003447
0.003474
0.00356
0.003596
0.003514
0.003582
0.00355
0.003485
0.004218
0.005782
0.005751
0.004932
0.005402
0.005836
0.005694
0.005661
0.005253
0.005011
0.004137
0.004406
0.003613
0.003719
0.003376
0.003508
0.004172
0.005438
0.005606
0.004469
0.004515
0.003611
0.003698
0.003445
0.003286
0.003336
0.003106
0.003228
0.003242
0.003072
0.003013
0.003448
0.003553
0.003474
0.003531
0.003547
0.003625
0.003601
0.003259
0.003613
0.003524
0.003418
0.0034
0.003288
0.003086
0.00302
0.002986
0.003053
0.0031
0.003198
0.003234
0.003161
0.003181
0.003567
0.003773
0.003275
0.003529
0.003573
0.003726
0.00323
0.003436
0.003404
0.003408
0.003199
0.003226
0.003139
0.003001
0.002954
0.003161
0.003115
0.003078
0.003521
0.003448
0.00362
0.003298
0.003885
0.003862
0.005921
0.005625
0.005626
0.004683
0.004518
0.003887
0.003921
0.00338
0.003477
0.003415
0.003269
0.003234
0.003119
0.003079
0.003131
0.003913
0.003121
0.004924
0.003086
0.003056
0.003311
0.003465
0.003232
0.003441
0.003229
0.003379
0.003067
0.003171
0.002915
0.003103
0.003017
0.003609
0.005804
0.005362
0.005272
0.005021
0.004232
0.003584
0.003624
0.003421
0.003233
0.003266
