0.00014
0.32933
0.007093
0.006565
0.006585
0.007437
0.007051
0.009286
0.007722
0.01088
0.014406
0.010046
0.008568
0.007032
0.006586
0.008789
0.013344
0.009185
0.0077
0.006901
0.006676
0.008861
0.01406
0.012696
0.010116
0.008493
0.007398
0.006814
0.007319
0.007421
0.007475
0.0068
0.006698
0.007111
0.006768
0.006757
0.006867
0.007253
0.006592
0.007416
0.00677
0.006906
0.007773
0.008085
0.0077
0.007247
0.007428
0.006739
0.006842
0.007732
0.007455
0.007038
0.007508
0.007736
0.007756
0.007636
0.006757
0.007142
0.006778
0.006896
0.00942
0.012564
0.008538
0.006986
0.006953
0.006575
0.006229
0.009619
0.012376
0.009533
0.00808
0.00694
0.007221
0.006429
0.006277
0.006608
