1.1107
0.14399
0.087164
0.068787
0.087847
NaN
0.075252
NaN
0.047983
0.044892
0.044777
0.023588
0.02331
0.023844
0.024894
0.023469
0.056047
0.025581
0.035049
0.024134
0.024126
0.024637
0.051782
0.031993
0.030541
0.028665
0.023845
0.023557
0.049264
0.031008
0.025822
0.027235
0.036045
0.026727
0.052183
0.031139
0.034012
0.035378
0.025136
0.036004
0.044582
0.023365
0.025363
0.024613
0.039002
0.02378
0.043582
0.024731
0.023732
0.023904
0.024887
0.025849
0.045328
0.024524
0.027407
0.026848
0.036088
0.023023
0.048393
0.025661
0.036017
0.025438
0.025151
0.030948
0.043932
0.029256
0.022978
0.033873
0.023615
0.023201
0.044407
0.023362
0.023342
0.024223
0.024352
0.025051
0.044193
0.023811
0.023597
0.023682
0.023139
0.02405
0.044413
0.02959
0.028502
0.025074
0.024022
0.022566
0.044677
0.02539
0.023371
0.024411
0.034821
0.027791
0.041549
0.023249
0.023029
0.029642
0.036057
0.023467
0.043016
0.023399
0.023425
0.023488
0.031009
