0.000136
0.2134
0.002739
0.002494
0.002462
0.002594
0.00255
0.002563
0.002454
0.002634
0.002827
0.003147
0.002866
0.002829
0.002688
0.002809
0.002913
0.002975
0.003564
0.003309
0.002805
0.00309
0.002912
0.002685
0.002548
0.002935
0.002561
0.002469
0.002967
0.003789
0.002915
0.002636
0.002831
0.002706
0.002871
0.002809
0.002936
0.003118
0.00319
0.002822
0.002515
0.003887
0.002701
0.002716
0.002961
0.002698
0.002727
0.002633
0.002625
0.002669
0.002555
0.002429
0.002505
0.002739
0.002677
0.002636
0.002509
0.002492
0.002782
0.002875
0.002406
0.002527
0.002932
0.002489
0.002405
0.002521
0.002647
0.002751
0.002427
0.002611
0.002448
0.002648
0.002411
0.002539
0.002814
0.003379
0.002627
0.002412
0.002552
0.002598
0.003336
0.002779
0.002939
0.002726
0.002705
0.002793
0.00354
0.003575
0.002538
0.002483
0.0026
0.003427
0.003173
0.005067
0.004785
0.005186
0.004737
0.003294
0.003476
0.003023
