1.2357
0.17758
0.10072
0.081687
0.10063
0.086409
0.070884
0.060731
0.068871
0.035225
0.035939
0.033872
0.030373
0.031498
0.063151
0.032827
0.044053
0.03146
0.031026
0.031287
0.053889
0.029635
0.028211
0.031379
0.027842
0.03141
0.053217
0.035136
0.030976
0.034796
0.067881
0.038187
0.058174
0.036899
0.03674
0.033594
0.029487
0.032759
0.054356
0.032214
0.031207
0.034707
0.033582
0.031158
0.051575
0.032503
0.030176
0.032306
0.029339
0.029745
0.052575
0.030929
0.028479
0.03281
0.033075
0.030148
0.05522
0.035558
0.036482
0.031949
0.040361
0.028875
0.053664
0.028998
0.033771
0.030605
0.029278
0.03019
0.053878
0.032943
0.030984
0.029558
0.03096
0.028901
0.051911
0.039004
0.027894
0.028112
0.039252
0.028387
0.056011
0.029345
0.033189
0.031439
0.042121
0.029678
0.062689
0.030128
0.032323
0.031325
0.030615
0.053821
0.060247
0.035061
0.029203
0.028954
0.029844
0.027625
0.049812
0.028457
0.030483
0.028315
0.028814
0.027684
0.049243
0.027985
0.029355
0.028154
0.037753
0.027963
0.054139
0.028618
0.027045
0.033134
0.02697
0.027376
0.049538
0.027291
0.02773
0.032287
0.045678
0.035562
0.10044
0.036601
0.026576
0.033904
0.029381
0.027721
0.051592
0.028268
0.029321
0.028309
0.049602
0.029468
0.050307
0.028008
0.028072
0.026955
0.027455
0.02747
0.059943
0.028369
0.031278
0.035248
0.026933
0.026531
0.051095
0.028101
0.026497
0.044438
0.030294
0.027512
0.063693
0.037001
0.02712
0.028719
0.041029
0.029146
0.052568
0.026562
