1
526.0000,59.0000,544.0000,59.0000,544.0000,76.0000,526.0000,76.0000
526.0000,65.0000,543.0000,65.0000,543.0000,82.0000,526.0000,82.0000
523.0000,84.0000,539.0000,84.0000,539.0000,101.0000,523.0000,101.0000
523.0000,84.0000,539.0000,84.0000,539.0000,101.0000,523.0000,101.0000
522.0000,93.0000,540.0000,93.0000,540.0000,110.0000,522.0000,110.0000
517.0000,112.0000,534.0000,112.0000,534.0000,129.0000,517.0000,129.0000
519.0000,130.0000,537.0000,130.0000,537.0000,148.0000,519.0000,148.0000
509.0000,143.0000,526.0000,143.0000,526.0000,160.0000,509.0000,160.0000
510.0000,157.0000,527.0000,157.0000,527.0000,173.0000,510.0000,173.0000
522.0000,168.0000,538.0000,168.0000,538.0000,184.0000,522.0000,184.0000
531.0000,174.0000,548.0000,174.0000,548.0000,192.0000,531.0000,192.0000
539.0000,182.0000,557.0000,182.0000,557.0000,200.0000,539.0000,200.0000
547.0000,189.0000,565.0000,189.0000,565.0000,206.0000,547.0000,206.0000
557.0000,195.0000,575.0000,195.0000,575.0000,213.0000,557.0000,213.0000
2
0
0
0
0
1
607.0000,260.0000,620.0000,260.0000,620.0000,274.0000,607.0000,274.0000
611.0000,266.0000,625.0000,266.0000,625.0000,279.0000,611.0000,279.0000
613.0000,261.0000,627.0000,261.0000,627.0000,275.0000,613.0000,275.0000
613.0000,261.0000,627.0000,261.0000,627.0000,275.0000,613.0000,275.0000
618.0000,265.0000,633.0000,265.0000,633.0000,280.0000,618.0000,280.0000
624.0000,261.0000,640.0000,261.0000,640.0000,277.0000,624.0000,277.0000
626.0000,263.0000,642.0000,263.0000,642.0000,279.0000,626.0000,279.0000
631.0000,271.0000,646.0000,271.0000,646.0000,286.0000,631.0000,286.0000
634.0000,276.0000,650.0000,276.0000,650.0000,291.0000,634.0000,291.0000
635.0000,269.0000,650.0000,269.0000,650.0000,284.0000,635.0000,284.0000
638.0000,265.0000,653.0000,265.0000,653.0000,280.0000,638.0000,280.0000
638.0000,263.0000,653.0000,263.0000,653.0000,279.0000,638.0000,279.0000
641.0000,268.0000,657.0000,268.0000,657.0000,284.0000,641.0000,284.0000
638.0000,263.0000,654.0000,263.0000,654.0000,279.0000,638.0000,279.0000
642.0000,273.0000,658.0000,273.0000,658.0000,289.0000,642.0000,289.0000
642.0000,270.0000,658.0000,270.0000,658.0000,286.0000,642.0000,286.0000
643.0000,274.0000,658.0000,274.0000,658.0000,289.0000,643.0000,289.0000
649.0000,279.0000,664.0000,279.0000,664.0000,294.0000,649.0000,294.0000
647.0000,273.0000,663.0000,273.0000,663.0000,289.0000,647.0000,289.0000
651.0000,278.0000,666.0000,278.0000,666.0000,293.0000,651.0000,293.0000
