0.000124
0.22765
0.001656
0.001806
0.001672
0.002096
0.00281
0.002341
NaN
NaN
NaN
NaN
0.000191
0.22127
0.001473
0.001492
0.001457
0.001558
0.001557
NaN
NaN
NaN
NaN
0.000171
0.22753
0.001467
0.001623
0.002767
0.001633
0.0017
0.00159
0.001702
0.001718
0.001724
0.001694
0.002231
0.001761
NaN
NaN
NaN
NaN
8.5e-05
0.2264
0.001508
0.001892
0.001608
0.001516
0.001543
0.002221
0.001878
0.001807
0.002222
0.003061
0.002751
0.00267
0.002507
0.002568
0.002829
NaN
NaN
NaN
NaN
0.000175
0.22648
0.001544
0.001542
0.001728
0.001575
0.002316
0.00182
0.001837
0.001731
0.0017
0.002039
0.001754
0.001781
0.001805
0.001775
0.001749
0.001756
0.00229
0.001921
0.002027
0.00244
0.002048
NaN
NaN
NaN
NaN
0.000181
0.21876
0.001538
0.001452
0.001515
0.001573
0.001634
0.001584
0.001565
0.001545
0.001694
0.001609
0.002243
0.001709
0.001908
0.001953
0.00172
0.002007
0.001661
0.001842
0.001551
0.001737
0.001634
0.001928
0.002175
0.001821
0.001987
0.002063
0.002114
0.002093
0.002167
0.002178
0.002363
0.002695
0.002283
0.002259
0.002418
0.00336
0.00241
0.002283
0.002312
0.002757
0.002244
0.002253
0.002619
0.002747
0.003241
0.003306
0.00225
0.001926
NaN
NaN
NaN
NaN
0.000156
0.24107
0.001601
0.0015
0.001654
0.00169
0.002094
0.00172
0.001719
0.001775
0.001658
0.001655
0.001581
0.00163
0.001639
0.001801
0.001748
0.002187
0.001729
0.00169
0.001626
0.001814
0.002692
0.001665
0.001781
0.001692
0.001703
0.001693
0.001795
0.003101
0.00175
0.001631
0.001552
0.001691
0.002324
0.002197
0.001702
0.002861
0.002141
0.002055
0.002113
0.00446
0.002399
0.002259
0.001962
0.001941
0.002044
0.002335
0.00249
0.002019
0.002544
0.002494
0.002807
0.002483
0.002365
0.002465
0.002553
0.002177
0.002114
0.002218
0.002549
0.002154
0.00206
0.002684
0.002095
0.001945
0.002588
0.002005
0.001976
0.002298
0.001936
0.002027
0.0025
0.00214
0.001977
0.002156
0.001785
0.001891
NaN
NaN
NaN
NaN
0.00014
0.21377
0.002543
0.0042
0.003139
0.001643
0.00176
0.00224
0.00172
0.001903
0.001957
0.001727
NaN
NaN
NaN
NaN
0.000163
0.21299
0.001628
0.001531
0.001538
0.00158
0.001758
0.001609
0.002021
0.001659
0.001675
0.001681
0.001864
0.001862
0.001834
0.002226
0.001768
0.001836
0.001818
0.001749
0.001945
0.001784
0.001877
0.001784
0.001918
0.001974
0.00197
0.002176
0.002021
0.00195
0.002188
0.002319
0.001945
0.002514
0.002835
0.002199
0.002019
0.002671
0.003244
0.002849
0.002569
NaN
NaN
NaN
NaN
0.000109
0.20959
0.00137
0.001547
0.001548
0.001961
0.001801
0.003792
0.003502
0.007239
0.001806
0.003741
0.001682
0.002154
0.002212
0.001692
0.002144
0.002031
0.00166
0.00226
0.002173
0.001306
0.002045
NaN
NaN
NaN
NaN
0.000188
0.2323
0.002095
0.001711
0.001541
0.001775
0.001429
0.001957
0.001632
0.00162
0.001898
0.001417
0.00181
0.001497
0.0018
0.001565
0.001855
0.00154
0.001511
0.001863
0.001417
0.001949
0.001391
0.001591
0.002184
0.001537
0.001896
0.001531
0.001454
0.001895
0.001554
0.001941
0.002523
0.002088
0.00215
0.001995
0.001757
0.003724
0.00141
0.002015
0.008511
0.003261
0.002116
0.005439
0.002199
0.001983
0.001963
0.001508
0.001464
0.00219
0.001636
0.001635
0.001754
0.00139
0.001886
0.001539
0.001405
0.001349
0.001986
NaN
NaN
NaN
NaN
0.000121
