1.0366
0.12776
0.067902
0.052581
0.081665
NaN
0.068349
0.039829
0.037934
0.034097
0.015808
0.016127
0.015619
0.020546
0.015204
0.03905
0.01576
0.0156
0.015435
0.015527
0.022847
0.032828
0.015341
0.023417
0.015381
0.021104
0.016309
0.032024
0.017109
0.015638
0.028977
0.024324
0.023393
0.037742
0.030486
0.029497
0.015756
0.015435
0.018906
0.035497
0.015483
0.018986
0.01515
0.016387
0.017744
0.038853
0.016559
0.020627
0.016761
0.017537
0.016446
0.038625
0.017856
0.02137
0.02324
0.015758
0.015925
0.039653
0.027505
0.015014
0.015439
0.015679
0.015493
0.035393
0.01564
0.015779
0.018046
0.016122
0.016248
0.034933
0.017344
0.025322
0.016524
0.01551
0.015612
0.033834
0.016033
0.016143
0.015403
0.027625
0.015251
0.032897
0.024649
0.023895
0.016087
0.016725
0.015154
0.033674
0.027104
0.015963
0.014475
0.016284
0.026437
0.036663
0.017227
0.016134
0.015498
0.015937
0.021716
0.038203
0.017182
0.016326
0.027039
0.015579
0.015272
0.032379
0.023032
0.015614
0.020398
0.016133
0.015439
0.034098
0.016276
0.0161
0.016379
0.0169
0.027083
0.031477
0.015522
0.025178
0.015533
0.015289
0.015632
0.032454
0.018332
0.016721
0.016299
0.015375
0.015384
0.031997
0.015006
0.01582
0.020955
0.015257
0.015145
0.031248
0.014875
0.015551
0.018258
0.015712
0.016867
0.033878
0.015657
0.015585
0.015539
0.015472
0.015301
0.038861
0.015799
0.015247
0.015761
0.015253
0.015566
0.033294
0.022947
0.015766
0.015506
0.015324
0.015455
0.031579
0.015389
0.015268
0.015388
0.015162
0.015315
0.037463
0.016013
0.015962
0.014962
0.015847
0.015101
0.031594
0.015679
0.015338
0.015314
0.015115
0.015514
0.034991
0.016667
0.026494
0.01593
0.015553
0.015268
0.031655
0.01492
0.014244
0.015661
0.017467
0.014619
0.039752
0.01572
0.021017
0.014594
0.022629
0.015348
0.031242
0.015576
0.031957
0.015136
0.014996
0.014787
0.030687
0.025462
0.01556
0.015217
0.014965
0.015047
0.036241
0.014652
0.015916
0.015596
0.015419
0.021578
0.037343
0.015289
0.014846
0.015165
0.015059
0.023961
0.031214
0.01806
0.024015
0.014345
0.015075
0.015885
0.031302
0.018573
0.013699
0.022057
0.014514
0.014332
0.031699
0.014619
0.015129
0.018597
0.023525
0.015156
0.028637
0.017828
0.031846
0.015327
0.014526
0.014543
0.03408
0.023451
0.015771
0.020475
0.013966
0.01603
0.032608
0.014464
0.018778
0.015213
0.015379
0.015658
0.035727
0.01592
0.015024
0.020392
0.014746
0.015254
0.039207
0.015372
0.015387
0.015778
0.01565
0.015469
0.037901
0.015161
0.015634
0.015632
0.015877
0.015227
0.037326
0.018908
0.015475
0.01447
0.013613
0.015847
0.041308
0.014796
0.014723
0.023641
0.015116
0.015717
0.0311
0.015004
0.015647
0.015346
0.015332
0.01404
0.031939
0.014149
