0.000137
0.21659
0.002636
0.002562
0.002604
0.002615
0.002935
0.002754
0.002618
0.002716
0.002617
0.002833
0.002608
0.002755
0.002737
0.002641
0.003069
0.002771
0.002882
0.002887
0.002871
0.003216
0.003195
0.003177
0.003501
0.003508
0.003509
0.00353
0.003465
0.003036
0.00245
0.002701
0.002958
0.002751
0.003311
0.003576
0.004085
0.004874
0.00457
0.004503
0.003709
0.003516
0.003016
0.003599
0.003517
0.00356
0.003637
0.004901
0.004662
0.004032
0.004685
0.005194
0.004751
0.004289
0.004132
0.003403
0.003521
0.002972
0.003109
0.002838
0.002814
0.002902
0.002784
0.002806
0.002925
0.002771
0.002822
0.002855
0.002926
0.003015
0.002717
0.002648
0.002691
0.002737
0.003133
0.002723
0.002514
0.002692
0.002695
0.00316
0.002841
0.002632
0.002851
0.00285
0.002873
0.003201
0.00288
0.002722
0.002608
0.002663
0.002681
0.003824
0.003385
0.004922
0.00486
0.004707
0.003817
0.00351
0.003144
0.003494
0.003597
0.00353
0.003507
0.002804
0.002647
0.002647
0.002696
0.002858
0.002899
0.002541
0.002544
0.002708
0.002888
0.003356
0.00308
0.002659
0.002691
0.002635
0.003134
0.003173
0.00273
0.002649
0.002777
0.002676
0.003134
0.002852
0.002652
0.002622
0.002702
0.005032
0.005678
0.005017
0.005707
0.00485
0.004343
0.003921
0.00349
0.003628
0.002987
0.002982
0.002856
0.00279
0.00328
0.003212
0.002608
0.002695
0.002979
0.002766
0.002977
0.002702
0.002508
0.002747
0.002639
0.003352
0.00309
0.002829
