0.000144
0.22467
0.005329
0.005215
0.004837
0.006082
0.004805
0.005057
0.005096
0.004913
0.004928
0.005652
0.01069
0.00876
0.007253
0.006505
0.005114
0.005016
0.004859
0.005107
0.005203
0.0053
0.006033
0.010335
0.008338
0.006098
0.005389
0.004847
0.004766
0.00492
0.005069
0.005595
0.004788
0.004873
0.004814
0.00517
0.005357
0.004922
0.004912
0.005024
0.00483
0.005256
0.004927
0.004921
0.0052
0.005211
0.005213
0.004955
0.005932
0.006107
0.00489
0.004952
0.004883
0.004925
0.004939
0.005377
0.005083
0.004806
0.005385
0.004991
0.005083
0.0048
0.004685
0.005002
0.004882
0.004857
0.004862
0.004906
0.004963
0.006021
0.004923
0.004969
0.005099
0.004946
0.005573
0.004667
0.004881
0.004774
0.004979
0.004863
0.005928
0.004873
0.005183
0.004831
0.004867
0.00491
0.004915
0.005056
0.004932
0.005105
0.005147
0.005196
0.005437
0.004758
0.004942
0.004983
0.004887
0.005309
0.004885
0.004891
0.00541
0.010542
0.008622
0.006403
0.005917
0.005967
0.004905
0.005233
0.005229
0.00518
0.005035
0.004976
0.004954
0.004941
0.004917
0.004993
0.005035
0.004927
0.005529
0.005052
0.005099
0.004995
0.005108
0.005691
0.005032
0.005804
0.005132
0.005309
0.005262
0.010913
0.008963
0.007343
0.006424
0.005268
0.004934
0.005242
0.005017
0.004996
0.005157
0.00498
0.005029
0.006003
0.010852
0.008472
0.00701
0.010965
0.008043
0.006699
0.005766
0.005138
0.005064
0.005087
0.005622
0.005123
0.005577
0.005286
0.005032
0.004981
0.00506
0.005767
0.011236
0.009024
0.007246
0.006588
0.004981
0.005051
0.005149
0.005117
0.005284
0.005098
0.005062
0.005416
0.005106
0.005168
0.011568
0.008896
0.007273
0.006323
0.005043
0.005613
0.005113
0.00631
0.004957
0.005692
0.00505
0.005381
0.00531
0.005414
0.005214
0.005188
0.004984
0.005088
0.005254
0.005165
0.010723
0.009331
0.007558
0.005778
0.00543
0.005763
0.005187
0.005802
0.005218
0.005831
0.005068
0.00593
0.005506
0.005755
0.005075
0.005298
0.005037
0.005227
0.00516
0.005261
0.005679
0.005188
0.005365
0.005076
0.005195
0.005352
0.005656
0.005436
0.005331
0.005378
0.0055
0.005464
0.004991
0.005259
0.005414
0.005827
0.005078
0.005655
0.005325
0.005134
0.005104
0.005191
0.005333
0.005405
0.005939
0.005163
0.005655
0.005584
0.00577
0.011395
0.007538
0.006375
0.005792
0.005191
0.005147
0.005037
0.005667
0.005262
0.007272
0.006527
0.005758
0.005035
0.004993
0.005729
0.005076
0.005497
0.005061
0.004968
0.005051
0.005052
0.005727
0.005098
0.006118
0.005151
0.005637
0.005377
0.005861
0.005313
0.005516
0.005062
0.005549
0.005321
0.005259
0.005144
0.005118
0.005448
0.005143
0.005743
0.005267
0.005325
0.004992
0.005176
0.005013
0.005017
0.005429
0.005157
0.005044
0.00511
0.005046
0.005302
0.00522
0.00521
0.005046
0.005345
0.005401
0.005124
0.00537
0.005133
0.004917
0.005742
0.00529
0.005322
0.005337
0.005527
0.005208
0.005917
0.00551
0.005497
0.005179
0.005826
0.005259
0.005653
0.005213
0.005641
0.005048
0.005395
0.004979
0.005133
0.005245
0.005314
0.005963
0.005123
0.005717
0.00511
0.005305
0.00509
0.005275
0.005171
0.004925
0.005962
0.005081
0.005131
0.005181
0.005104
0.005064
0.005165
0.005385
0.00522
0.005323
0.005047
0.00503
0.005825
0.005233
0.005923
0.011222
0.008712
0.006549
0.005346
0.005414
0.005186
0.00585
