1.3285
0.15447
0.081636
0.063028
0.097137
NaN
0.080668
NaN
0.048831
0.04627
0.050021
0.023296
0.02308
0.024785
0.023881
0.032841
0.04901
0.022767
0.023123
0.023278
0.036157
0.022562
0.047551
0.023099
0.022107
0.031649
0.024314
0.022636
0.047391
0.027657
0.023473
0.022922
0.031769
0.026988
0.051584
0.036047
0.028722
0.028633
0.023756
0.02321
0.046965
0.021033
0.021858
0.032819
0.025401
0.022616
0.046873
0.024725
0.023509
0.023392
0.02224
0.026365
0.04502
0.022074
0.022125
0.031336
0.021835
0.022466
0.051808
0.023063
0.023457
0.022707
0.022114
0.021904
0.044387
0.022312
0.023689
0.022455
0.022019
0.021582
0.049815
0.024189
0.021745
0.022091
0.022824
0.021704
0.050997
0.021858
0.021021
0.021497
0.021603
0.032464
0.051212
0.033764
0.024284
0.023227
0.02348
0.035966
0.048731
0.021642
0.02166
0.020969
0.032307
0.023807
0.046761
0.022493
0.021303
0.023476
0.031214
0.023198
0.044496
0.0214
0.021961
0.02234
0.023018
0.021456
0.045155
0.02202
0.021612
0.02232
0.021292
0.02169
0.058312
0.024101
0.021424
0.021675
0.027911
0.021547
0.044095
0.021852
0.02191
0.024377
0.022239
0.021604
0.044807
0.022016
0.021226
0.022156
0.022917
0.023653
0.042999
0.021342
0.021926
0.02217
NaN
NaN
NaN
NaN
1.1773
0.16502
0.087425
0.072107
0.097686
NaN
0.073917
NaN
0.058441
0.053916
0.046789
0.023555
0.021888
0.035963
0.024681
0.022163
0.048579
0.023466
0.02151
0.02315
0.026396
0.023054
0.053307
0.022738
0.024466
0.037546
0.02342
0.030127
0.048378
0.024069
0.022172
0.033858
0.032097
0.027897
NaN
NaN
NaN
NaN
1.3489
0.14557
0.077972
0.068417
0.094504
NaN
0.083956
NaN
0.053435
0.051426
0.047309
0.034007
0.023741
0.021456
0.022481
0.029916
0.04985
0.023406
0.022983
0.022607
0.02376
0.027134
0.053182
0.021998
0.03423
0.023747
0.024048
0.023478
0.049677
0.023617
0.026664
0.024108
0.035049
0.035739
0.061938
0.028209
0.02698
0.028238
0.02326
0.022931
0.046411
0.02393
0.023643
0.022837
0.024171
0.023207
0.04433
0.022752
0.02305
0.02424
0.022492
0.026987
0.047018
0.021533
0.022071
0.030859
0.023429
0.023304
0.052654
0.034515
0.022625
0.021181
0.021835
0.027747
0.053674
0.024532
0.021357
0.02203
0.022166
0.021293
0.054521
NaN
0.023263
0.021052
0.021889
0.021997
0.022475
0.043369
0.026464
0.021694
0.023069
0.022238
0.022269
0.043734
0.021593
0.02314
0.023185
0.022654
0.022568
0.043968
0.022733
0.031265
0.021082
0.022471
0.022297
0.044963
0.024006
0.028841
0.021834
0.022405
0.022536
0.044333
0.021237
0.02691
0.023741
0.032289
0.022575
0.044885
0.021476
0.022631
0.022124
0.023738
0.033488
0.046368
0.022632
0.020963
0.022323
0.022357
0.022101
0.042924
0.021171
0.021443
0.027348
0.021805
0.022958
0.052112
0.021636
0.020774
0.021199
0.021046
0.021749
0.042981
0.023467
0.021998
0.021903
0.022099
0.025203
0.042636
0.021865
0.023868
0.022513
0.02212
0.021768
0.042296
0.021233
0.022174
0.021965
0.022666
0.021415
0.057244
0.035983
0.021559
0.022431
0.026683
0.023711
0.058028
0.029658
0.032834
0.024533
0.02429
0.025447
0.05481
0.023701
0.023742
0.023485
0.028882
0.036954
0.054748
0.025871
0.026849
0.024886
0.023206
0.035122
0.048133
0.025739
0.021954
0.035842
0.020671
0.020606
0.046265
0.022651
0.022921
0.021267
0.020816
0.031677
0.049045
0.024068
0.021584
0.021696
0.02136
0.030751
0.043396
0.022931
0.023552
0.022244
0.02044
0.022778
0.045364
0.021445
0.020641
0.022363
0.02473
0.021812
0.043422
0.023853
0.022859
0.020933
0.022621
0.022441
0.051124
0.022731
0.023369
0.021234
0.021816
0.020518
0.05692
0.02817
0.024327
0.021123
0.0213
0.021869
0.051196
0.020675
0.020866
0.024413
0.02155
0.022171
0.043266
0.020643
0.021858
0.021973
0.020957
0.022869
0.058951
0.022594
0.023164
0.026282
0.022372
0.023843
0.04986
0.022411
0.022016
0.023074
0.023129
0.023613
0.042979
0.020489
0.027765
0.021851
0.022864
0.022969
0.043841
0.0216
0.023215
0.023692
0.024186
0.020887
0.050129
0.027001
0.020763
0.021658
0.021941
0.021799
0.041958
0.023147
0.020151
0.021345
0.020513
0.020408
0.041492
0.026792
0.019911
0.021102
0.031219
0.024962
0.042621
0.020319
0.020689
0.02089
0.022143
0.020472
0.042323
0.020819
0.021011
0.02152
0.02224
0.021302
0.04538
0.020973
0.021738
0.021942
0.021093
0.021088
0.04341
0.020546
0.02014
0.020135
0.024432
0.020527
0.051247
0.021804
0.030878
0.021554
0.021916
0.0212
0.055571
NaN
0.019551
0.021171
0.020786
0.020923
0.019535
0.043046
0.020784
0.020743
0.020112
0.030261
0.020188
0.041469
0.020398
0.019619
0.02086
0.020959
0.021108
0.041805
0.01979
0.020082
0.032549
0.020967
0.027075
0.042568
0.020218
0.020771
0.02086
0.030025
0.019683
0.049857
0.020125
0.021414
0.020311
0.024858
0.021027
0.047281
0.030654
0.020468
0.019749
0.019347
0.020265
0.04112
0.033016
0.021209
0.021128
0.031404
0.020379
0.043935
0.022287
0.024102
0.021944
0.021351
0.029081
0.047784
0.021686
0.020746
0.020609
0.0218
0.020634
0.042486
0.021683
0.022366
0.023745
0.031227
0.023155
0.048363
0.023327
0.020282
0.019987
0.020499
0.020057
NaN
NaN
NaN
NaN
1.3329
0.14634
0.081059
0.064581
0.094111
NaN
0.080196
NaN
0.050706
0.050827
0.062411
0.026246
0.025858
0.024346
0.024598
0.024946
0.056921
0.024851
0.024261
0.023369
0.0242
0.024278
0.048565
0.025432
0.024104
0.026356
0.024946
0.0262
0.05038
0.024626
0.024088
0.023681
0.034205
0.029263
0.064231
0.025788
NaN
NaN
NaN
NaN
1.1689
0.14643
0.079099
0.069717
0.10084
NaN
0.07611
NaN
0.05164
0.048586
0.060814
0.025952
0.024534
0.022438
0.02345
0.03505
0.047656
0.023982
0.028067
0.022835
0.032401
0.024647
0.053308
0.024168
0.023349
0.022727
0.026843
0.024062
0.054509
0.022169
0.023003
0.034022
0.036432
0.035712
0.061574
NaN
0.023195
0.02781
0.02179
0.024995
0.023283
0.045604
0.026416
0.030572
0.023172
0.0235
0.025774
0.052275
0.02418
0.023469
0.026739
0.03639
0.024273
0.049004
0.022882
0.023992
0.024477
0.023528
0.023329
0.051122
0.036004
0.021882
0.023515
0.026478
0.023904
0.04438
0.027351
0.036165
0.022083
0.020977
0.030349
0.052781
0.023535
0.01947
0.021583
0.021297
0.0227
0.045209
0.020763
0.021188
0.021729
0.022207
0.032075
0.050263
0.022648
0.024167
0.023509
0.024824
0.035856
0.045807
0.027552
0.022793
0.022293
0.021923
0.021784
0.043661
0.021862
0.02256
0.027755
0.023744
0.024244
0.043217
0.022726
0.021135
0.022044
0.021637
0.021578
0.051591
0.022083
