0.000149
0.23647
0.003676
0.003443
0.003757
0.005941
0.006249
0.005457
0.005188
0.00428
0.00528
0.003923
0.003605
0.003657
0.003613
0.003577
0.003331
0.003306
0.003273
0.003278
0.00327
0.003562
0.00344
0.003352
0.003367
0.003436
0.003201
0.003642
0.003319
0.003571
0.003358
0.00342
0.003517
0.003381
0.003401
0.003544
0.003342
0.003376
0.003603
0.003325
0.003487
0.003784
0.003546
0.003871
NaN
NaN
NaN
NaN
0.000132
0.22207
0.003728
0.003312
0.003403
0.003206
0.00356
0.003279
0.003471
0.003184
0.003355
0.003203
0.003664
0.00317
0.003407
0.003098
0.003216
0.003587
0.003166
0.0036
0.003175
0.003516
0.003434
0.003366
0.004404
0.004388
0.004064
0.003956
0.003985
0.003871
0.003568
0.003174
0.003642
0.003366
0.003348
0.003592
0.003549
0.003924
0.006286
0.007765
0.006652
0.006529
0.007063
0.005524
0.005209
0.004456
0.00441
0.003692
0.003756
0.00343
0.003489
0.003354
0.003117
0.003238
0.003199
0.003353
0.0033
0.003141
0.003168
0.003203
0.00354
0.003216
0.003377
0.003225
0.003201
0.00338
0.003626
0.003165
0.003164
0.003328
0.003348
0.003531
0.003386
0.003411
0.003253
0.003282
0.003198
0.003443
0.00347
0.003414
0.003427
0.003404
0.003217
0.003697
0.003507
0.003279
0.003331
0.003688
0.003655
0.003402
0.003431
0.003131
0.003391
0.003299
0.003521
0.003963
0.006352
0.005864
0.005753
0.004656
0.004355
0.003844
0.003857
0.003883
0.003848
0.003483
0.003385
0.003594
0.00333
0.003236
0.003733
0.003309
0.003478
0.003442
0.00356
0.00341
0.003612
0.00333
0.003529
0.003468
0.003461
0.003432
0.003333
0.003515
0.003626
0.003625
0.00324
0.003266
0.003556
0.003454
0.003517
0.003235
0.003508
0.003402
0.003458
0.003482
0.003287
0.003338
0.003368
0.003974
0.003169
0.003381
0.004013
0.006653
0.005746
0.005595
0.004257
0.004317
0.003972
0.003871
0.003631
0.003197
0.003279
0.003163
0.003299
0.003233
0.003258
0.003226
0.003272
0.003298
0.003354
0.003568
0.003471
0.003847
0.00351
0.003459
0.003433
0.003302
0.003361
0.004821
0.00446
0.006513
0.005932
0.005283
0.004807
0.004772
NaN
NaN
NaN
NaN
0.000155
0.23951
0.003645
0.003567
0.003953
0.003879
0.003426
0.003429
0.003365
0.003358
0.003478
0.003407
0.003401
0.003658
0.004102
0.003743
0.003511
0.003478
0.003335
0.003394
0.003328
0.003542
0.003363
0.003574
0.00341
0.003357
0.003485
0.003394
0.003463
0.00343
0.00341
0.003385
0.003413
0.003399
NaN
NaN
NaN
NaN
0.000169
0.22056
0.003416
0.003092
0.003092
0.003435
0.003428
0.003417
0.003186
0.003667
0.003177
0.00361
0.003417
0.003388
0.003408
0.003164
0.003534
0.003288
0.003411
0.003349
0.003639
0.003702
0.006408
0.005747
0.005645
0.004557
0.004964
0.004864
0.004331
0.003614
0.003416
0.003407
0.003129
0.003268
0.003132
0.003087
0.003064
0.00339
0.006274
0.006224
0.006172
0.004761
0.004341
0.00475
0.003658
0.003456
0.003649
0.003317
0.003342
0.003552
0.003529
0.003542
0.003176
0.003171
0.003311
0.003198
0.003115
0.003605
0.00342
0.003059
0.003532
0.003544
0.002949
0.003333
0.003407
0.003512
0.003591
0.003408
0.003426
0.003297
0.00356
0.003323
0.003328
0.003474
0.003777
0.005956
0.005504
0.005354
0.004418
NaN
NaN
NaN
NaN
0.000184
0.23639
0.004857
0.009113
0.008444
0.006692
0.006206
0.005298
0.004415
0.00474
0.004491
0.005038
0.004506
0.004456
0.004912
0.00441
0.004473
0.00464
0.004412
0.004501
0.004601
0.004406
0.004404
0.004361
0.004347
0.00441
0.004526
0.006346
0.009068
0.007796
0.006398
0.005231
0.005048
0.004609
0.005131
0.004472
0.004409
0.004981
0.004481
0.004428
0.004332
0.004343
0.00445
0.004481
0.004274
0.004426
0.004304
0.004699
0.004792
0.004686
0.004651
0.006612
0.00829
0.006933
0.005823
0.005463
0.004689
0.004736
0.004346
0.004582
0.004456
0.008679
0.007875
0.006917
0.006138
0.005777
0.005042
0.004502
0.004686
0.004322
0.004469
0.005052
0.004581
0.004297
0.004314
0.00466
0.004757
0.005065
0.004272
0.004428
0.004389
0.004227
0.004398
0.004421
0.004257
0.004265
0.004332
0.004412
0.004739
0.004376
0.004272
0.004369
0.004288
0.004596
0.004413
0.004574
0.005139
0.004664
0.004823
0.004297
0.004469
0.004581
0.004743
0.004524
0.004335
0.004429
0.004338
0.004619
0.00434
0.004391
0.004838
0.004872
0.004954
NaN
NaN
NaN
NaN
0.000163
0.22561
0.004672
0.004278
0.00454
0.004241
0.004252
0.004308
0.005505
0.004427
0.004123
0.004272
0.004195
NaN
NaN
NaN
NaN
0.000141
0.22949
0.003958
0.005684
0.007296
0.006981
0.006514
0.005244
0.005001
0.004776
0.004186
0.004818
0.004154
0.004098
0.003933
0.004154
0.003888
0.0039
0.003816
0.003867
0.003952
0.004459
0.003837
0.003812
0.003775
0.003869
0.004052
0.004083
0.004133
0.004216
0.004175
0.004177
0.004066
0.004016
0.00384
0.003892
0.004505
0.003957
0.00375
0.003687
0.003606
0.003691
0.004114
0.00363
0.004287
0.004189
0.004074
NaN
NaN
NaN
NaN
0.000155
0.2246
0.004613
0.004317
0.0049
0.005837
0.004376
0.004358
0.004366
0.004878
0.004292
0.004461
0.004351
0.004223
0.004277
0.004564
0.00448
0.004355
0.004161
0.004557
0.006554
0.007809
0.006691
0.005965
0.004833
0.004425
0.00435
0.004229
0.004267
0.004081
0.00454
0.004239
0.004323
0.004316
0.004182
0.004132
0.004219
0.004445
0.004789
0.004212
0.004258
0.004193
NaN
NaN
NaN
NaN
0.000237
0.22939
0.003292
0.003123
0.002931
0.003411
NaN
NaN
NaN
NaN
0.00016
0.21725
0.003099
0.00297
0.002898
0.002721
0.002879
0.002714
0.002804
0.0029
0.00288
0.00306
0.003109
0.002961
0.002968
NaN
NaN
NaN
NaN
0.000148
0.20839
0.003002
0.002735
0.002729
0.003204
0.003318
0.003207
0.002806
0.002721
0.002811
0.002663
0.002931
NaN
NaN
NaN
NaN
0.000301
0.21663
0.00321
0.003124
0.004296
0.002966
0.002747
NaN
NaN
NaN
NaN
0.000147
0.21474
0.003464
0.003168
0.002997
0.002751
0.002823
0.002979
0.00284
0.003278
0.003126
0.002968
0.004299
0.002803
NaN
NaN
NaN
NaN
0.000157
0.218
0.003197
0.005792
0.005679
0.00545
0.004962
0.003994
0.003835
0.004036
0.003571
NaN
NaN
NaN
NaN
0.000167
0.22655
0.003313
0.003074
0.003072
0.002915
0.00276
0.002941
0.002828
NaN
NaN
NaN
NaN
0.000156
0.22227
0.004634
0.00483
0.003304
0.002743
0.003454
0.00371
0.003068
0.003173
0.003963
0.003042
0.0028
NaN
NaN
NaN
NaN
0.000157
0.21898
0.003109
0.003289
NaN
NaN
NaN
NaN
0.000228
0.21457
0.003026
0.002835
0.002789
0.002838
0.003215
0.002787
0.002992
0.003548
0.003397
0.003149
0.003581
0.003014
0.002762
0.002771
0.002827
0.002873
0.002788
0.003344
0.003424
0.003373
0.003195
0.003632
0.003198
0.003286
0.003142
0.00333
0.003334
0.003414
0.006013
0.005744
0.006049
0.004812
0.004422
0.003914
0.003846
0.003217
0.003103
0.003263
0.003094
0.003127
0.004496
0.003233
0.003215
0.003153
0.003097
0.003023
0.002984
0.002898
0.003815
0.005541
0.005678
0.005447
0.004793
0.005872
0.005627
NaN
NaN
NaN
NaN
0.000292
0.21495
0.003088
0.002875
NaN
NaN
NaN
NaN
0.000101
0.21415
0.003188
0.002873
0.003532
0.003165
0.003881
0.003276
0.003542
0.00331
NaN
NaN
NaN
NaN
0.000284
0.22626
0.003387
0.002842
0.003274
0.003851
0.003194
0.002852
0.003647
0.002954
NaN
NaN
NaN
NaN
0.000171
0.22722
0.003052
0.003852
0.002718
0.002896
NaN
NaN
NaN
NaN
0.000153
0.22094
0.003149
0.003295
0.003183
0.003237
NaN
NaN
NaN
NaN
0.000179
0.22287
0.003012
0.003331
0.003271
0.002833
0.00271
0.002714
0.002792
0.002686
0.002709
0.002698
0.002629
0.002577
0.002721
NaN
NaN
NaN
NaN
