1
530.0000,195.0000,36.0000,36.0000
528.0000,202.0000,36.0000,36.0000
526.0000,210.0000,35.0000,35.0000
524.0000,218.0000,34.0000,34.0000
523.0000,226.0000,33.0000,33.0000
521.0000,232.0000,34.0000,34.0000
522.0000,239.0000,34.0000,34.0000
524.0000,244.0000,34.0000,34.0000
526.0000,248.0000,34.0000,34.0000
530.0000,252.0000,33.0000,33.0000
535.0000,253.0000,34.0000,34.0000
543.0000,254.0000,34.0000,34.0000
552.0000,258.0000,34.0000,34.0000
560.0000,261.0000,34.0000,34.0000
572.0000,263.0000,34.0000,34.0000
584.0000,264.0000,33.0000,33.0000
595.0000,265.0000,33.0000,33.0000
605.0000,268.0000,33.0000,33.0000
614.0000,268.0000,34.0000,34.0000
624.0000,271.0000,35.0000,35.0000
634.0000,273.0000,34.0000,34.0000
634.0000,252.0000,34.0000,34.0000
648.0000,279.0000,33.0000,33.0000
653.0000,283.0000,33.0000,33.0000
662.0000,272.0000,32.0000,32.0000
657.0000,272.0000,32.0000,32.0000
667.0000,280.0000,32.0000,32.0000
686.0000,285.0000,33.0000,33.0000
692.0000,285.0000,32.0000,32.0000
696.0000,285.0000,33.0000,33.0000
713.0000,275.0000,33.0000,33.0000
699.0000,281.0000,34.0000,34.0000
705.0000,277.0000,33.0000,33.0000
704.0000,275.0000,33.0000,33.0000
704.0000,280.0000,33.0000,33.0000
702.0000,250.0000,33.0000,33.0000
2
0
0
0
0
1
768.0000,242.0000,27.0000,19.0000
782.0000,236.0000,26.0000,18.0000
797.0000,232.0000,26.0000,18.0000
812.0000,228.0000,26.0000,18.0000
827.0000,224.0000,26.0000,18.0000
844.0000,220.0000,26.0000,18.0000
862.0000,222.0000,25.0000,18.0000
878.0000,208.0000,26.0000,18.0000
882.0000,206.0000,25.0000,17.0000
2
0
0
0
0
1
987.0000,172.0000,21.0000,15.0000
998.0000,168.0000,21.0000,15.0000
1010.0000,165.0000,21.0000,15.0000
1022.0000,162.0000,21.0000,15.0000
1032.0000,161.0000,20.0000,14.0000
1042.0000,162.0000,21.0000,15.0000
1051.0000,169.0000,21.0000,15.0000
1060.0000,175.0000,20.0000,15.0000
1066.0000,175.0000,20.0000,14.0000
1071.0000,169.0000,20.0000,15.0000
1074.0000,161.0000,20.0000,14.0000
1077.0000,152.0000,20.0000,14.0000
1080.0000,146.0000,20.0000,14.0000
1083.0000,140.0000,19.0000,14.0000
1085.0000,134.0000,19.0000,14.0000
1087.0000,129.0000,19.0000,13.0000
1089.0000,124.0000,19.0000,13.0000
1091.0000,121.0000,19.0000,13.0000
1093.0000,120.0000,18.0000,13.0000
1096.0000,116.0000,18.0000,13.0000
1099.0000,110.0000,17.0000,12.0000
1101.0000,99.0000,18.0000,13.0000
1101.0000,85.0000,18.0000,13.0000
1104.0000,78.0000,18.0000,13.0000
1107.0000,76.0000,18.0000,13.0000
1112.0000,71.0000,17.0000,12.0000
1117.0000,64.0000,17.0000,12.0000
1123.0000,58.0000,17.0000,12.0000
1128.0000,54.0000,17.0000,12.0000
1134.0000,52.0000,17.0000,12.0000
1140.0000,49.0000,16.0000,12.0000
1145.0000,45.0000,17.0000,12.0000
1152.0000,45.0000,16.0000,11.0000
1158.0000,45.0000,16.0000,12.0000
1164.0000,44.0000,16.0000,11.0000
1169.0000,41.0000,16.0000,12.0000
1174.0000,39.0000,16.0000,11.0000
1180.0000,42.0000,16.0000,11.0000
1186.0000,44.0000,15.0000,11.0000
1192.0000,48.0000,15.0000,11.0000
1199.0000,52.0000,15.0000,11.0000
1206.0000,58.0000,16.0000,11.0000
1211.0000,69.0000,15.0000,11.0000
1217.0000,83.0000,15.0000,11.0000
1223.0000,96.0000,15.0000,11.0000
1227.0000,111.0000,15.0000,11.0000
1233.0000,127.0000,15.0000,10.0000
2
0
0
0
0
1
2
0
0
0
0
1
1254.0000,311.0000,19.0000,6.0000
1251.0000,314.0000,19.0000,6.0000
1248.0000,317.0000,19.0000,6.0000
1243.0000,320.0000,18.0000,6.0000
1237.0000,325.0000,19.0000,6.0000
1230.0000,330.0000,19.0000,6.0000
1223.0000,339.0000,19.0000,6.0000
1215.0000,347.0000,19.0000,6.0000
1206.0000,356.0000,19.0000,6.0000
1197.0000,365.0000,20.0000,7.0000
1187.0000,375.0000,20.0000,7.0000
1180.0000,384.0000,20.0000,7.0000
1170.0000,393.0000,21.0000,7.0000
2
0
0
0
0
1
1112.0000,448.0000,26.0000,17.0000
1107.0000,454.0000,26.0000,16.0000
1103.0000,458.0000,26.0000,16.0000
1099.0000,462.0000,26.0000,16.0000
1095.0000,466.0000,25.0000,16.0000
1093.0000,466.0000,25.0000,16.0000
1091.0000,465.0000,24.0000,15.0000
1090.0000,462.0000,24.0000,15.0000
1089.0000,459.0000,23.0000,15.0000
1088.0000,456.0000,22.0000,14.0000
1086.0000,451.0000,22.0000,14.0000
1083.0000,450.0000,23.0000,14.0000
1080.0000,449.0000,22.0000,14.0000
1075.0000,448.0000,23.0000,14.0000
1070.0000,447.0000,22.0000,14.0000
1065.0000,445.0000,21.0000,13.0000
1060.0000,446.0000,21.0000,13.0000
1054.0000,447.0000,21.0000,13.0000
1047.0000,446.0000,22.0000,14.0000
1042.0000,445.0000,22.0000,14.0000
1036.0000,444.0000,22.0000,14.0000
1031.0000,443.0000,22.0000,14.0000
1025.0000,438.0000,22.0000,14.0000
1022.0000,435.0000,22.0000,14.0000
1017.0000,431.0000,22.0000,14.0000
1011.0000,428.0000,22.0000,14.0000
1008.0000,426.0000,22.0000,14.0000
1003.0000,422.0000,21.0000,13.0000
998.0000,420.0000,22.0000,14.0000
993.0000,418.0000,22.0000,14.0000
988.0000,418.0000,22.0000,14.0000
984.0000,418.0000,23.0000,14.0000
978.0000,419.0000,23.0000,14.0000
973.0000,417.0000,23.0000,14.0000
969.0000,418.0000,23.0000,15.0000
965.0000,418.0000,24.0000,15.0000
962.0000,417.0000,24.0000,15.0000
959.0000,413.0000,23.0000,15.0000
957.0000,409.0000,23.0000,14.0000
953.0000,405.0000,23.0000,14.0000
949.0000,401.0000,23.0000,14.0000
946.0000,397.0000,23.0000,15.0000
945.0000,392.0000,23.0000,15.0000
945.0000,385.0000,24.0000,15.0000
942.0000,378.0000,23.0000,15.0000
939.0000,374.0000,23.0000,14.0000
928.0000,362.0000,22.0000,14.0000
931.0000,364.0000,22.0000,14.0000
933.0000,358.0000,21.0000,13.0000
929.0000,355.0000,22.0000,14.0000
928.0000,352.0000,22.0000,14.0000
929.0000,351.0000,22.0000,14.0000
920.0000,348.0000,21.0000,13.0000
913.0000,345.0000,21.0000,13.0000
909.0000,341.0000,22.0000,14.0000
914.0000,340.0000,23.0000,14.0000
903.0000,331.0000,23.0000,15.0000
900.0000,328.0000,23.0000,14.0000
896.0000,327.0000,23.0000,14.0000
891.0000,325.0000,23.0000,14.0000
885.0000,324.0000,22.0000,14.0000
883.0000,324.0000,22.0000,14.0000
877.0000,324.0000,21.0000,13.0000
871.0000,326.0000,20.0000,13.0000
863.0000,329.0000,20.0000,13.0000
858.0000,331.0000,20.0000,13.0000
851.0000,330.0000,19.0000,12.0000
844.0000,330.0000,19.0000,12.0000
838.0000,329.0000,19.0000,12.0000
831.0000,328.0000,18.0000,12.0000
823.0000,328.0000,19.0000,12.0000
815.0000,330.0000,19.0000,12.0000
808.0000,334.0000,18.0000,12.0000
800.0000,337.0000,19.0000,12.0000
793.0000,339.0000,19.0000,12.0000
786.0000,340.0000,19.0000,12.0000
779.0000,339.0000,20.0000,13.0000
777.0000,337.0000,20.0000,13.0000
769.0000,337.0000,19.0000,12.0000
765.0000,324.0000,20.0000,13.0000
755.0000,328.0000,20.0000,13.0000
748.0000,322.0000,21.0000,13.0000
744.0000,317.0000,20.0000,13.0000
749.0000,314.0000,20.0000,13.0000
751.0000,307.0000,20.0000,13.0000
752.0000,303.0000,21.0000,13.0000
2
0
0
0
0
1
698.0000,248.0000,26.0000,24.0000
694.0000,244.0000,26.0000,24.0000
691.0000,241.0000,26.0000,24.0000
688.0000,237.0000,25.0000,23.0000
685.0000,234.0000,26.0000,24.0000
683.0000,233.0000,25.0000,23.0000
679.0000,231.0000,25.0000,23.0000
676.0000,229.0000,25.0000,23.0000
672.0000,227.0000,24.0000,22.0000
669.0000,226.0000,24.0000,22.0000
665.0000,222.0000,24.0000,22.0000
660.0000,221.0000,24.0000,22.0000
655.0000,217.0000,24.0000,22.0000
650.0000,215.0000,25.0000,23.0000
644.0000,213.0000,25.0000,23.0000
638.0000,213.0000,26.0000,24.0000
631.0000,212.0000,26.0000,24.0000
625.0000,212.0000,27.0000,25.0000
617.0000,212.0000,26.0000,24.0000
611.0000,212.0000,26.0000,24.0000
603.0000,211.0000,26.0000,24.0000
595.0000,210.0000,26.0000,24.0000
588.0000,209.0000,27.0000,25.0000
578.0000,209.0000,27.0000,25.0000
570.0000,207.0000,27.0000,24.0000
562.0000,206.0000,27.0000,24.0000
554.0000,206.0000,26.0000,24.0000
546.0000,206.0000,26.0000,24.0000
539.0000,206.0000,25.0000,23.0000
533.0000,205.0000,26.0000,24.0000
525.0000,206.0000,26.0000,24.0000
520.0000,206.0000,27.0000,25.0000
515.0000,206.0000,27.0000,25.0000
509.0000,207.0000,28.0000,25.0000
504.0000,208.0000,28.0000,26.0000
499.0000,208.0000,27.0000,25.0000
494.0000,210.0000,27.0000,24.0000
492.0000,210.0000,27.0000,25.0000
488.0000,210.0000,27.0000,25.0000
483.0000,210.0000,28.0000,25.0000
481.0000,214.0000,27.0000,25.0000
478.0000,215.0000,27.0000,24.0000
476.0000,220.0000,26.0000,24.0000
472.0000,223.0000,26.0000,24.0000
471.0000,227.0000,26.0000,24.0000
467.0000,229.0000,27.0000,24.0000
465.0000,232.0000,27.0000,24.0000
464.0000,236.0000,27.0000,25.0000
461.0000,239.0000,28.0000,26.0000
460.0000,244.0000,27.0000,25.0000
459.0000,248.0000,27.0000,25.0000
459.0000,251.0000,27.0000,25.0000
458.0000,254.0000,26.0000,24.0000
457.0000,257.0000,26.0000,24.0000
456.0000,258.0000,27.0000,25.0000
456.0000,261.0000,26.0000,24.0000
457.0000,265.0000,25.0000,23.0000
457.0000,268.0000,25.0000,23.0000
457.0000,274.0000,26.0000,24.0000
458.0000,277.0000,25.0000,23.0000
459.0000,280.0000,26.0000,24.0000
461.0000,283.0000,26.0000,24.0000
462.0000,285.0000,27.0000,25.0000
464.0000,288.0000,26.0000,24.0000
465.0000,291.0000,26.0000,24.0000
467.0000,293.0000,27.0000,25.0000
470.0000,296.0000,26.0000,24.0000
472.0000,297.0000,26.0000,24.0000
473.0000,300.0000,26.0000,24.0000
474.0000,299.0000,26.0000,24.0000
474.0000,303.0000,27.0000,24.0000
475.0000,303.0000,26.0000,24.0000
475.0000,309.0000,27.0000,24.0000
472.0000,317.0000,27.0000,24.0000
474.0000,313.0000,27.0000,25.0000
471.0000,324.0000,27.0000,25.0000
468.0000,315.0000,26.0000,24.0000
460.0000,329.0000,26.0000,24.0000
464.0000,322.0000,27.0000,24.0000
452.0000,309.0000,26.0000,24.0000
461.0000,314.0000,26.0000,24.0000
459.0000,313.0000,25.0000,23.0000
469.0000,301.0000,25.0000,23.0000
2
0
0
0
0
1
438.0000,326.0000,25.0000,22.0000
437.0000,327.0000,26.0000,22.0000
436.0000,327.0000,27.0000,23.0000
436.0000,328.0000,26.0000,23.0000
436.0000,328.0000,25.0000,22.0000
437.0000,328.0000,25.0000,21.0000
438.0000,328.0000,24.0000,21.0000
439.0000,329.0000,24.0000,21.0000
441.0000,329.0000,24.0000,20.0000
444.0000,331.0000,23.0000,20.0000
444.0000,331.0000,23.0000,20.0000
446.0000,332.0000,22.0000,19.0000
446.0000,332.0000,23.0000,20.0000
445.0000,333.0000,23.0000,20.0000
444.0000,335.0000,22.0000,19.0000
444.0000,338.0000,22.0000,19.0000
439.0000,338.0000,22.0000,19.0000
434.0000,338.0000,22.0000,19.0000
429.0000,337.0000,22.0000,19.0000
424.0000,338.0000,22.0000,19.0000
419.0000,337.0000,22.0000,19.0000
413.0000,335.0000,22.0000,19.0000
407.0000,333.0000,21.0000,18.0000
402.0000,332.0000,21.0000,18.0000
397.0000,328.0000,21.0000,18.0000
390.0000,323.0000,21.0000,18.0000
385.0000,320.0000,21.0000,18.0000
380.0000,316.0000,21.0000,18.0000
374.0000,314.0000,20.0000,18.0000
372.0000,311.0000,20.0000,17.0000
366.0000,306.0000,20.0000,18.0000
363.0000,301.0000,21.0000,18.0000
361.0000,301.0000,21.0000,18.0000
359.0000,299.0000,21.0000,18.0000
357.0000,297.0000,20.0000,17.0000
354.0000,293.0000,20.0000,18.0000
354.0000,292.0000,20.0000,17.0000
351.0000,290.0000,20.0000,17.0000
