0.000143
0.21749
0.004536
0.004194
0.00408
0.003863
0.002884
0.00392
0.004041
0.004309
0.00404
0.00293
0.003066
0.004067
0.004191
0.004048
0.003937
0.004063
0.00413
0.004426
0.004161
0.004171
0.004189
0.004124
0.004265
0.004073
0.004124
0.004084
0.004084
0.004229
0.004068
0.004373
0.004331
0.004003
0.003064
0.003077
0.003014
0.004363
0.004298
0.004244
0.004176
0.004761
0.004862
0.00514
0.004593
0.004734
0.007122
0.004862
0.005192
0.00404
0.004004
0.005073
0.005151
0.004117
0.003916
0.003088
0.004177
0.004107
0.004075
0.004179
0.003978
0.004076
0.004012
0.004052
0.004057
0.004009
0.004532
0.004014
0.004049
0.004185
0.004225
0.003967
0.004206
0.004089
0.003991
0.002942
0.004021
0.00403
0.004171
0.004248
0.004113
0.004236
0.004179
0.004073
0.004044
0.003998
0.0042
0.004124
0.005761
0.005682
0.005263
0.004082
0.00504
0.004181
0.004024
0.004103
0.00404
0.004088
0.004015
0.004476
0.004194
0.004183
0.004054
0.004076
0.004152
0.004103
0.004298
0.004135
0.005548
0.004116
0.004206
0.004148
0.00415
0.004058
0.003542
0.003422
0.003294
0.002928
0.002836
0.002919
0.002855
0.003044
0.003966
0.004075
0.004154
0.004241
0.003976
0.004039
0.004242
0.004156
0.004014
0.004056
0.004047
0.005011
0.004903
0.006414
0.003066
0.003594
0.004371
0.004073
0.004575
0.004163
0.004159
0.006717
0.007454
0.005227
0.003833
0.003885
0.005325
0.004215
0.003553
0.006728
0.00738
0.008085
0.007679
0.005897
0.005045
0.004954
0.004368
0.004325
0.004032
0.003966
0.00658
0.007563
0.006869
0.005661
0.004973
0.00447
0.004351
0.003998
0.004449
0.006261
0.007233
0.006967
0.007096
0.005414
0.006637
0.006129
0.005202
0.004765
0.004275
0.004021
0.004022
0.003962
0.003975
0.004594
0.004108
0.004046
0.003952
0.004041
0.0062
0.006984
0.00557
0.006226
0.00566
0.004577
