1.2435
0.15277
0.087535
0.072972
0.098043
0.085086
0.054803
0.055913
0.058829
0.028265
0.02736
0.030845
0.027368
0.029454
0.068913
0.028459
0.025957
0.0266
0.025137
0.027163
0.052413
0.031444
0.034399
0.028392
0.044002
0.029573
0.053073
0.040144
0.030897
0.027536
0.036201
0.031588
0.059219
0.030036
0.033041
0.028427
0.025849
0.028107
0.049979
0.027961
0.027091
0.03709
0.027254
0.034311
0.050524
0.025571
0.02617
0.028503
0.025917
0.028127
0.047808
0.026807
0.025157
0.02691
0.026674
0.036541
0.05015
0.027667
0.026686
0.02928
0.025742
