0.000143
0.22888
0.00543
0.00493
0.004518
0.004613
0.004791
0.00519
0.005085
0.004802
0.006267
0.005859
0.004638
0.004561
0.005211
0.004615
0.004463
0.005364
0.004562
0.004629
0.005325
0.004775
0.004729
0.004949
0.004875
0.004526
0.005216
0.004564
0.004786
0.00647
0.005069
0.00461
0.004585
0.004611
0.004691
0.004856
0.005665
0.004755
0.004555
0.004789
0.004817
0.004808
0.0046
0.005083
0.004636
0.004802
0.005037
0.004802
0.006216
0.005376
0.005054
0.004388
0.004435
0.004584
0.00514
0.004579
0.004661
0.004938
0.0045
0.004661
0.004886
0.00451
0.004662
0.004593
0.005316
0.004611
0.004702
0.006069
0.005663
0.004692
0.004374
0.004721
0.004991
0.004664
0.00522
0.004819
0.005
0.004659
0.004737
0.004516
0.004676
0.004622
0.00446
0.004934
0.00572
0.005011
0.008115
0.005681
0.004729
0.004837
0.004948
0.005092
0.005857
0.004969
0.005774
0.004962
0.004924
0.004563
0.00478
0.004812
0.004864
0.004611
0.004923
0.005288
0.006488
0.004877
0.004464
0.004597
0.004754
0.004507
0.00494
0.005413
0.004872
0.005706
0.005847
0.004487
0.004606
0.004772
0.004549
0.00472
0.004841
0.004585
0.004839
0.004931
0.004649
0.00478
0.004758
0.004508
0.004749
0.004887
0.004555
0.004954
0.004949
0.004628
0.004845
0.005238
0.004605
0.00471
0.004875
0.004653
0.004726
0.004917
0.004736
0.004901
0.004731
0.004682
0.004827
0.004622
0.005144
0.00482
0.004712
0.005183
0.009659
0.007656
0.00664
0.00629
0.005126
0.009603
0.008348
0.006884
0.005586
0.009768
0.008097
0.006442
0.005747
0.004948
0.004663
0.004605
0.005058
0.004883
0.006619
0.005745
0.005267
0.004822
0.005042
0.005208
0.004732
0.004981
0.009437
0.00877
0.006768
0.006095
0.005965
0.004631
0.004777
0.004749
0.004545
0.004554
0.004626
0.005051
0.00449
0.004775
0.004836
0.004431
0.00486
0.009404
0.008705
0.007258
0.005443
0.0056
0.004542
0.004502
0.004546
0.004578
0.00463
0.004515
0.004811
0.004569
0.004489
0.005011
0.004694
0.004584
0.004696
0.005027
0.004443
0.004524
0.004617
0.004683
0.004659
0.004532
0.004559
0.004654
0.004889
0.00447
0.004727
0.004702
0.004514
0.005546
0.009528
0.008515
0.006734
0.005474
0.005014
0.006124
0.00521
0.004749
0.004535
0.004606
0.004344
0.004776
0.004406
0.004522
0.004413
0.00447
0.005021
0.00445
0.004643
0.004601
0.004474
0.004441
0.004451
0.004687
0.004392
0.004473
0.004435
0.004718
0.004335
0.004505
0.004793
0.005554
0.005165
0.009487
0.008136
0.006876
0.005389
0.005861
0.005696
0.00504
0.004593
0.004678
0.004979
0.004386
0.005115
0.004838
0.004442
0.005059
0.005081
0.0045
0.00456
0.00456
0.004377
0.004798
0.004702
0.005254
0.004675
0.004777
0.004874
0.004474
0.004533
0.004524
0.004841
0.00935
0.00774
0.005982
0.005601
0.004803
0.004713
0.004589
0.00577
0.00434
0.004459
0.004866
0.00457
0.00447
0.004363
0.004659
0.004339
0.004488
0.004791
0.00493
0.004358
0.004564
0.004645
0.004701
0.004895
0.004855
0.004593
0.004529
0.005251
0.00482
0.004832
0.004907
0.004928
0.004586
0.004555
0.004441
0.004525
0.00451
0.004356
0.004485
0.004673
0.004542
0.004677
0.005161
0.004419
0.004516
0.004528
0.006115
0.004362
0.004634
0.004311
0.005845
0.004926
0.004323
0.004566
0.004557
0.004839
0.004534
0.004529
0.004654
0.00478
0.00539
0.005365
0.005063
0.00521
0.004561
0.007276
0.004501
0.005213
0.005732
0.004686
0.004932
0.005011
0.005771
0.004432
0.004837
0.004615
0.004616
0.004924
0.004706
0.005058
0.009201
0.007701
0.006555
0.006065
0.004823
0.004842
0.005862
0.006167
0.005558
0.005351
0.005119
0.00515
0.005141
0.004565
0.005809
0.004878
0.004894
0.004403
0.004425
0.004375
0.004426
0.004362
0.004706
0.004299
0.004498
0.004633
0.004967
0.004358
0.004404
0.004473
0.005015
0.004608
0.00453
0.005418
0.005083
0.004332
0.00495
0.004896
0.004608
0.004811
0.004734
0.004634
0.004773
0.004318
0.004373
0.004562
0.005216
0.005481
0.0047
0.004429
0.004429
0.00461
0.004568
0.004743
0.004747
0.009296
0.008845
0.006994
0.005329
0.004662
0.004705
0.004623
0.004561
0.004693
0.004502
0.004245
0.004506
0.00457
0.004769
0.004779
0.004768
0.004762
0.009234
0.008788
0.006886
0.005599
0.005629
0.005192
0.009269
0.007411
0.006225
0.004575
0.004446
0.004583
0.004443
0.00444
0.004604
0.00447
0.004492
0.004423
0.004575
0.004484
0.004341
0.004502
0.004868
0.004676
0.009111
0.008223
0.006707
0.005789
0.004823
0.004543
0.004971
0.009384
0.009824
0.009502
0.009137
0.007511
0.005465
0.005279
0.004586
0.004672
0.004869
0.004376
0.004361
0.004422
0.004311
0.004863
0.004284
0.004394
0.004444
0.004824
0.00452
0.00455
0.004936
0.00431
0.004682
0.004701
0.004695
0.004531
0.00472
0.004486
0.004769
0.004681
0.004385
0.005144
0.00445
0.004552
0.005198
0.005042
0.004975
0.004912
0.004488
0.004321
0.004604
0.004459
0.004402
0.004396
0.004414
0.005078
0.00471
0.004609
0.004899
0.004583
0.004468
0.00452
0.004823
0.004891
0.004746
0.00928
0.007072
0.009481
0.00804
0.006486
0.005875
0.004866
0.004492
0.005017
0.004984
0.005952
0.005298
0.005074
0.004433
0.004743
0.004616
0.004697
0.004488
0.004414
0.004347
0.004927
0.004449
0.004428
0.004565
0.004523
0.004463
0.004326
0.00457
