0.000175
0.20128
0.001321
0.001161
0.001171
0.001185
0.001307
0.001167
0.001154
0.001158
0.001227
0.001157
0.001246
0.001164
0.001228
0.001155
0.001159
0.001152
0.001228
0.001154
0.001151
0.001151
0.001158
0.001243
0.001158
0.001254
0.001238
0.001159
0.001268
0.001155
0.00126
0.001087
0.001153
0.00115
0.001171
0.00113
0.00115
0.001054
0.001151
0.001169
0.001273
0.001234
0.001505
0.00124
0.001264
0.001254
0.001328
0.001304
0.001342
0.002735
0.002573
0.002543
0.002553
0.002603
0.002363
0.002179
0.002145
0.002293
0.001795
0.00182
0.001753
0.001754
0.001713
0.001624
0.001646
0.001598
0.001667
0.001515
0.001455
0.001413
0.001458
0.001436
0.00135
0.001275
0.001255
0.001298
0.001314
0.001297
0.001291
0.001282
0.001231
0.00131
0.001226
0.00124
0.001303
0.001155
0.001261
0.001232
0.001304
0.00123
0.001229
0.001292
0.001257
0.001369
0.001254
0.001307
0.001216
0.001161
0.001233
0.001074
0.001233
0.001152
0.001168
0.00158
0.001185
0.001297
0.001207
0.001247
0.001057
0.001065
0.001156
0.001149
0.001148
0.001158
0.001222
0.001267
0.001165
0.001162
0.001244
0.001157
0.001221
0.001173
0.001102
0.001157
0.001066
0.001158
0.001177
0.002381
0.002572
0.002499
0.002401
0.002183
0.002146
0.002155
0.001931
0.001771
0.001887
0.001833
0.001841
0.001506
0.001509
0.001475
0.001494
0.001459
0.00137
0.001331
0.001445
0.001346
0.001395
0.001332
0.001261
0.001275
0.001272
0.00129
0.001257
0.001247
0.001164
0.001159
0.001256
0.00116
0.001237
0.001159
0.00124
0.001234
0.001233
0.001226
0.001252
0.001229
0.001253
0.001253
0.001198
0.001357
0.001249
0.001255
0.001264
0.001159
0.001158
0.001232
0.001095
0.001303
0.001159
0.001159
0.001256
0.001159
0.00134
0.001174
0.001188
0.001227
0.001286
0.001239
0.001159
0.001183
0.001157
0.001049
0.001269
0.001164
0.001199
0.001156
0.001375
0.001256
0.001252
0.00125
0.001168
0.001232
0.001157
0.001158
0.001161
0.001157
0.001158
0.001243
0.001159
0.001265
0.00116
0.001158
0.001238
0.001164
0.001258
0.001077
0.001079
0.001234
0.001158
0.001158
0.001177
0.001045
0.00128
0.001159
0.001273
0.001303
0.001246
0.001369
0.001343
0.001449
0.001477
0.001344
0.001323
0.001303
0.001216
0.001203
0.001253
0.001255
0.001206
0.001187
0.001159
0.001159
0.001159
0.001195
0.001158
0.00116
0.00117
0.001157
0.001167
0.001077
0.00116
0.001258
0.001018
0.001292
0.001056
0.001076
0.001169
0.001157
0.001249
0.001159
0.001159
0.001262
0.001054
0.001267
0.00125
