0.000142
0.21742
0.005682
0.005076
0.004859
0.004957
0.00526
0.005066
0.004967
0.005214
0.005259
0.005509
0.005093
0.005072
0.005007
0.005124
0.00532
0.004995
0.005693
0.005409
0.005232
0.005012
0.004926
0.005415
0.005004
0.005493
0.005498
0.005099
0.004983
0.005057
0.005641
0.004985
0.005604
0.005192
0.004965
0.004929
0.005337
0.00562
0.005152
0.006054
0.005453
0.005462
0.011252
0.008887
0.006925
0.006686
0.005011
0.005623
0.010603
0.009298
0.007476
0.0063
0.005257
0.005275
0.004862
0.004941
0.00495
0.004858
0.00495
0.005002
0.00492
0.004973
0.005448
0.004811
0.004799
0.004962
0.004967
0.004903
0.004984
0.004882
0.004827
0.004845
0.004777
0.00501
0.00495
0.004829
0.004813
0.005176
0.00504
0.005318
0.004729
0.004769
0.005444
0.004835
0.007034
0.004709
0.005406
0.005194
0.005325
0.004917
0.004799
0.004804
0.004821
0.004771
0.004677
0.004784
0.004753
0.005221
0.004958
0.00492
0.004722
0.00479
0.004785
0.005169
0.004824
0.004956
0.005088
0.004763
0.004708
0.004678
0.00475
0.004784
0.005336
