0.000142
0.21282
0.004834
0.0045
0.004503
0.004277
0.004478
0.004802
0.00424
0.004247
0.004333
0.004678
0.004203
0.004486
0.004907
0.004329
0.004252
0.00467
0.004832
0.004292
0.004447
0.004344
0.004313
0.004403
0.004377
0.004411
0.004253
0.004328
0.004374
0.00461
0.004457
0.004359
0.004397
0.004767
0.004496
0.004432
0.004773
0.004433
0.004472
0.004285
0.004673
0.004448
0.006444
0.006242
0.006035
0.00622
0.005308
0.004679
0.004408
0.004415
0.004581
0.00444
0.004331
0.004442
0.004386
NaN
NaN
NaN
NaN
0.000178
0.22379
0.004446
0.004404
0.004305
0.004177
0.004547
0.004106
0.004113
0.004131
0.004196
0.004355
0.004194
0.004149
0.004404
0.00454
0.004189
0.004164
0.004177
0.004463
0.00416
0.004198
0.0044
0.004398
0.004353
0.004363
0.004535
0.004232
0.004491
0.004674
0.004457
0.005024
0.004292
0.004255
0.004411
0.004388
0.004171
0.004473
0.004298
0.004272
0.00416
0.004241
0.004318
0.004825
0.004439
0.004518
0.004257
0.004274
0.004233
0.00404
0.004047
0.004186
0.004259
0.004003
0.004215
0.004198
0.004514
0.004152
0.004196
0.004332
0.004148
0.008003
0.007618
0.006216
0.005646
0.004779
0.005284
0.008288
0.007834
0.00657
0.005175
0.006191
0.004637
0.004538
0.004406
0.004308
0.004421
0.00425
0.004354
0.00424
0.004951
0.004475
0.004396
0.004663
0.004325
0.004353
0.00426
0.004323
0.004305
0.004319
0.004183
0.004427
0.004222
0.004018
0.004204
NaN
NaN
NaN
NaN
0.000181
0.21613
0.004563
0.004088
0.004487
0.004466
0.00459
0.004951
0.004541
0.004402
0.004771
0.004471
0.004246
0.004369
0.004353
0.004405
0.004343
0.004325
0.005869
0.006089
0.006034
0.006435
0.005338
0.004221
0.004081
0.006139
0.004808
0.004429
0.004365
0.004275
0.00439
0.004545
0.004389
0.004277
0.004271
0.004889
0.004393
0.0044
0.00447
0.004439
0.004334
NaN
NaN
NaN
NaN
0.000156
0.23571
0.004769
0.004272
0.004924
0.00454
0.004447
0.004888
0.004635
0.004278
0.004281
0.004379
0.004396
0.004366
0.004955
0.004557
0.0046
0.004993
0.004642
0.004745
0.004657
0.004731
0.004882
0.004392
0.004411
0.005315
0.004886
0.004415
0.004727
0.004419
0.004438
0.004846
0.004194
0.0045
0.004404
0.004316
0.004466
0.004494
0.004785
0.004663
0.004493
0.004729
0.004346
0.004369
0.004409
0.004298
0.004564
0.004268
0.004623
0.004329
0.004356
NaN
NaN
NaN
NaN
0.000169
0.22546
0.004484
0.004588
0.004519
0.005046
0.005224
0.005027
0.005117
0.00486
0.004945
0.00488
0.005897
0.004943
0.004553
0.004538
0.00463
NaN
NaN
NaN
NaN
0.00019
0.22537
0.004792
0.004668
0.004274
0.00426
0.00413
0.004838
0.004435
0.004391
0.004551
0.004174
0.004401
0.004216
0.004557
0.004196
0.004254
0.00428
0.004797
0.004141
0.00437
0.004281
0.004595
0.004207
0.004413
0.004437
0.004351
0.00426
0.0044
0.005076
0.00425
0.004419
0.005065
0.004508
0.00442
0.004693
0.004342
0.004439
0.007141
0.007775
0.00691
0.006981
0.005888
0.004885
0.005149
NaN
NaN
NaN
NaN
0.000158
0.22936
0.005253
0.005319
0.005301
0.005168
0.005112
0.005082
0.005074
0.005019
0.00563
0.005039
0.004834
0.005175
0.00569
NaN
NaN
NaN
NaN
0.000258
0.25142
0.008203
0.008192
0.007747
0.007591
0.007736
0.008763
0.008103
0.008228
0.008079
0.008348
0.009466
0.008553
0.008732
0.008851
0.008652
0.00911
NaN
