0.000149
0.2088
0.002047
0.0017
0.001523
0.001661
0.001522
0.001571
0.001511
0.001497
0.001525
0.001523
0.001544
0.001458
0.001459
0.00156
0.001499
0.001538
0.001661
0.001584
0.001629
0.001555
0.001609
0.001496
0.001502
0.00154
0.001538
0.001659
0.001569
0.001586
0.001571
0.001498
0.001465
0.001496
0.001472
0.001521
0.001494
0.001694
0.001553
0.001652
0.001703
0.001469
0.001628
0.001473
0.001583
0.001663
0.001775
0.001666
0.001689
0.001719
0.001666
0.001656
0.001596
0.001661
0.001642
0.00164
0.001497
0.001549
0.001499
0.0015
0.001501
0.001489
0.001515
0.0015
0.00154
0.001462
0.001532
0.001471
0.001571
0.00145
0.001546
0.001454
0.001635
0.00153
NaN
NaN
NaN
NaN
0.000156
0.21898
0.001576
0.001429
0.001379
0.001393
0.001231
0.001406
0.001398
0.001452
0.0015
0.001506
0.001457
0.001463
0.001441
0.001471
0.001594
0.001485
NaN
NaN
NaN
NaN
0.000194
0.24241
0.001591
0.001557
0.001451
0.001564
0.001257
0.001485
0.001532
0.001332
NaN
NaN
NaN
NaN
0.000183
0.21993
NaN
NaN
NaN
NaN
0.000148
0.21326
NaN
NaN
NaN
NaN
0.000154
0.21196
0.001478
0.001577
0.001273
NaN
NaN
NaN
NaN
0.000175
0.21123
0.001403
0.00134
0.001307
0.00134
0.001285
0.0014
0.001292
0.001376
NaN
NaN
NaN
NaN
0.000153
0.23841
0.001364
0.001288
0.001208
0.001274
0.001196
0.001277
0.001261
NaN
NaN
NaN
NaN
0.000239
0.21587
0.001247
0.001254
0.001349
0.001276
0.001301
0.002772
0.002667
0.002784
0.002774
0.002583
0.002657
0.002379
0.002276
0.002105
0.002009
0.001923
0.00205
0.001835
0.001746
0.001913
0.001828
0.00161
0.001558
0.00158
NaN
NaN
NaN
NaN
0.000149
0.21423
0.000938
0.00088
0.000919
0.000934
0.000968
0.001236
0.001358
0.001015
0.001539
0.00102
0.001446
0.001434
0.001493
0.001484
0.001619
0.00149
0.001732
0.001763
0.001374
0.001383
0.001259
0.001257
0.001267
0.001245
0.001061
0.00125
0.001286
0.001252
0.001231
0.001261
0.001152
0.001225
0.001155
0.001229
0.001154
0.001168
0.00118
0.00115
0.001309
0.001117
0.001171
0.001149
0.001008
0.001048
0.001059
0.001146
0.001066
0.001058
0.001277
0.001007
0.000959
0.001009
0.000951
0.001056
0.000964
0.000948
0.000988
0.000963
0.000977
0.000969
0.000996
0.000945
0.001059
0.000962
0.000933
0.000955
0.000914
0.001005
0.000955
0.000979
0.001016
0.001063
0.00104
0.00118
0.001039
0.001037
0.00115
0.001013
0.001124
0.000998
0.001066
0.001209
0.001018
0.001085
0.00111
0.001173
0.001051
0.001015
0.001032
0.00105
0.000973
0.000965
0.001005
0.001025
0.001189
0.000977
0.001009
0.000991
0.000971
0.000953
0.000997
0.000952
0.000953
0.00115
0.001022
0.000983
0.001022
0.000996
0.001165
0.001014
0.000999
0.000976
0.000995
0.001054
0.001059
0.001069
0.000999
0.000992
0.000984
0.001081
0.000988
0.000986
0.001074
0.001022
0.001146
0.001156
0.001281
0.001197
0.001058
0.001039
0.001071
0.00102
0.001047
0.001032
0.001087
0.001366
0.001071
0.001174
0.001026
0.00098
0.001067
0.000975
0.001696
0.001948
0.001209
NaN
NaN
NaN
NaN
0.000175
0.20317
0.001324
0.001462
0.001166
0.001181
0.00101
NaN
NaN
NaN
NaN
0.000306
0.21728
0.001421
0.001173
0.001366
0.001281
0.001215
0.001155
0.001268
NaN
NaN
NaN
NaN
0.000162
0.20982
0.000907
0.000909
0.000845
NaN
NaN
NaN
NaN
0.000169
0.21563
0.00105
0.000932
NaN
NaN
NaN
NaN
0.000229
0.20867
0.001325
0.001286
0.001035
0.001043
0.000999
0.001394
0.001079
0.001013
0.000761
0.000928
NaN
NaN
NaN
NaN
0.000153
0.2207
0.001033
0.000937
0.000937
0.000901
0.000982
0.000928
0.000911
0.000988
0.000982
0.000956
0.001006
0.00097
0.001102
0.001021
0.001047
0.001103
NaN
NaN
NaN
NaN
0.000161
0.22484
0.001215
0.001049
0.00118
0.000948
0.00099
0.000945
0.001017
0.000992
0.000958
0.000949
0.001131
0.00106
0.001183
0.001215
NaN
NaN
NaN
NaN
0.000115
0.23481
0.001066
0.000985
0.001027
0.000975
0.000951
0.001001
0.000926
0.00102
0.000985
0.000957
0.001048
0.001009
0.000982
0.001004
0.000992
0.001009
0.001048
0.000983
0.00096
0.000979
0.000989
0.000991
0.000975
0.000978
0.001039
0.000993
0.001001
0.001042
0.001006
0.000987
0.001022
0.000968
0.001016
0.000954
0.00096
0.000999
0.00099
0.000968
0.001132
0.000936
0.000955
0.001005
0.001011
0.001016
0.000996
0.000962
0.001078
0.000974
0.000965
0.001091
0.001018
0.001006
0.001078
0.001094
0.001186
0.001046
0.001047
0.001151
0.001033
0.001043
0.001034
0.001038
0.001096
0.001004
0.001053
0.001063
0.000976
0.001021
0.001034
NaN
NaN
NaN
NaN
0.000143
0.21254
0.002284
0.002194
0.002201
0.002166
0.002157
0.002338
0.002175
0.001799
0.002037
0.002051
0.001912
0.001871
0.001789
0.00168
0.001862
0.001606
0.001698
0.001601
0.001752
0.00248
0.002433
0.002219
0.002413
0.002338
0.002199
0.002212
0.001869
0.001837
0.001871
0.001836
0.001651
0.001643
0.001603
0.001692
0.001657
0.001439
0.001366
0.001337
0.001305
0.001565
0.001382
0.001397
0.001319
0.00141
0.001286
0.001376
0.001285
0.001285
