0.000138,0.000154,0.000145,0.000135,0.000141,0.000151,0.000136,0.000112,0.000133,0.000111,0.000338,0.000144,0.000174,0.000194,0.000132
0.62833,0.6304,0.60578,0.60839,0.61972,0.60258,0.62225,0.61538,0.62639,0.61436,0.62775,0.60174,0.61127,0.61867,0.62079
0.016187,0.01575,0.015947,0.015939,0.015664,0.016,0.016053,0.015772,0.015819,0.01591,0.015826,0.015743,0.016001,0.015955,0.016027
0.015541,0.015511,0.015508,0.015531,0.015368,0.015461,0.015518,0.015891,0.015678,0.015203,0.015696,0.01692,0.015345,0.015705,0.018209
0.015693,0.015346,0.015467,0.015602,0.015288,0.016084,0.015828,0.01948,0.016092,0.015733,0.015649,0.015784,0.015754,0.016187,0.015527
0.015599,0.016218,0.015855,0.015775,0.015793,0.015597,0.016355,0.015991,0.015649,0.015475,0.016228,0.016024,0.016056,0.015736,0.01604
0.015897,0.016249,0.015816,0.01615,0.016313,0.015621,0.015833,0.015994,0.015937,0.015906,0.01597,0.015734,0.015514,0.01585,0.015838
0.026451,0.027382,0.03115,0.027729,0.028719,0.028756,0.027415,0.028319,0.028434,0.027504,0.028261,0.03009,0.027719,0.027841,0.028708
0.029875,0.032051,0.029899,0.031195,0.034747,0.029839,0.027831,0.034319,0.030401,0.032494,0.030384,0.030617,0.031198,0.030178,0.028498
0.031756,0.028183,0.027815,0.031644,0.032187,0.032391,0.028012,0.03112,0.027583,0.03088,0.027386,0.028288,0.032702,0.030888,0.032229
0.02719,0.030857,0.031454,0.031421,0.03238,0.027756,0.027749,0.0308,0.037857,0.031751,0.032545,0.030584,0.035553,0.030625,0.02709
0.022748,0.018279,0.018343,0.021166,0.017543,0.025086,0.021641,0.018107,0.017953,0.020695,0.019518,0.021148,0.017721,0.020795,0.032123
0.098408,0.082611,0.08482,0.092081,0.081788,0.089526,0.091363,0.083856,0.086332,0.086249,0.085192,0.091406,0.079916,0.085748,0.10055
0.02641,0.021852,0.02204,0.021997,0.021051,0.025622,0.021957,0.025362,0.021564,0.022075,0.022754,0.021219,0.023347,0.019349,0.026401
0.017495,0.016859,0.017609,0.017452,0.018313,0.020089,0.017627,0.017243,0.01798,0.017419,0.017628,0.017608,0.016943,0.017623,0.018197
0.017304,0.01667,0.018006,0.01781,0.017698,0.017517,0.017247,0.017152,0.017406,0.017256,0.017388,0.016971,0.017448,0.016873,0.017712
0.016746,0.0173,0.016907,0.017469,0.017326,0.016723,0.016774,0.016455,0.017039,0.016991,0.016567,0.018749,0.016372,0.017104,0.016623
0.016614,0.016605,0.016345,0.016621,0.016817,0.016246,0.016295,0.01625,0.017104,0.01861,0.016442,0.016751,0.016856,0.01637,0.016225
0.01693,0.016443,0.017254,0.016365,0.016599,0.019406,0.017105,0.028631,0.016759,0.018497,0.016556,0.016974,0.016562,0.017023,0.016412
0.017704,0.017633,0.017356,0.017496,0.017238,0.017482,0.018219,0.01739,0.017527,0.017515,0.017601,0.017221,0.017312,0.017386,0.017519
0.017825,0.017776,0.017858,0.017735,0.017658,0.017401,0.017705,0.017784,0.01831,0.0177,0.017973,0.017609,0.018095,0.017823,0.017778
0.017798,0.01774,0.01803,0.017568,0.018031,0.017676,0.017795,0.017886,0.028535,0.017703,0.017888,0.017961,0.01793,0.017773,0.017777
0.018124,0.01792,0.017781,0.017732,0.018307,0.017798,0.017624,0.017664,0.017545,0.020065,0.017503,0.017516,0.01754,0.017282,0.017458
0.017059,0.016973,0.017154,0.016868,0.016696,0.016798,0.016637,0.01694,0.017297,0.017168,0.017521,0.017132,0.017022,0.01698,0.01687
0.017337,0.017189,0.01713,0.017085,0.016966,0.017415,0.016889,0.017226,0.017042,0.017223,0.017174,0.017037,0.01716,0.017121,0.017191
0.018139,0.018029,0.017888,0.017697,0.017519,0.018013,0.018476,0.017496,0.017708,0.017442,0.017658,0.017853,0.017777,0.018588,0.01793
0.017859,0.017802,0.017898,0.017947,0.018074,0.017998,0.018303,0.017998,0.017952,0.018491,0.018198,0.018504,0.018273,0.018129,0.017804
0.018058,0.018055,0.018054,0.018139,0.018223,0.018443,0.018058,0.018111,0.018136,0.018464,0.018518,0.021203,0.01889,0.018265,0.018478
0.018023,0.018457,0.018072,0.017822,0.018394,0.017912,0.017557,0.019823,0.018172,0.018433,0.017701,0.017691,0.018472,0.01823,0.017978
0.017169,0.017532,0.017624,0.01709,0.018036,0.017246,0.017326,0.017557,0.017504,0.017312,0.017312,0.017907,0.017706,0.017458,0.017251
0.017527,0.017348,0.017556,0.017683,0.017805,0.018462,0.0177,0.01757,0.01735,0.017365,0.017891,0.017915,0.018238,0.017476,0.017574
0.018114,0.017762,0.02002,0.018042,0.018355,0.018011,0.01843,0.017895,0.01823,0.018423,0.018595,0.018093,0.019806,0.019009,0.018101
0.018428,0.019341,0.018847,0.018275,0.01914,0.018078,0.018313,0.018314,0.018093,0.018113,0.018425,0.018298,0.03012,0.018685,0.018283
0.018246,0.018559,0.018353,0.018441,0.01913,0.018526,0.018489,0.018185,0.018398,0.019654,0.018939,0.018661,0.019054,0.018661,0.018842
0.01802,0.018197,0.019685,0.017764,0.017625,0.020607,0.017771,0.018441,0.018127,0.018128,0.018111,0.019514,0.018034,0.018766,0.018414
0.018679,0.017272,0.017683,0.020126,0.017211,0.017749,0.017378,0.018579,0.017356,0.018054,0.018328,0.01755,0.01768,0.018395,0.01739
NaN,NaN,NaN,NaN,NaN,NaN,NaN,NaN,NaN,NaN,NaN,NaN,NaN,NaN,NaN
NaN,NaN,NaN,NaN,NaN,NaN,NaN,NaN,NaN,NaN,NaN,NaN,NaN,NaN,NaN
NaN,NaN,NaN,NaN,NaN,NaN,NaN,NaN,NaN,NaN,NaN,NaN,NaN,NaN,NaN
NaN,NaN,NaN,NaN,NaN,NaN,NaN,NaN,NaN,NaN,NaN,NaN,NaN,NaN,NaN
0.000152,0.000165,0.000115,0.000169,0.000183,0.000156,0.000183,0.000142,0.000166,0.000165,0.000131,0.000197,0.000159,0.000158,0.000109
0.62068,0.63177,0.60578,0.60592,0.61041,0.60222,0.61982,0.61626,0.62902,0.61129,0.61722,0.60661,0.63371,0.62676,0.60968
0.01659,0.016034,0.015772,0.016035,0.01573,0.01591,0.016183,0.016051,0.015848,0.015618,0.016776,0.015863,0.015865,0.016201,0.015936
0.015983,0.018258,0.015476,0.01656,0.015623,0.016296,0.016184,0.01601,0.015675,0.015638,0.016731,0.01591,0.01587,0.016037,0.015952
0.015947,0.015619,0.01639,0.015678,0.015721,0.01595,0.016065,0.016474,0.016209,0.01607,0.016011,0.016237,0.017618,0.015933,0.016041
0.016091,0.015947,0.015715,0.015883,0.016223,0.017988,0.018326,0.016194,0.015929,0.015638,0.015875,0.016096,0.015918,0.016241,0.016006
0.016564,0.016425,0.015696,0.016919,0.015778,0.016308,0.01617,0.016184,0.015898,0.01591,0.015724,0.016129,0.015838,0.016117,0.016401
0.028988,0.028953,0.026727,0.027695,0.027472,0.02709,0.033225,0.028106,0.027477,0.027205,0.026981,0.027951,0.02713,0.027448,0.030087
0.035144,0.03127,0.029899,0.030324,0.036987,0.030999,0.034174,0.040819,0.036899,0.030992,0.030925,0.0308,0.027168,0.031496,0.031052
0.029154,0.031075,0.03029,0.027991,0.034836,0.031413,0.032979,0.036385,0.028579,0.027987,0.030368,0.028164,0.031492,0.029769,0.028539
0.032014,0.03416,0.03054,0.03134,0.029467,0.032151,0.032873,0.025357,0.031168,0.027031,0.027547,0.031507,0.031315,0.03121,0.031869
0.020975,0.019752,0.02139,0.021955,0.020841,0.020922,0.017679,0.018887,0.020624,0.024588,0.02085,0.021277,0.024538,0.021195,0.017609
0.086382,0.07795,0.087676,0.090788,0.08966,0.087094,0.083254,0.075067,0.088692,0.095918,0.091604,0.088285,0.091538,0.086949,0.08689
0.022174,0.019952,0.026191,0.022156,0.018701,0.02037,0.01774,0.025967,0.026261,0.021329,0.026561,0.021287,0.021064,0.021223,0.026458
0.018267,0.017992,0.017821,0.017057,0.017051,0.016851,0.01737,0.017624,0.01756,0.017269,0.017221,0.017242,0.017091,0.017042,0.017791
0.018022,0.017944,0.016872,0.017008,0.017202,0.017161,0.017238,0.017455,0.017351,0.016832,0.017162,0.017457,0.016907,0.017074,0.017478
0.016509,0.017587,0.016758,0.01687,0.016371,0.016709,0.017635,0.016586,0.016648,0.016167,0.016851,0.017609,0.017168,0.016253,0.016531
0.016968,0.017222,0.016629,0.016408,0.016465,0.01652,0.016787,0.016375,0.01632,0.016378,0.017087,0.01661,0.016106,0.016746,0.020236
0.016723,0.016721,0.016742,0.016847,0.016606,0.016706,0.016593,0.016717,0.017052,0.016425,0.016541,0.016774,0.016245,0.016231,0.01687
0.017394,0.017907,0.017773,0.017044,0.01728,0.017347,0.017361,0.019755,0.017366,0.017077,0.017626,0.020274,0.016669,0.017442,0.02759
0.017799,0.017503,0.017778,0.017611,0.017699,0.01778,0.017954,0.017621,0.017402,0.017274,0.017459,0.017557,0.017583,0.017413,0.018261
0.018333,0.017946,0.018141,0.017487,0.017818,0.017647,0.017897,0.017662,0.017765,0.017361,0.017462,0.017647,0.017095,0.017601,0.027596
0.018223,0.017836,0.017944,0.017477,0.017728,0.017652,0.017809,0.017625,0.017657,0.017462,0.01732,0.019894,0.017455,0.017407,0.018444
0.017388,0.017293,0.02026,0.016797,0.016952,0.016874,0.017986,0.019675,0.016853,0.016558,0.017012,0.017238,0.016981,0.017219,0.017033
0.017533,0.017215,0.017275,0.017143,0.017259,0.017005,0.01695,0.017266,0.016964,0.016762,0.016846,0.016952,0.016994,0.017161,0.02034
0.017757,0.017754,0.017919,0.017544,0.017741,0.017675,0.018024,0.017583,0.017626,0.01985,0.017697,0.017772,0.01931,0.017747,0.01756
0.017838,0.018532,0.019636,0.018682,0.01838,0.018324,0.017752,0.017688,0.017983,0.017873,0.017885,0.017994,0.017955,0.018033,0.024158
0.01811,0.01821,0.018868,0.018309,0.018244,0.017905,0.017639,0.018402,0.017938,0.018201,0.01827,0.018025,0.018344,0.018223,0.019761
0.017669,0.017755,0.017962,0.017831,0.018289,0.017634,0.017911,0.017638,0.018207,0.021279,0.017954,0.017474,0.017799,0.017773,0.019279
0.017247,0.017435,0.017089,0.017722,0.017197,0.017769,0.017499,0.017366,0.017653,0.017402,0.017453,0.017425,0.017104,0.017292,0.017296
0.017661,0.017222,0.017743,0.017657,0.017418,0.017645,0.017845,0.017766,0.017628,0.017297,0.017725,0.017937,0.017728,0.017639,0.017804
0.02738,0.01811,0.017562,0.018057,0.018244,0.018417,0.019609,0.018386,0.01831,0.018038,0.018018,0.019008,0.018226,0.018079,0.020796
0.01899,0.018276,0.018462,0.018385,0.018007,0.018547,0.018213,0.018141,0.018987,0.018452,0.01879,0.018296,0.018628,0.019524,0.018976
0.018816,0.01856,0.018492,0.018364,0.018363,0.018294,0.018463,0.018367,0.018847,0.01854,0.018645,0.01861,0.018817,0.01876,0.018433
0.017569,0.017975,0.018313,0.018066,0.018478,0.018203,0.018058,0.018064,0.018445,0.017586,0.017983,0.018038,0.017856,0.017862,0.017935
0.017749,0.017483,0.017269,0.01768,0.01721,0.017248,0.017192,0.017571,0.017543,0.018155,0.017134,0.020164,0.017361,0.017338,0.017109
0.017289,0.017354,0.017694,0.017306,0.017283,0.017466,0.017929,0.017505,0.01751,0.017697,0.016988,0.017533,0.017744,0.017747,0.01774
0.018194,0.017944,0.018835,0.017715,0.018192,0.02117,0.018166,0.018308,0.018145,0.018476,0.018584,0.018306,0.01817,0.018093,0.018275
0.018357,0.018381,0.018692,0.020751,0.018289,0.018633,0.0183,0.018087,0.018612,0.018357,0.01875,0.020659,0.018694,0.018916,0.018557
0.018329,0.018203,0.01899,0.018107,0.018482,0.018527,0.018649,0.020229,0.018594,0.018561,0.018524,0.019296,0.018601,0.018232,0.018353
0.017828,0.017891,0.018108,0.018055,0.017756,0.017893,0.018153,0.018126,0.018064,0.018439,0.017868,0.018088,0.017883,0.017721,0.017819
0.017968,0.017106,0.017369,0.019318,0.017244,0.028765,0.017818,0.017333,0.017835,0.017623,0.017388,0.017675,0.017354,0.017453,0.017356
0.017441,0.017232,0.019616,0.017368,0.017144,0.017573,0.017422,0.01774,0.017423,0.017817,0.017382,0.017449,0.017567,0.017885,0.017609
NaN,NaN,NaN,NaN,NaN,NaN,NaN,NaN,NaN,NaN,NaN,NaN,NaN,NaN,NaN
NaN,NaN,NaN,NaN,NaN,NaN,NaN,NaN,NaN,NaN,NaN,NaN,NaN,NaN,NaN
NaN,NaN,NaN,NaN,NaN,NaN,NaN,NaN,NaN,NaN,NaN,NaN,NaN,NaN,NaN
NaN,NaN,NaN,NaN,NaN,NaN,NaN,NaN,NaN,NaN,NaN,NaN,NaN,NaN,NaN
0.00016,0.00017,0.000151,0.000169,0.000155,0.000148,0.000169,0.000185,0.000115,0.000169,0.00016,0.000109,0.000181,0.000233,0.000118
0.47845,0.49117,0.47905,0.4716,0.47466,0.47138,0.47825,0.47664,0.48114,0.4713,0.48316,0.48341,0.48318,0.4828,0.47378
0.013131,0.010911,0.010378,0.01098,0.010539,0.010442,0.013556,0.010311,0.010156,0.010374,0.010592,0.010453,0.010283,0.010545,0.010168
0.010383,0.010006,0.010048,0.009909,0.010095,0.010297,0.009906,0.009971,0.010267,0.010083,0.010398,0.01002,0.01234,0.013237,0.010398
0.0103,0.012225,0.010179,0.010297,0.010261,0.010188,0.010079,0.010148,0.009764,0.010235,0.010279,0.010285,0.010303,0.01014,0.010196
0.010176,0.010145,0.010094,0.010199,0.010387,0.010588,0.010001,0.010147,0.010102,0.010072,0.010331,0.010524,0.01041,0.010336,0.010075
0.010312,0.010586,0.010464,0.010314,0.010544,0.010383,0.010387,0.010794,0.011335,0.010384,0.01058,0.010446,0.012661,0.010851,0.010262
0.018276,0.018043,0.017476,0.018278,0.018201,0.018484,0.017984,0.017876,0.018888,0.017771,0.018852,0.0181,0.018153,0.018388,0.017813
0.018529,0.017808,0.017979,0.014857,0.021102,0.020951,0.022611,0.021652,0.022012,0.017508,0.022621,0.018734,0.02349,0.023026,0.018028
0.018123,0.022629,0.022422,0.020585,0.017996,0.02193,0.022039,0.021838,0.022269,0.021101,0.022048,0.018335,0.0209,0.022338,0.019405
0.018229,0.018525,0.0186,0.01796,0.01842,0.017952,0.01824,0.018649,0.021003,0.019029,0.01857,0.019351,0.018972,0.027399,0.017981
0.02234,0.025201,0.021129,0.021199,0.021019,0.021506,0.0215,0.018918,0.022066,0.018934,0.017858,0.022583,0.027862,0.023465,0.021749
0.12844,0.10579,0.11569,0.13456,0.11635,0.1159,0.11397,0.11364,0.1162,0.12235,0.11983,0.11808,0.10494,0.10405,0.12577
0.020587,0.020117,0.019134,0.016817,0.019947,0.016977,0.018976,0.01803,0.013668,0.014956,0.01172,0.016433,0.017089,0.019916,0.015518
0.021576,0.014078,0.012123,0.011684,0.012034,0.011996,0.012243,0.012333,0.012288,0.011416,0.013574,0.011832,0.011875,0.011858,0.011577
0.011731,0.011604,0.01201,0.011953,0.01174,0.011893,0.01171,0.011776,0.012199,0.011744,0.01216,0.011895,0.012246,0.012051,0.011916
0.011636,0.01552,0.011856,0.011514,0.01178,0.01157,0.011853,0.012059,0.011987,0.011744,0.011822,0.01155,0.012213,0.012015,0.011974
0.021999,0.013175,0.011129,0.011148,0.011732,0.011264,0.019737,0.010962,0.011542,0.010796,0.011734,0.01105,0.011387,0.011033,0.011329
0.011694,0.010953,0.011756,0.011236,0.011217,0.0111,0.011356,0.01145,0.011479,0.01118,0.014211,0.011158,0.011463,0.011644,0.011092
0.011739,0.011529,0.011796,0.011513,0.011579,0.011847,0.011663,0.011672,0.012062,0.011668,0.011285,0.012031,0.012254,0.012343,0.011477
0.01443,0.014686,0.012089,0.012155,0.011922,0.012103,0.011989,0.012438,0.012567,0.01215,0.012041,0.012213,0.012719,0.012286,0.012201
0.01231,0.012193,0.012323,0.01218,0.012552,0.01218,0.012248,0.012326,0.012258,0.012266,0.01216,0.012265,0.012214,0.012414,0.012115
0.012495,0.012286,0.012518,0.012532,0.012662,0.012619,0.014378,0.012629,0.012556,0.012339,0.012083,0.012561,0.012653,0.013028,0.012153
0.012007,0.012501,0.012596,0.012444,0.012016,0.012277,0.01248,0.011944,0.012453,0.011449,0.012395,0.011754,0.011889,0.011942,0.012406
0.011888,0.012629,0.011496,0.011961,0.011469,0.011628,0.011665,0.011648,0.011654,0.011771,0.011467,0.011255,0.012131,0.012092,0.011757
0.012163,0.011813,0.011869,0.012487,0.012233,0.012252,0.011995,0.015251,0.012546,0.012085,0.011681,0.011814,0.012601,0.012472,0.012155
0.012502,0.012345,0.012547,0.013298,0.012678,0.012271,0.012558,0.012722,0.012741,0.012474,0.012685,0.012226,0.01263,0.01352,0.012722
0.01262,0.012875,0.012851,0.012806,0.01536,0.01281,0.014517,0.012656,0.013222,0.012603,0.012669,0.012857,0.013928,0.01312,0.013934
NaN,NaN,NaN,NaN,NaN,NaN,NaN,NaN,NaN,NaN,NaN,NaN,NaN,NaN,NaN
NaN,NaN,NaN,NaN,NaN,NaN,NaN,NaN,NaN,NaN,NaN,NaN,NaN,NaN,NaN
NaN,NaN,NaN,NaN,NaN,NaN,NaN,NaN,NaN,NaN,NaN,NaN,NaN,NaN,NaN
NaN,NaN,NaN,NaN,NaN,NaN,NaN,NaN,NaN,NaN,NaN,NaN,NaN,NaN,NaN
5.6e-05,0.000145,0.000158,0.000166,0.000171,0.000187,0.00018,0.000172,0.000162,0.000148,0.000119,0.000172,0.000149,0.000151,0.000113
0.47419,0.48328,0.49034,0.49389,0.46422,0.49988,0.4843,0.49254,0.47635,0.49588,0.471,0.49455,0.47742,0.46863,0.47194
0.0101,0.010832,0.010309,0.010413,0.010268,0.010492,0.010405,0.010817,0.010183,0.010429,0.01012,0.010921,0.010328,0.01036,0.010345
0.010087,0.010146,0.00991,0.009706,0.009892,0.009886,0.009861,0.009866,0.010057,0.010231,0.010261,0.01036,0.009991,0.009933,0.010019
0.010235,0.010479,0.010495,0.010237,0.010104,0.010963,0.01024,0.010229,0.010026,0.01009,0.01044,0.010104,0.010312,0.010113,0.010239
0.010343,0.01032,0.009989,0.010368,0.010053,0.010856,0.010001,0.010095,0.010031,0.010094,0.010366,0.009992,0.010536,0.009786,0.009943
0.010571,0.010622,0.010354,0.010843,0.010368,0.010945,0.010564,0.010669,0.010617,0.010807,0.010404,0.010512,0.010613,0.010786,0.010632
0.018529,0.017833,0.017505,0.017742,0.017581,0.018067,0.018031,0.017913,0.01843,0.018449,0.018572,0.017698,0.016023,0.019117,0.017599
0.021908,0.017921,0.017916,0.017845,0.0181,0.018835,0.018691,0.018094,0.018049,0.018463,0.02166,0.02241,0.017957,0.019205,0.01862
0.022253,0.018341,0.020995,0.018518,0.017842,0.019503,0.017892,0.0183,0.021069,0.026385,0.022181,0.021343,0.018438,0.020946,0.018716
0.01819,0.017905,0.018346,0.018176,0.018643,0.018435,0.018287,0.019198,0.019315,0.020494,0.015229,0.018259,0.018063,0.019518,0.018502
0.022441,0.018145,0.021493,0.021163,0.02135,0.022993,0.021936,0.019138,0.020974,0.022359,0.021865,0.021717,0.021863,0.030043,0.021888
0.12041,0.12641,0.11999,0.11414,0.10697,0.11285,0.11414,0.11026,0.10545,0.10838,0.12964,0.11314,0.11606,0.12156,0.11426
0.021466,0.014823,0.016535,0.019961,0.020151,0.020063,0.016719,0.018638,0.015142,0.020321,0.020137,0.017629,0.020073,0.017138,0.017155
0.011939,0.011652,0.011721,0.012768,0.012792,0.012149,0.011573,0.012539,0.011975,0.012486,0.012919,0.012153,0.01183,0.012096,0.012249
0.011982,0.011827,0.011952,0.013009,0.012061,0.011591,0.011821,0.011933,0.011985,0.012012,0.012208,0.011924,0.012337,0.012045,0.012025
0.012238,0.012355,0.011955,0.011055,0.011039,0.012036,0.012018,0.01221,0.011985,0.012133,0.011473,0.011666,0.011992,0.012223,0.011538
0.011369,0.012916,0.011506,0.011168,0.010821,0.011285,0.01144,0.01127,0.011301,0.011419,0.011223,0.010939,0.011794,0.011772,0.011505
0.011562,0.011862,0.011329,0.011659,0.011055,0.01159,0.011268,0.011652,0.011376,0.011238,0.011397,0.011285,0.014101,0.011495,0.011945
0.011969,0.011557,0.011528,0.011732,0.011926,0.011649,0.011854,0.011753,0.011688,0.011877,0.011682,0.011547,0.011876,0.012376,0.011956
0.012337,0.011978,0.012027,0.01222,0.012153,0.012179,0.012207,0.012393,0.012503,0.012283,0.012057,0.011923,0.012597,0.012483,0.011868
0.012529,0.012599,0.012121,0.012327,0.012946,0.012568,0.01259,0.012282,0.012144,0.012225,0.01271,0.012938,0.012482,0.012298,0.012255
0.012022,0.01233,0.012107,0.012671,0.012529,0.012646,0.012649,0.012678,0.012056,0.012247,0.012467,0.012528,0.012846,0.022027,0.012191
0.011984,0.012109,0.012262,0.012182,0.012287,0.0116,0.011998,0.012036,0.011778,0.011717,0.012596,0.012851,0.012357,0.020611,0.012025
0.011304,0.011711,0.011128,0.011762,0.011749,0.011269,0.011599,0.011512,0.011502,0.011601,0.011675,0.011709,0.011809,0.013039,0.011967
0.012154,0.012102,NaN,0.012039,0.012422,0.012188,0.014865,0.012118,0.012155,0.01211,0.012547,0.012365,0.012345,0.012271,0.011964
0.02136,0.013031,NaN,0.012859,0.012686,0.012607,0.012537,0.012834,0.01255,0.012635,0.012826,0.012728,0.01262,0.012782,0.012353
0.01291,0.01349,NaN,0.012484,0.012783,0.01277,0.013386,0.012795,0.014807,0.012714,0.012727,0.012721,0.012902,NaN,0.012667
0.012252,0.012764,NaN,0.012942,0.01295,0.013201,0.013254,0.013102,0.013037,0.01297,0.013068,0.013626,0.012824,NaN,0.012827
NaN,NaN,0.00011,NaN,NaN,NaN,NaN,NaN,NaN,NaN,NaN,NaN,NaN,NaN,NaN
NaN,NaN,0.52342,NaN,NaN,NaN,NaN,NaN,NaN,NaN,NaN,NaN,NaN,NaN,NaN
NaN,NaN,0.012414,NaN,NaN,NaN,NaN,NaN,NaN,NaN,NaN,NaN,NaN,0.000164,NaN
NaN,NaN,0.012239,NaN,NaN,NaN,NaN,NaN,NaN,NaN,NaN,NaN,NaN,0.60541,NaN
0.00016,0.000147,0.01198,0.000179,0.000167,0.000102,0.000168,0.000167,0.000175,0.000108,0.000154,0.000115,0.000172,0.014571,0.000612
0.50757,0.5072,0.012101,0.50985,0.51223,0.51744,0.5146,0.51342,0.51345,0.51329,0.51302,0.50837,0.5031,0.0174,0.5289
0.01156,0.011569,0.011967,0.011865,0.011435,0.011662,0.011574,0.013367,0.012195,0.011584,0.011672,0.012767,0.011374,0.015493,0.011588
0.011181,0.011251,0.020857,0.011345,0.011195,0.011213,0.011223,0.011813,0.011201,0.011056,0.011243,0.01146,0.0113,0.014647,0.011358
0.011644,0.011428,0.0236,0.011408,0.011177,0.011239,0.0114,0.011709,0.011632,0.011452,0.011458,0.011111,0.011248,0.015219,0.010918
0.01155,0.011579,0.025703,0.011239,0.01161,0.011432,0.01165,0.01158,0.011378,0.011316,0.011572,0.011622,0.011809,0.026316,0.011258
0.011777,0.011635,0.024426,0.011593,0.011543,0.012316,0.012047,0.012157,0.011831,0.011743,0.011994,0.011955,0.011899,0.030799,0.011774
0.020038,0.019476,0.023402,0.020064,0.016304,0.02115,0.019572,0.019822,0.019956,0.019841,0.020236,0.019728,0.019724,0.028049,0.020269
0.023141,0.023384,0.10037,0.023785,0.023311,0.022565,0.023358,0.022766,0.02413,0.023509,0.024341,0.022499,0.023538,0.031571,0.023467
0.020298,0.019801,0.02209,0.020506,0.019826,0.022855,0.020166,0.023773,0.023181,0.020461,0.023341,0.022859,0.020095,0.020719,0.023298
0.025502,0.02235,0.013419,0.022811,0.023703,0.023711,0.023934,0.025303,0.024583,0.023862,0.02366,0.025367,0.023552,0.095653,0.024587
0.024241,0.023463,0.016384,0.025626,0.024284,0.02353,0.024844,0.02757,0.023539,0.02384,0.02548,0.024283,0.02292,0.019599,0.023152
0.092502,0.10522,0.01378,0.10072,0.11651,0.11123,0.095991,0.094184,0.1148,0.10388,0.09999,0.10557,0.10425,0.015703,0.10721
0.018179,0.021475,0.012797,0.018335,0.017874,0.018967,0.018887,0.021913,0.017252,0.016122,0.017203,0.017404,0.022146,0.01626,0.019229
0.013866,0.012835,0.013114,0.013146,0.012508,0.012989,0.013023,0.016318,0.012974,0.012941,0.013199,0.015983,0.012664,0.016005,0.013576
0.013263,0.013424,0.01334,0.012992,0.013177,0.014314,0.012939,0.015008,0.013204,0.015426,0.01313,0.013349,0.013044,0.015474,0.01347
0.013595,0.013123,0.018459,0.013082,0.013737,0.014005,0.012574,0.012851,0.012742,0.013078,0.013516,0.01277,0.012228,0.015223,0.013175
0.011892,0.012044,0.016721,0.014781,0.012114,0.012425,0.012475,0.012635,0.012249,0.012598,0.012503,0.014509,0.012073,0.016111,0.012665
0.012371,0.012635,0.015293,0.01315,0.012617,0.012391,0.013362,0.013502,0.012415,0.012662,0.013026,0.012654,0.012441,0.016588,0.012598
0.013203,0.013271,0.013401,0.013039,0.013422,0.013225,0.013736,0.013271,0.01277,0.013174,0.013387,0.012791,0.013173,0.016695,0.012722
0.013369,0.013666,0.013634,0.012982,0.013502,0.013154,0.013699,0.013679,0.013716,0.016099,0.01364,0.013538,0.013457,0.016924,0.01303
0.013549,0.013466,0.015626,0.013399,0.013687,0.013608,0.013924,0.0139,0.013616,0.013291,0.013617,0.015338,0.013595,0.016059,0.013735
0.013671,NaN,0.014677,NaN,NaN,NaN,0.014071,NaN,0.013721,NaN,NaN,0.014009,0.013494,0.015906,NaN
NaN,NaN,0.01458,NaN,NaN,NaN,NaN,NaN,NaN,NaN,NaN,NaN,NaN,0.017002,NaN
NaN,NaN,0.015137,NaN,NaN,NaN,NaN,NaN,NaN,NaN,NaN,NaN,NaN,0.017361,NaN
NaN,NaN,NaN,NaN,NaN,NaN,NaN,NaN,NaN,NaN,NaN,NaN,NaN,0.01747,NaN
NaN,0.000175,NaN,9.7e-05,0.000166,0.000162,NaN,0.000151,NaN,0.000129,0.000166,NaN,NaN,0.016306,0.000174
0.000138,0.47698,NaN,0.45093,0.46368,0.4591,0.000174,0.45164,0.000161,0.45759,0.48319,0.000179,0.0009,0.016314,0.47196
0.5889,0.010373,NaN,0.010686,0.010191,0.010825,0.60689,0.010151,0.588,0.01012,0.010558,0.57027,0.58579,0.01675,0.01091
0.015309,0.010492,0.000161,0.010033,0.010063,0.010104,0.014908,0.010084,0.014928,0.010024,0.011071,0.015192,0.014766,0.017086,0.010229
0.015159,0.010579,0.48297,0.010373,0.01014,0.010196,0.014831,0.010155,0.014764,0.010162,0.010367,0.016012,0.014678,0.017357,0.01013
0.01664,0.010693,0.010564,0.010481,0.010441,0.010477,0.014959,0.010531,0.014658,0.010316,0.010623,0.014553,0.014501,0.017467,0.010654
0.015299,0.010663,0.010024,0.010847,0.011263,0.01071,0.015338,0.010656,0.015264,0.010204,0.011134,0.014725,0.015096,0.017181,0.010895
0.015793,0.018484,0.010308,0.018971,0.029122,0.0184,0.01537,0.017929,0.015286,0.018248,0.019827,0.01496,0.014827,0.016329,0.017777
0.028066,0.018555,0.010045,0.021531,0.031117,0.019116,0.027217,0.018454,0.026895,0.022516,0.022702,0.027089,0.026438,0.01648,0.021802
0.031914,0.022976,0.010753,0.021615,0.024053,0.019574,0.030074,0.01887,0.030443,0.022812,0.02219,0.031599,0.029544,0.018418,0.022124
0.027863,0.019994,0.018989,0.019005,0.022005,0.018427,0.027716,0.018394,0.031891,0.018188,0.023087,0.026644,0.039811,0.017571,0.018698
0.030973,0.021621,0.024076,0.022254,0.023666,0.02116,0.031593,0.020807,0.030637,0.021852,0.022601,0.03184,0.030206,0.017687,0.026436
0.017622,0.11713,0.021141,0.10458,0.093259,0.11244,0.020578,0.12216,0.020528,0.11331,0.10476,0.02063,0.016986,0.017056,0.11164
0.078152,0.017168,0.018214,0.018469,0.016224,0.020207,0.085251,0.017355,0.0836,0.020466,0.019231,0.084515,0.081185,0.017771,0.014757
0.021776,0.011728,0.019304,0.01262,0.012232,0.012966,0.018907,0.011822,0.018825,0.012246,0.012002,0.017994,0.025789,0.016504,0.012335
0.016155,0.011949,0.10917,0.011838,0.011933,0.01151,0.016206,0.011846,0.016309,0.012037,0.011979,0.016244,0.01613,0.017204,0.011676
0.016647,0.011724,0.018458,0.012106,0.012193,0.011759,0.016441,0.011404,0.016329,0.012343,0.011943,0.016155,0.016267,0.017446,0.011727
0.016114,0.011036,0.013831,0.011127,0.011679,0.011101,0.016459,0.013707,0.016362,0.011438,0.011137,0.016255,0.015682,0.017556,0.011899
0.015802,0.011112,0.011736,0.011462,0.011532,0.011361,0.015955,0.011669,0.016076,0.011412,0.011366,0.015654,0.015512,0.016502,0.014554
0.016191,0.011787,0.011869,0.011494,0.011777,0.011622,0.015996,0.011634,0.016065,0.01191,0.012091,0.016091,0.015762,0.016179,0.011589
0.016372,0.012387,0.011433,0.012039,0.012277,0.012084,0.016584,0.012625,0.016749,0.012424,0.012308,0.01658,0.016287,NaN,0.011838
0.016778,0.012213,0.011478,0.012082,0.012245,0.012137,0.01686,0.011915,0.016651,0.021698,0.012613,0.016788,0.016284,NaN,0.012181
0.016792,0.012262,0.013212,0.012058,0.012301,0.013159,0.016801,0.013942,0.016806,0.012367,0.012379,0.017492,0.016431,NaN,0.012554
0.017188,0.011434,0.012396,0.012096,0.011682,0.011515,0.016754,0.011987,0.016858,0.011336,0.011427,0.016988,0.01663,NaN,0.013991
0.016204,0.011626,0.012528,0.01156,0.011634,0.011513,0.015891,0.011664,0.016201,0.011601,0.01151,0.01638,0.015882,0.000146,0.011591
NaN,0.011694,NaN,0.011778,0.011986,0.011625,NaN,0.012141,NaN,0.014223,0.012003,NaN,NaN,0.58147,0.011871
NaN,0.012418,NaN,0.012581,0.022283,0.01203,NaN,0.012486,NaN,0.012956,0.01245,NaN,NaN,0.014896,NaN
NaN,0.012526,NaN,0.012978,0.013546,0.012405,NaN,0.012756,NaN,0.013278,0.012728,NaN,NaN,0.014656,NaN
NaN,0.012284,NaN,0.012861,0.012792,0.012463,NaN,0.012911,NaN,0.013135,0.012841,NaN,NaN,0.014892,NaN
0.00015,0.011762,0.000157,0.012107,0.012099,0.01266,0.000187,0.011865,0.000187,0.012264,0.011822,0.000166,0.00013,0.014616,NaN
0.61974,0.011802,0.59644,0.011851,0.011674,0.012522,0.62565,0.011887,0.61717,0.014828,0.01193,0.60425,0.62607,0.0148,0.000173
0.01451,0.012475,0.014722,0.012857,0.012183,0.012036,0.014976,0.012451,0.015123,0.012415,0.012773,0.014591,0.016624,0.026506,0.60955
0.01439,0.012682,0.014491,0.012549,0.013206,0.012689,0.014469,0.012984,0.014328,0.01294,0.012869,0.014484,0.014888,0.030264,0.014804
0.014931,0.012872,0.014643,0.012989,0.013095,0.01275,0.014774,0.012812,0.014635,0.013505,0.012839,0.014812,0.017287,0.027628,0.015133
0.015314,0.012917,0.01498,0.013308,0.013055,0.012885,0.014937,0.013012,0.014951,0.013095,0.013551,0.014956,0.017018,0.031649,0.015133
0.014843,0.012112,0.015229,0.012347,0.012057,0.012184,0.015449,0.012394,0.015787,0.012703,0.011836,0.015069,0.015193,0.027557,0.015369
0.026491,0.011931,0.026267,0.012241,0.012038,0.01512,0.027292,0.012194,0.026979,0.01236,0.012065,0.026684,0.029692,0.085431,0.015222
0.031776,0.012342,0.029246,0.012828,0.012596,0.012387,0.030015,0.012391,0.030173,0.012714,0.012818,0.029755,0.028799,0.018536,0.024147
0.027797,0.012871,0.030786,0.012667,0.012935,0.012972,0.029821,0.013055,0.033451,0.012965,0.013038,0.02705,0.029987,0.016489,0.031237
0.032194,0.012881,0.030602,0.01277,0.013307,0.01273,0.038179,0.013192,0.033365,0.013003,0.013063,0.03106,0.031127,0.016179,0.026468
0.023176,0.013507,0.020197,0.012761,0.012963,0.012808,0.016794,0.012898,0.021579,0.013066,0.012691,0.020681,0.023271,0.016214,0.030385
0.10005,0.012081,0.089586,0.012336,0.012054,0.01179,0.08926,0.01189,0.08065,0.01286,0.012264,0.088805,0.099365,0.017151,0.023392
0.027309,0.012218,0.019765,0.012131,0.011972,0.015659,0.026428,0.011976,0.017024,0.012422,0.012359,0.023383,0.020394,0.016015,0.096433
0.016252,0.012936,0.016523,0.012547,0.012506,0.012472,0.016161,0.012476,0.016794,0.022978,0.01254,0.016348,0.016407,0.016478,0.017218
0.018899,0.012953,0.016608,0.01282,0.012868,0.012822,0.016871,0.013121,0.016221,0.014002,0.013081,0.016582,0.016621,0.017139,0.016284
0.015929,0.012943,0.016093,0.013538,0.012904,0.013644,0.018143,0.015118,0.016439,0.013439,0.012961,0.01602,0.016934,0.016904,0.018267
0.015476,0.012787,0.016051,0.013149,0.013186,0.012797,0.015447,0.012858,0.016363,0.012477,0.012844,0.01638,0.015688,0.016651,0.0164
0.016302,0.01226,0.016096,0.011974,0.012134,0.013829,0.015743,0.012145,0.016018,0.012834,0.012185,0.015982,0.016229,0.016467,0.015595
0.016881,0.012138,0.016914,0.012122,0.012093,0.011881,0.016251,0.012078,0.016565,0.012728,0.012063,0.016497,0.019428,0.016092,0.015866
0.016646,0.01248,0.016897,0.012543,0.01234,0.012391,0.01787,0.012464,0.017174,0.012518,0.012314,0.016861,0.019316,0.016944,0.016707
0.016908,0.012693,0.016835,0.015165,0.013149,0.012958,0.016924,0.012964,0.017137,0.013285,0.012988,0.016888,0.018141,0.017342,0.016631
0.017224,0.012829,0.017015,0.012865,0.01281,0.013096,0.022264,0.012983,0.017847,0.015662,0.013901,0.016934,0.01751,0.017603,0.017241
0.016339,0.012644,0.016468,0.012897,0.012988,0.013733,0.016818,0.012948,0.015756,0.012752,0.012939,0.016611,0.01663,0.016891,0.017086
0.01685,0.011982,0.016776,0.012249,0.012035,0.01198,0.018925,0.011969,0.016312,0.011962,0.011995,0.016221,0.016564,0.016632,0.016503
0.017542,0.011883,0.0175,0.011999,0.011812,0.012047,0.017096,0.011926,0.017425,0.012232,0.012618,0.016746,0.017443,0.016617,0.016487
0.017686,0.01251,0.017588,0.012654,0.012617,0.012521,0.017593,0.012547,0.017251,0.012607,0.01259,0.017431,0.017478,0.018283,0.017015
0.018,NaN,0.017419,NaN,NaN,NaN,0.01966,NaN,0.018504,NaN,NaN,0.017274,0.019693,0.017709,0.018366
0.017252,NaN,0.017001,NaN,NaN,NaN,0.01773,NaN,0.01809,NaN,NaN,0.017376,0.016925,0.017686,0.017877
0.017206,NaN,0.017044,NaN,NaN,NaN,0.017243,NaN,0.017054,NaN,NaN,0.016659,0.016602,0.017409,0.017339
0.017279,NaN,0.017417,NaN,NaN,NaN,0.01706,NaN,0.017428,NaN,NaN,0.016729,0.016664,0.016809,0.017014
0.018579,9.4e-05,0.017583,0.000111,0.000265,0.000165,0.017254,0.000169,0.017807,0.000153,0.000158,0.017234,0.017401,0.017247,0.01693
0.018541,0.61827,0.017697,0.60516,0.61034,0.61057,0.017607,0.61252,0.017895,0.5986,0.6116,0.017503,0.017705,0.017559,0.017505
0.017469,0.014971,0.017767,0.014832,0.01463,0.015262,0.017869,0.015146,0.018253,0.014852,0.014904,0.017462,0.018236,0.017809,0.019265
0.017337,0.014778,0.017404,0.014764,0.014019,0.014798,0.017075,0.014661,0.017633,0.014629,0.014723,0.017499,0.017386,0.017294,0.018201
0.016722,0.014441,0.01641,0.015105,0.01455,0.015523,0.016914,0.025713,0.016841,0.014608,0.014774,0.016407,0.016361,0.017196,0.018024
NaN,0.014893,NaN,0.015213,0.015444,0.015039,0.016607,0.016559,0.017444,0.014809,0.015893,0.016505,NaN,0.016693,0.017257
NaN,0.015193,NaN,0.015757,0.015025,0.015228,0.017385,0.015376,0.017711,0.015626,0.015867,0.017289,NaN,0.01717,0.01753
NaN,0.029219,NaN,0.027121,0.027833,0.027291,0.017611,0.026334,0.018092,0.026715,0.024766,0.017483,NaN,0.017854,0.017676
NaN,0.033996,NaN,0.030325,0.030596,0.031146,0.017647,0.029714,0.017768,0.029103,0.023846,0.017775,NaN,0.017875,0.017359
0.000163,0.02693,0.000187,0.030164,0.027351,0.028063,0.017237,0.02654,0.017588,0.027019,0.030499,0.017511,0.000176,0.019003,NaN
0.61839,0.029393,0.61172,0.029904,0.030926,0.031265,0.017103,0.027232,0.017078,0.029617,0.030358,0.016773,0.62509,0.017118,NaN
0.014991,0.025437,0.014965,0.02036,0.022671,0.017874,0.016998,0.023154,0.017264,0.023448,0.027725,0.016331,0.015155,0.017152,NaN
0.014615,0.1019,0.014489,0.090884,0.087813,0.087576,NaN,0.092126,0.01769,0.097055,0.099588,NaN,0.014724,0.017105,NaN
0.015159,0.023617,0.015006,0.020628,0.018799,0.018785,NaN,0.022255,0.0187,0.019426,0.020423,NaN,0.014914,0.017611,0.00018
0.015816,0.016091,0.015068,0.016862,0.016323,0.016603,NaN,0.016157,0.018137,0.01615,0.016599,NaN,0.015471,0.018058,0.61436
0.015698,0.016077,0.015396,0.016832,0.018877,0.016148,NaN,0.016178,0.017744,0.016398,0.016969,NaN,0.015485,0.019828,0.014658
0.027819,0.015775,0.026242,0.016425,0.016591,0.016182,0.000221,0.015265,0.017547,0.016646,0.016677,0.000146,0.026821,0.0182,0.013994
0.032076,0.01537,0.026855,0.015497,0.020131,0.015987,0.54045,0.015635,0.016838,0.015873,0.016133,0.53525,0.030166,0.017359,0.014773
0.03264,0.015576,0.02819,0.015814,0.015898,0.017082,0.013284,0.01574,0.01785,0.016072,0.01602,0.01338,0.031991,0.017075,0.014912
0.034555,0.017245,0.027476,0.016457,0.016584,0.01673,0.013205,0.016765,0.017784,0.016467,0.01621,0.01296,0.030703,0.019985,0.015388
0.017868,0.016839,0.02319,0.016405,0.017602,0.016682,0.016192,0.01675,0.01814,0.016722,0.017296,0.013285,0.020908,0.017899,0.026163
0.077992,0.016935,0.10364,0.016823,0.016708,0.016618,0.013763,0.017808,0.017834,0.016862,0.01682,0.013359,0.091104,0.017654,0.029687
0.022869,0.016982,0.018797,0.017098,0.01913,0.016766,0.014238,0.017088,0.017244,0.01716,0.016649,0.013974,0.026573,0.01775,0.032987
0.016716,0.017007,0.01655,0.01619,0.016421,0.01646,0.025828,0.016168,0.016995,0.016135,0.017036,0.021712,0.018861,0.017327,0.030251
0.016858,0.016792,0.016723,0.016435,0.016165,0.01717,0.022069,0.016315,0.018209,0.016332,0.016441,0.024981,0.016651,0.017361,0.020032
0.016211,0.017504,0.016412,0.017063,0.017001,0.017599,0.024737,0.016461,0.018155,0.016813,0.016863,0.02147,0.016263,0.017549,0.090259
0.016106,0.017732,0.01572,0.017396,0.01751,0.017018,0.025828,0.016916,0.017877,0.017219,0.017638,0.028722,0.016231,0.018427,0.021757
0.016295,0.017505,0.016001,0.017431,0.017417,0.017822,0.028508,0.016855,0.017636,0.017612,0.017666,0.030384,0.01754,0.018157,0.015872
0.016639,0.017317,0.017014,0.017118,0.01746,0.017592,0.097882,0.017626,0.017345,0.017359,0.017965,0.098478,0.019002,0.017761,0.016444
0.016904,0.016669,0.017058,0.017192,0.016576,0.016692,0.021969,0.01683,0.017515,0.016386,0.016793,0.019974,0.019437,0.017263,0.01581
0.017155,0.017275,0.016769,0.01725,0.016864,0.017259,0.017032,0.016744,0.017897,0.016807,0.016668,0.015,0.017912,0.018068,0.015609
0.017173,0.017773,0.017313,0.017291,0.017813,0.017586,0.015742,0.01737,0.018059,0.017268,0.017211,0.014662,0.019632,0.017975,0.015872
0.016473,0.017959,0.017417,0.017905,0.018081,0.017795,0.014687,0.019616,0.018168,0.017552,0.017748,0.01472,0.016443,0.017912,0.017213
0.017568,0.018111,0.016649,0.017655,0.018002,0.017602,0.013995,0.01772,0.017723,0.017435,0.017704,0.013856,0.016151,0.018076,0.016681
0.017455,0.017799,0.017035,0.017541,0.01702,0.017672,0.014086,0.01775,0.017339,0.017303,0.017421,0.014438,0.017526,0.016911,0.018318
0.017887,0.016721,0.017156,0.016537,0.016965,0.017657,0.014919,0.018803,0.017084,0.016764,0.016981,0.014891,0.017809,0.019538,0.017108
0.017801,0.01717,0.017346,0.016843,0.01685,0.01695,0.015419,0.016719,0.019418,0.017082,0.016635,0.015402,0.018113,0.01832,0.016181
0.020086,0.017142,0.017287,0.017309,0.017333,0.01743,0.015528,0.017213,0.018766,0.020037,0.01727,0.015132,0.017895,0.017476,0.015965
0.017222,0.017402,0.016622,0.017483,0.017628,0.017663,0.015344,0.017448,0.018456,0.01808,0.017779,0.015558,0.016965,0.017844,0.016533
0.016818,0.017505,0.016896,0.017554,0.018133,0.017864,0.014699,0.017496,0.017319,0.017941,0.017811,0.01437,0.016816,0.017941,0.016941
0.017584,0.017713,0.017511,0.017868,0.017962,0.017422,0.015033,0.017765,0.017715,0.01788,0.017696,0.014848,0.017401,0.017306,0.017071
0.020536,0.01675,0.018145,0.016615,0.016571,0.016973,0.015442,0.016326,0.018322,0.021053,0.016668,0.015191,0.018269,0.017017,0.017294
0.021104,0.016842,0.017922,0.016626,0.016679,0.016734,0.015428,0.016488,0.01797,0.017307,0.016548,0.01568,0.018114,0.017276,0.016473
0.020726,0.01734,0.017688,0.018871,0.01742,0.017584,0.019147,0.026242,0.021281,0.017322,0.017072,0.015799,0.018022,0.017569,0.017509
0.017211,0.017616,0.016876,0.018103,0.017873,0.017914,0.016266,0.01795,0.018278,0.017987,0.017569,0.016095,0.017342,0.018261,0.017471
0.019213,0.017569,0.016942,0.017758,0.017463,0.017704,0.015442,0.017543,0.017624,0.017579,0.017898,0.015158,0.017107,0.018412,0.017406
0.017578,0.017458,0.017558,0.017072,0.017747,0.018419,0.015198,0.016854,0.017178,0.017815,0.018087,0.01539,0.017924,0.019593,0.021583
0.021083,0.016857,0.017615,0.016793,0.016442,0.016862,0.016189,0.01678,0.017044,0.016699,0.016759,0.015461,0.018158,0.016881,0.017229
0.017925,0.016956,0.017952,0.017084,0.016718,0.016549,0.016311,0.016941,0.017962,0.016738,0.016905,0.015916,0.018509,0.01691,0.016546
0.017403,0.017358,0.018048,0.017559,0.017267,0.018,0.016297,0.017289,0.01828,0.017629,0.017226,0.016267,0.018292,0.01791,0.020053
0.017128,0.017598,0.016741,0.017677,0.017821,0.020917,0.015575,0.017982,0.018667,0.017777,0.017565,0.016202,0.017567,0.0182,0.017224
0.017957,0.017409,0.016925,0.017967,0.017938,0.01775,0.017137,0.017561,0.017754,0.017743,0.018053,0.015198,0.017395,0.018121,0.017722
0.018184,0.017543,0.017778,0.017561,0.017399,0.0173,0.015601,0.020445,0.017419,0.01819,0.017562,0.015182,0.017366,NaN,0.017832
0.018075,0.016744,0.017639,0.017588,0.016697,0.01913,0.0162,0.016618,0.017026,0.016716,0.016617,0.015674,0.018229,NaN,0.017725
0.018044,0.016622,0.017629,0.016815,0.016621,0.01734,0.015978,0.016385,0.017721,0.017015,0.01699,0.015719,0.017945,NaN,0.016266
0.017212,0.017245,0.017558,0.017397,0.01752,0.018173,0.016786,0.01718,0.018052,0.017346,0.01697,0.016056,0.018029,NaN,0.016553
0.016982,0.018084,0.016769,0.017952,0.017467,0.018274,0.01669,0.017674,0.017963,0.01765,0.017861,0.015916,0.016744,0.00015,0.017102
0.017036,0.017562,0.016562,0.018984,0.017554,0.018745,0.016108,0.01764,0.017789,0.020375,0.01776,0.014942,0.01753,0.62366,0.017702
0.018394,0.017734,0.017653,0.017367,0.017199,0.018078,0.015674,0.017203,0.01693,0.017989,0.017623,0.014879,0.017707,0.015692,0.01743
0.017886,0.016628,0.017558,0.016925,0.017087,0.016926,0.016913,0.016625,0.017378,0.016352,0.016681,0.015485,0.018213,0.015195,0.01753
0.018213,0.01657,0.017749,0.017315,0.016475,0.017124,0.01681,0.016478,0.017837,0.016957,0.016545,0.015908,0.018177,0.015434,0.017343
0.018,0.017657,0.017516,0.017741,0.017571,0.017706,0.019277,0.017353,0.017993,0.017486,0.017078,0.015736,0.017416,0.015204,0.017117
0.017466,0.018002,0.016622,0.017692,0.017897,0.018206,0.018141,0.017584,0.018044,0.017809,0.017928,0.015779,0.017187,0.015549,0.017299
0.017233,0.017692,0.016661,0.017465,0.017632,0.018297,0.01516,0.019536,0.017842,0.017682,0.017922,0.015197,0.017143,0.02867,0.017439
0.019309,0.017662,0.017494,0.017895,0.017724,0.017894,0.017974,0.017272,0.017275,0.017613,0.017389,0.015024,0.017618,0.034544,0.017378
0.018321,0.016399,0.017488,0.017538,0.016958,0.017646,0.016008,0.017349,0.017434,0.016903,0.016625,0.015617,0.018243,0.03338,0.017583
0.018867,0.01692,0.018566,0.016973,0.016906,0.018099,NaN,0.016496,0.017768,0.016827,0.017054,NaN,0.01813,0.030825,NaN
0.017915,0.017366,0.017941,0.017389,0.017516,0.017916,NaN,0.017451,0.018294,0.017283,0.017242,NaN,0.017672,0.016961,NaN
NaN,NaN,NaN,NaN,NaN,NaN,NaN,NaN,0.018331,NaN,NaN,NaN,NaN,0.07987,NaN
NaN,NaN,NaN,NaN,NaN,NaN,NaN,NaN,0.017708,NaN,NaN,NaN,NaN,0.023174,NaN
NaN,NaN,NaN,NaN,NaN,NaN,6.3e-05,NaN,0.017291,NaN,NaN,0.000178,NaN,0.016648,0.000174
NaN,NaN,NaN,NaN,NaN,NaN,0.60593,NaN,0.01699,NaN,NaN,0.62134,NaN,0.016891,0.60807
