1
258.0000,110.0000,124.0000,100.0000
257.0000,112.0000,124.0000,100.0000
258.0000,114.0000,123.0000,99.0000
255.0000,114.0000,125.0000,101.0000
255.0000,116.0000,122.0000,98.0000
256.0000,117.0000,123.0000,99.0000
251.0000,117.0000,123.0000,99.0000
249.0000,116.0000,125.0000,101.0000
245.0000,116.0000,126.0000,102.0000
245.0000,115.0000,126.0000,102.0000
248.0000,119.0000,123.0000,99.0000
248.0000,118.0000,123.0000,99.0000
248.0000,117.0000,124.0000,100.0000
249.0000,117.0000,122.0000,98.0000
250.0000,117.0000,119.0000,96.0000
248.0000,117.0000,123.0000,99.0000
245.0000,117.0000,123.0000,99.0000
246.0000,116.0000,120.0000,97.0000
245.0000,116.0000,123.0000,99.0000
247.0000,117.0000,119.0000,96.0000
247.0000,116.0000,120.0000,97.0000
246.0000,115.0000,124.0000,100.0000
246.0000,113.0000,126.0000,102.0000
247.0000,115.0000,123.0000,99.0000
246.0000,115.0000,122.0000,98.0000
244.0000,115.0000,122.0000,98.0000
242.0000,116.0000,123.0000,99.0000
239.0000,115.0000,123.0000,99.0000
237.0000,113.0000,123.0000,99.0000
235.0000,113.0000,123.0000,99.0000
232.0000,110.0000,122.0000,98.0000
229.0000,108.0000,123.0000,99.0000
225.0000,106.0000,124.0000,100.0000
222.0000,106.0000,123.0000,99.0000
2
0
0
0
0
1
346.0000,128.0000,123.0000,108.0000
345.0000,127.0000,126.0000,110.0000
345.0000,128.0000,122.0000,107.0000
345.0000,129.0000,123.0000,108.0000
345.0000,130.0000,120.0000,105.0000
345.0000,130.0000,120.0000,105.0000
342.0000,129.0000,122.0000,107.0000
340.0000,129.0000,125.0000,109.0000
339.0000,129.0000,125.0000,109.0000
335.0000,128.0000,123.0000,108.0000
334.0000,127.0000,123.0000,108.0000
330.0000,126.0000,125.0000,109.0000
330.0000,126.0000,126.0000,110.0000
329.0000,125.0000,125.0000,109.0000
325.0000,121.0000,127.0000,111.0000
325.0000,122.0000,123.0000,108.0000
322.0000,119.0000,125.0000,109.0000
318.0000,116.0000,126.0000,110.0000
316.0000,114.0000,123.0000,108.0000
312.0000,112.0000,123.0000,108.0000
308.0000,107.0000,126.0000,110.0000
301.0000,103.0000,127.0000,111.0000
300.0000,101.0000,126.0000,110.0000
296.0000,99.0000,123.0000,108.0000
291.0000,94.0000,125.0000,109.0000
287.0000,93.0000,123.0000,108.0000
283.0000,89.0000,125.0000,109.0000
279.0000,86.0000,126.0000,110.0000
275.0000,85.0000,122.0000,107.0000
271.0000,83.0000,126.0000,110.0000
268.0000,82.0000,123.0000,108.0000
264.0000,82.0000,123.0000,108.0000
258.0000,79.0000,127.0000,111.0000
256.0000,82.0000,123.0000,108.0000
252.0000,81.0000,126.0000,110.0000
247.0000,81.0000,126.0000,110.0000
244.0000,81.0000,125.0000,109.0000
240.0000,81.0000,126.0000,110.0000
236.0000,81.0000,126.0000,110.0000
234.0000,81.0000,126.0000,110.0000
232.0000,82.0000,125.0000,109.0000
2
0
0
0
0
1
344.0000,128.0000,24.0000,45.0000
344.0000,129.0000,24.0000,45.0000
343.0000,128.0000,23.0000,45.0000
340.0000,122.0000,24.0000,45.0000
342.0000,122.0000,23.0000,45.0000
345.0000,119.0000,23.0000,43.0000
339.0000,124.0000,23.0000,45.0000
339.0000,123.0000,24.0000,45.0000
339.0000,127.0000,24.0000,45.0000
339.0000,127.0000,23.0000,44.0000
355.0000,124.0000,22.0000,42.0000
354.0000,126.0000,22.0000,41.0000
337.0000,127.0000,21.0000,40.0000
338.0000,129.0000,21.0000,40.0000
336.0000,128.0000,21.0000,41.0000
335.0000,128.0000,22.0000,42.0000
335.0000,128.0000,22.0000,42.0000
335.0000,129.0000,21.0000,41.0000
333.0000,130.0000,21.0000,41.0000
334.0000,131.0000,22.0000,41.0000
333.0000,132.0000,21.0000,41.0000
333.0000,132.0000,21.0000,40.0000
332.0000,132.0000,21.0000,39.0000
330.0000,134.0000,20.0000,38.0000
331.0000,129.0000,20.0000,38.0000
338.0000,147.0000,20.0000,39.0000
2
0
0
0
0
1
330.0000,131.0000,25.0000,44.0000
330.0000,134.0000,24.0000,43.0000
330.0000,134.0000,25.0000,44.0000
330.0000,135.0000,24.0000,44.0000
329.0000,136.0000,25.0000,45.0000
328.0000,136.0000,26.0000,46.0000
328.0000,138.0000,26.0000,46.0000
327.0000,137.0000,26.0000,47.0000
324.0000,135.0000,27.0000,48.0000
325.0000,138.0000,27.0000,49.0000
323.0000,136.0000,27.0000,48.0000
322.0000,133.0000,26.0000,46.0000
327.0000,144.0000,26.0000,46.0000
326.0000,130.0000,26.0000,47.0000
326.0000,131.0000,27.0000,48.0000
311.0000,131.0000,26.0000,47.0000
327.0000,147.0000,27.0000,48.0000
327.0000,148.0000,26.0000,47.0000
327.0000,148.0000,26.0000,47.0000
326.0000,147.0000,27.0000,48.0000
324.0000,147.0000,27.0000,48.0000
321.0000,166.0000,26.0000,47.0000
321.0000,149.0000,27.0000,49.0000
303.0000,142.0000,27.0000,49.0000
300.0000,140.0000,28.0000,50.0000
299.0000,140.0000,28.0000,51.0000
297.0000,140.0000,29.0000,52.0000
2
0
0
0
0
1
314.0000,137.0000,52.0000,31.0000
316.0000,138.0000,53.0000,32.0000
318.0000,139.0000,51.0000,31.0000
315.0000,140.0000,50.0000,30.0000
315.0000,142.0000,48.0000,29.0000
315.0000,143.0000,47.0000,29.0000
316.0000,143.0000,48.0000,29.0000
316.0000,142.0000,49.0000,30.0000
315.0000,141.0000,48.0000,29.0000
318.0000,141.0000,47.0000,29.0000
318.0000,142.0000,47.0000,28.0000
320.0000,141.0000,45.0000,28.0000
319.0000,140.0000,47.0000,28.0000
321.0000,139.0000,46.0000,28.0000
318.0000,137.0000,47.0000,29.0000
328.0000,137.0000,48.0000,29.0000
328.0000,134.0000,49.0000,30.0000
329.0000,130.0000,51.0000,31.0000
355.0000,129.0000,51.0000,31.0000
350.0000,130.0000,52.0000,32.0000
2
0
0
0
0
1
345.0000,132.0000,73.0000,14.0000
344.0000,131.0000,74.0000,14.0000
352.0000,126.0000,76.0000,15.0000
353.0000,126.0000,78.0000,15.0000
354.0000,122.0000,79.0000,15.0000
364.0000,120.0000,77.0000,15.0000
366.0000,121.0000,75.0000,14.0000
368.0000,119.0000,74.0000,14.0000
374.0000,116.0000,73.0000,14.0000
377.0000,115.0000,75.0000,14.0000
376.0000,114.0000,74.0000,14.0000
381.0000,114.0000,72.0000,14.0000
377.0000,111.0000,70.0000,14.0000
386.0000,110.0000,72.0000,14.0000
386.0000,109.0000,74.0000,14.0000
387.0000,108.0000,76.0000,15.0000
393.0000,105.0000,77.0000,15.0000
383.0000,107.0000,78.0000,15.0000
397.0000,102.0000,79.0000,15.0000
398.0000,101.0000,81.0000,16.0000
399.0000,101.0000,79.0000,15.0000
401.0000,100.0000,76.0000,15.0000
401.0000,102.0000,78.0000,15.0000
411.0000,114.0000,77.0000,15.0000
407.0000,120.0000,76.0000,15.0000
409.0000,121.0000,73.0000,14.0000
406.0000,116.0000,72.0000,14.0000
404.0000,117.0000,72.0000,14.0000
400.0000,116.0000,70.0000,14.0000
410.0000,125.0000,70.0000,14.0000
420.0000,126.0000,69.0000,13.0000
421.0000,126.0000,71.0000,14.0000
420.0000,126.0000,70.0000,14.0000
417.0000,128.0000,69.0000,13.0000
417.0000,129.0000,70.0000,14.0000
416.0000,131.0000,71.0000,14.0000
413.0000,128.0000,70.0000,14.0000
409.0000,129.0000,70.0000,14.0000
391.0000,129.0000,68.0000,13.0000
391.0000,129.0000,66.0000,13.0000
414.0000,110.0000,68.0000,13.0000
416.0000,113.0000,67.0000,13.0000
430.0000,109.0000,68.0000,13.0000
431.0000,115.0000,66.0000,13.0000
429.0000,114.0000,64.0000,12.0000
429.0000,116.0000,62.0000,12.0000
421.0000,113.0000,63.0000,12.0000
427.0000,116.0000,61.0000,12.0000
427.0000,117.0000,59.0000,11.0000
422.0000,113.0000,57.0000,11.0000
427.0000,117.0000,56.0000,11.0000
424.0000,116.0000,58.0000,11.0000
446.0000,117.0000,58.0000,11.0000
447.0000,117.0000,58.0000,11.0000
2
0
0
0
0
1
434.0000,117.0000,69.0000,48.0000
435.0000,120.0000,67.0000,46.0000
434.0000,124.0000,67.0000,46.0000
429.0000,127.0000,65.0000,45.0000
429.0000,128.0000,67.0000,46.0000
428.0000,129.0000,69.0000,48.0000
425.0000,131.0000,71.0000,49.0000
422.0000,135.0000,71.0000,49.0000
419.0000,138.0000,70.0000,48.0000
417.0000,138.0000,72.0000,50.0000
411.0000,141.0000,70.0000,48.0000
411.0000,144.0000,68.0000,47.0000
411.0000,145.0000,67.0000,46.0000
411.0000,146.0000,65.0000,45.0000
409.0000,148.0000,66.0000,45.0000
408.0000,149.0000,67.0000,46.0000
405.0000,149.0000,69.0000,48.0000
404.0000,151.0000,69.0000,47.0000
405.0000,151.0000,67.0000,46.0000
403.0000,151.0000,67.0000,46.0000
402.0000,151.0000,67.0000,46.0000
399.0000,150.0000,69.0000,48.0000
400.0000,152.0000,68.0000,47.0000
401.0000,151.0000,66.0000,45.0000
401.0000,151.0000,66.0000,45.0000
401.0000,152.0000,67.0000,46.0000
401.0000,153.0000,67.0000,46.0000
401.0000,152.0000,68.0000,47.0000
400.0000,152.0000,68.0000,47.0000
399.0000,152.0000,69.0000,48.0000
400.0000,152.0000,69.0000,47.0000
398.0000,152.0000,69.0000,48.0000
398.0000,151.0000,71.0000,49.0000
399.0000,152.0000,69.0000,47.0000
400.0000,152.0000,68.0000,47.0000
401.0000,151.0000,67.0000,46.0000
400.0000,151.0000,68.0000,47.0000
402.0000,151.0000,67.0000,46.0000
402.0000,151.0000,68.0000,47.0000
402.0000,151.0000,67.0000,46.0000
402.0000,151.0000,68.0000,47.0000
401.0000,151.0000,68.0000,47.0000
400.0000,151.0000,68.0000,47.0000
400.0000,152.0000,68.0000,47.0000
399.0000,152.0000,69.0000,47.0000
400.0000,152.0000,68.0000,47.0000
399.0000,152.0000,69.0000,47.0000
399.0000,152.0000,68.0000,47.0000
400.0000,152.0000,67.0000,46.0000
400.0000,152.0000,68.0000,47.0000
400.0000,152.0000,68.0000,47.0000
400.0000,152.0000,68.0000,47.0000
400.0000,152.0000,67.0000,46.0000
400.0000,152.0000,67.0000,46.0000
399.0000,152.0000,69.0000,47.0000
401.0000,152.0000,67.0000,46.0000
401.0000,152.0000,67.0000,46.0000
399.0000,151.0000,69.0000,48.0000
399.0000,151.0000,69.0000,48.0000
399.0000,152.0000,69.0000,47.0000
399.0000,151.0000,69.0000,48.0000
399.0000,150.0000,70.0000,48.0000
401.0000,150.0000,69.0000,47.0000
402.0000,148.0000,70.0000,48.0000
404.0000,148.0000,69.0000,47.0000
405.0000,146.0000,69.0000,47.0000
2
0
0
0
0
