1.2124
0.15462
0.086114
0.075241
0.10145
0.083136
0.062807
0.061782
0.047064
0.022289
0.024765
0.022065
0.021818
0.023703
0.047276
0.023069
0.023003
0.023253
0.022853
0.023488
0.043671
0.021483
0.022032
0.024552
0.03103
0.021839
0.046043
0.023774
0.021961
0.032106
0.034422
0.04527
0.050211
0.023691
0.030741
0.022915
0.022285
0.023426
0.047003
0.02698
0.027419
0.035683
0.023049
0.023239
0.046713
0.023792
0.023563
0.029909
0.023815
0.024155
0.051113
0.033341
0.02223
0.025441
0.02351
0.027665
0.049387
0.033325
0.023809
0.026277
0.035043
0.021327
0.046125
0.031274
0.022081
0.026089
0.023766
0.022833
0.051241
0.024073
0.023383
0.02507
0.020764
0.022125
0.048019
0.022813
0.037696
0.031578
0.021505
0.022865
0.046535
0.031734
0.022968
0.022875
0.022329
0.022133
0.043431
0.022216
0.022086
0.021543
0.022383
0.021895
0.043685
0.022065
0.02174
0.02182
0.033118
0.024502
0.052364
0.023087
0.022685
0.02399
0.021856
0.022047
0.044677
0.023187
0.022449
0.022102
0.022912
0.027671
0.051138
0.021273
0.021823
0.022499
0.022246
0.0302
0.04465
0.023833
0.02895
0.024753
0.025417
0.024281
0.051367
0.025467
0.024819
0.024307
0.024799
0.023968
0.054096
0.025071
0.024327
0.037804
0.024367
0.024245
0.077142
0.047558
0.048283
0.042003
0.021729
0.031398
0.043652
0.021978
0.021664
0.021443
0.023319
0.021131
0.043816
0.030504
0.021745
0.029579
0.022075
0.022095
0.043412
0.03354
0.021383
0.02293
0.027925
0.02382
0.047981
0.023038
0.027467
0.021126
0.027343
0.024034
0.045734
0.020907
0.021672
0.023257
0.021747
0.022082
0.071355
0.028072
0.022466
0.023148
0.021464
0.03242
0.044944
0.02316
0.02149
0.021982
0.023164
0.036211
0.043337
0.021966
0.022666
0.02537
0.032209
0.02456
0.043645
0.029371
0.024522
0.021289
0.02293
0.023429
0.052597
0.02187
0.027427
0.023483
0.024649
0.034855
0.050404
0.023725
0.022148
0.02598
0.022832
0.021575
0.045995
0.021643
0.032624
0.022116
0.022514
0.023486
0.053215
0.023267
0.021451
0.026526
0.021772
0.038988
0.045149
0.021181
0.032779
0.020656
0.020729
0.022599
0.042545
0.026827
0.022604
0.024642
0.024986
0.024637
0.062833
0.024267
0.023521
0.021294
0.021835
0.028378
0.041659
0.021531
0.021697
0.022502
0.020791
0.022906
0.05763
0.032736
0.023806
0.02123
0.024786
0.034506
0.061649
0.024436
0.026827
0.023978
0.03564
0.024612
0.055789
0.023732
0.024286
0.030256
0.024658
0.023973
0.053021
0.023302
0.020764
0.02116
0.021856
0.022222
0.051761
0.022771
0.023802
0.023438
0.023542
0.023317
0.056278
0.023603
0.022426
0.025681
0.023564
0.023347
0.049872
0.023741
0.02354
0.028519
0.022935
0.023998
0.060895
0.024201
0.023196
0.02331
0.022976
0.032449
0.051307
0.023089
0.035713
0.023448
0.024456
0.023436
0.050592
0.037644
0.021524
0.026764
0.020243
0.027405
0.042932
0.020195
0.020568
0.020271
0.028726
0.024053
0.049966
0.021554
0.020042
0.024574
0.021286
0.021069
0.047322
0.021508
0.020984
0.021644
0.022107
0.020995
0.043191
0.022606
0.022598
0.022665
0.022795
0.024893
0.049811
0.02384
0.028293
0.023498
0.021424
0.021397
0.051772
0.021747
0.022352
0.023039
0.030333
0.023146
0.052251
0.02257
0.021026
0.020554
0.021243
0.020453
0.044765
0.020793
0.020561
0.020592
0.020748
0.02961
0.04487
0.03167
0.020608
0.02033
0.021113
0.020711
0.043295
0.020236
0.020649
0.020724
0.02034
0.020047
0.044643
0.020528
0.023209
0.035519
0.023411
0.021163
0.051552
0.027429
0.022747
0.025654
0.022348
0.021819
0.059753
0.030887
0.024106
0.021283
0.020091
0.031536
0.040985
0.01899
0.019533
0.019647
0.019191
0.018704
0.040231
0.020474
0.020849
0.020127
0.020486
0.019731
0.047135
0.020211
0.02286
0.02475
0.019928
0.020582
0.041334
0.019407
0.019831
0.019721
0.019486
0.019801
0.041581
0.032439
0.020185
0.030221
0.023202
0.021793
0.061944
0.021917
0.020182
0.020355
0.021493
0.02036
0.042307
0.020724
0.020486
0.020296
0.020916
0.020632
0.055284
0.019702
0.028788
0.020374
0.020125
0.019921
0.049809
0.019945
0.029113
0.023973
0.020004
0.035096
0.04242
0.020849
0.02005
0.019708
0.019273
0.019501
0.042239
0.019495
0.020341
0.02055
0.026478
0.019232
0.042046
0.020769
0.02068
0.019447
0.020936
0.020149
0.042658
0.024979
0.025265
0.024196
0.021284
0.021762
0.054111
0.02562
0.019794
0.020389
0.021079
0.021239
0.04999
0.036335
0.02249
0.023099
0.023668
0.023235
0.050671
0.020672
0.022137
0.023962
0.021797
0.02951
0.041775
0.020239
0.019784
0.019208
0.020358
0.020538
0.041786
0.019952
0.025695
0.019836
0.020674
0.022178
0.041512
0.019188
0.021324
0.01961
0.019495
0.01989
0.041516
0.020332
0.019699
0.020072
0.033692
0.024064
0.049006
0.024411
0.024528
0.023648
0.023418
0.023519
0.050779
0.021559
0.024073
0.024096
0.029098
0.024482
0.054088
0.028202
0.021079
0.020168
0.020323
0.030874
0.046057
0.021428
0.025689
0.02848
0.022401
0.02691
0.061164
0.022687
0.022754
0.026982
0.02247
0.023637
0.049495
0.022004
0.027296
0.025637
0.021456
0.020167
0.042173
0.025437
0.025609
0.023263
0.024025
0.036184
0.044386
0.019543
0.021833
0.021012
0.022268
0.02166
0.045289
0.02163
0.021904
0.021887
0.030965
0.024082
0.048318
0.022249
0.053585
0.024733
0.022614
0.02292
0.04941
0.022956
0.024112
0.024431
0.022577
0.023857
0.05063
0.024758
0.04114
0.02226
0.02339
0.023792
0.048741
0.026919
0.022918
0.022772
0.02347
0.022923
0.050855
0.022073
0.023034
0.022977
0.024298
0.024339
0.050368
0.022579
0.023733
0.024136
0.024327
0.023647
0.04971
0.021238
0.02348
0.020365
0.021494
0.042335
0.044693
0.029186
0.021692
0.021053
0.02818
0.020759
0.043305
0.032576
0.020869
0.027059
0.020612
0.020418
0.054997
0.023041
0.021779
0.021417
0.022362
0.021703
0.045845
0.022969
0.021885
0.028432
0.02184
0.025709
0.044165
0.021507
0.02161
0.020539
0.025285
0.021022
0.04507
0.021102
0.021666
0.020568
0.020959
0.021726
0.043858
0.026164
0.020635
0.027907
0.021808
0.020727
0.043534
0.021885
0.021285
0.021821
0.021043
0.021634
0.043625
0.020626
0.021461
0.021032
0.021047
0.021514
0.043152
0.021178
0.020981
0.020842
0.021713
0.02686
0.048971
0.024555
0.023846
0.022117
0.022699
0.022246
0.043682
0.023075
0.021008
0.021628
0.021052
0.02044
0.042182
0.030553
0.020422
0.027034
0.020377
0.020511
0.041124
0.021173
0.021279
0.020472
0.020526
0.021696
0.042895
0.02052
0.020687
0.02104
0.020127
0.020796
0.042368
0.020192
0.020583
0.02187
0.020835
0.021169
0.04205
0.022447
0.020936
0.020743
0.020227
0.021939
0.04271
0.020894
0.020956
0.021948
0.021495
0.022469
0.043574
0.021065
0.028255
