0.000156
0.21523
0.001607
0.001506
0.00139
0.001518
0.001469
0.001491
0.001424
0.00145
0.001447
0.001445
0.001455
0.001435
0.001539
0.001514
0.001553
0.001463
0.001645
0.001457
0.001457
0.001504
0.001533
0.001491
0.001538
0.001505
0.001612
0.001446
0.001509
0.001482
0.001489
0.001534
0.001446
0.001441
0.001474
0.001381
0.001473
0.001408
0.001452
0.001409
0.001428
0.00163
0.001479
0.001524
0.001458
0.00173
0.001493
0.001506
0.001461
0.001594
0.001636
0.001741
0.00154
0.001581
0.001541
0.001622
0.001466
0.00144
0.001606
0.001512
0.001532
0.001452
0.001549
0.001485
0.00158
0.001469
0.001597
0.001473
0.00151
0.001448
0.001514
0.001432
0.001451
0.001436
0.00146
0.001467
0.001465
0.001479
0.001477
0.001571
0.001493
0.001515
0.001481
0.001515
0.001467
0.001558
0.001471
0.001574
NaN
NaN
NaN
NaN
0.000154
0.21996
0.001872
0.001742
0.001759
0.001729
0.001671
0.00165
0.001702
0.001724
0.001733
0.001915
0.001732
0.00171
0.001747
0.001752
0.001683
0.001831
0.001694
0.001924
0.001869
0.00179
0.004061
0.003921
0.003808
NaN
NaN
NaN
NaN
0.000168
0.21729
0.001718
0.001604
0.001488
0.001725
0.001524
0.001483
0.00154
0.00173
0.001654
0.001586
0.001682
0.001711
0.001796
0.001702
0.001733
0.001665
0.001658
0.00173
0.00169
0.001729
0.001745
0.001668
0.001754
0.001709
0.00175
0.001647
0.001665
0.001618
0.001585
0.001557
0.001486
0.001617
0.001608
0.001692
0.001609
0.001658
0.00164
0.001639
0.001691
0.00163
0.001692
0.001627
0.00159
0.001497
0.001556
0.001508
0.001556
0.001505
0.001544
0.001619
0.001514
0.001671
0.001517
0.001565
0.001619
0.001611
0.001589
0.001643
0.001688
0.001704
0.001782
0.001659
0.001703
0.001594
0.001643
0.001681
0.001655
0.001784
0.001647
0.001672
0.001517
0.001624
0.001595
0.001717
0.001651
0.001646
0.001663
0.001651
0.001765
0.0016
0.001632
0.001633
0.00163
0.00157
0.00158
0.001612
0.001625
0.001703
0.001546
0.001614
0.001587
0.001607
0.00156
0.001575
0.0017
0.001638
0.00167
0.001663
0.001802
0.001672
0.001683
0.001735
0.001748
0.001778
0.001748
0.001841
0.001608
0.001647
0.001668
0.001637
0.001789
0.001715
NaN
NaN
NaN
NaN
0.000156
0.23
0.001812
0.001918
0.001804
0.001707
0.001758
0.001697
0.001736
0.001658
0.001712
0.001625
0.00167
0.001659
0.001851
0.001728
0.001655
0.001659
0.001673
0.001735
0.001743
0.001722
0.001752
0.001723
0.001499
0.001758
0.001698
0.001772
0.001768
0.001675
0.00173
0.001657
0.00183
0.001737
0.00176
NaN
NaN
NaN
NaN
0.000219
0.22184
0.001995
0.001748
0.00202
0.001836
0.001836
0.001858
0.001816
0.001883
0.001732
0.002175
0.001952
0.001903
0.002094
0.001913
0.001738
0.002144
0.002178
0.001938
0.0022
0.002381
0.002032
0.00207
0.001957
0.002222
0.001981
0.002077
0.002143
0.001787
0.002234
0.001827
0.001835
0.002098
0.00211
0.001686
0.001744
0.001765
0.002349
0.002114
0.002265
0.001655
NaN
NaN
NaN
NaN
0.000125
0.22867
