1.3103,1.1771,1.1793,0,0,0,0,0,0,0,0,0,0,0,0
0.17896,0.14377,0.14372,0,0,0,0,0,0,0,0,0,0,0,0
0.09216,0.077078,0.077526,0,0,0,0,0,0,0,0,0,0,0,0
0.075815,0.06347,0.063674,0,0,0,0,0,0,0,0,0,0,0,0
0.11626,0.091564,0.097758,0,0,0,0,0,0,0,0,0,0,0,0
0.096336,0.1016,0.089176,0,0,0,0,0,0,0,0,0,0,0,0
0.06411,0.04847,0.05511,0,0,0,0,0,0,0,0,0,0,0,0
0.077143,0.047199,0.054769,0,0,0,0,0,0,0,0,0,0,0,0
0.059724,0.061754,0.046706,0,0,0,0,0,0,0,0,0,0,0,0
0.031725,0.021715,0.028537,0,0,0,0,0,0,0,0,0,0,0,0
0.033786,0.021186,0.035852,0,0,0,0,0,0,0,0,0,0,0,0
0.023757,0.022002,0.020879,0,0,0,0,0,0,0,0,0,0,0,0
0.023664,0.030731,0.021861,0,0,0,0,0,0,0,0,0,0,0,0
0.022589,0.022934,0.022259,0,0,0,0,0,0,0,0,0,0,0,0
0.0467,0.048224,0.045601,0,0,0,0,0,0,0,0,0,0,0,0
0.036505,0.024443,0.033143,0,0,0,0,0,0,0,0,0,0,0,0
0.023129,0.029926,0.021599,0,0,0,0,0,0,0,0,0,0,0,0
0.023477,0.021119,0.025305,0,0,0,0,0,0,0,0,0,0,0,0
0.031664,0.022601,0.020782,0,0,0,0,0,0,0,0,0,0,0,0
0.021686,0.022869,0.021526,0,0,0,0,0,0,0,0,0,0,0,0
0.083803,0.0466,0.049236,0,0,0,0,0,0,0,0,0,0,0,0
0.022259,0.022097,0.023455,0,0,0,0,0,0,0,0,0,0,0,0
0.023779,0.022555,0.022738,0,0,0,0,0,0,0,0,0,0,0,0
0.034205,0.023045,0.023197,0,0,0,0,0,0,0,0,0,0,0,0
0.035258,0.022751,0.022447,0,0,0,0,0,0,0,0,0,0,0,0
0.021826,0.024058,0.023172,0,0,0,0,0,0,0,0,0,0,0,0
0.048939,0.048974,0.049027,0,0,0,0,0,0,0,0,0,0,0,0
0.024227,0.02746,0.022196,0,0,0,0,0,0,0,0,0,0,0,0
0.0288,0.023194,0.026692,0,0,0,0,0,0,0,0,0,0,0,0
0.044033,0.02652,0.021709,0,0,0,0,0,0,0,0,0,0,0,0
0.033029,0.046232,0.038172,0,0,0,0,0,0,0,0,0,0,0,0
0.026125,0.048409,0.025913,0,0,0,0,0,0,0,0,0,0,0,0
0.051622,0.050788,0.058716,0,0,0,0,0,0,0,0,0,0,0,0
0.047546,0.035191,0.032952,0,0,0,0,0,0,0,0,0,0,0,0
0.035872,0.028627,0.029214,0,0,0,0,0,0,0,0,0,0,0,0
0.022113,0.024398,0.022822,0,0,0,0,0,0,0,0,0,0,0,0
0.021894,0.022324,0.021464,0,0,0,0,0,0,0,0,0,0,0,0
0.021458,0.022759,0.020237,0,0,0,0,0,0,0,0,0,0,0,0
0.062909,0.044014,0.050026,0,0,0,0,0,0,0,0,0,0,0,0
0.021175,0.021513,0.021053,0,0,0,0,0,0,0,0,0,0,0,0
0.045571,0.029535,0.026528,0,0,0,0,0,0,0,0,0,0,0,0
0.022023,0.021833,0.026335,0,0,0,0,0,0,0,0,0,0,0,0
0.02241,0.023438,0.034728,0,0,0,0,0,0,0,0,0,0,0,0
0.031097,0.027076,0.021766,0,0,0,0,0,0,0,0,0,0,0,0
0.046894,0.044011,0.045661,0,0,0,0,0,0,0,0,0,0,0,0
0.041366,0.029403,0.02084,0,0,0,0,0,0,0,0,0,0,0,0
0.02998,0.026058,0.022044,0,0,0,0,0,0,0,0,0,0,0,0
0.036269,0.022058,0.021816,0,0,0,0,0,0,0,0,0,0,0,0
0.036985,0.025021,0.023568,0,0,0,0,0,0,0,0,0,0,0,0
0.021165,0.022145,0.023827,0,0,0,0,0,0,0,0,0,0,0,0
0.044083,0.045455,0.049109,0,0,0,0,0,0,0,0,0,0,0,0
0.027172,0.031928,0.024984,0,0,0,0,0,0,0,0,0,0,0,0
0.029882,0.020897,0.020598,0,0,0,0,0,0,0,0,0,0,0,0
0.021691,0.027013,0.021907,0,0,0,0,0,0,0,0,0,0,0,0
0.023138,0.021764,0.021709,0,0,0,0,0,0,0,0,0,0,0,0
0.024927,0.021725,0.021423,0,0,0,0,0,0,0,0,0,0,0,0
0.049084,0.048236,0.058502,0,0,0,0,0,0,0,0,0,0,0,0
0.023897,0.028542,0.024528,0,0,0,0,0,0,0,0,0,0,0,0
0.024583,0.022189,0.026384,0,0,0,0,0,0,0,0,0,0,0,0
0.036432,0.022315,0.022025,0,0,0,0,0,0,0,0,0,0,0,0
0.02314,0.021578,0.022249,0,0,0,0,0,0,0,0,0,0,0,0
0.039136,0.021184,0.022625,0,0,0,0,0,0,0,0,0,0,0,0
0.060728,0.042236,0.045915,0,0,0,0,0,0,0,0,0,0,0,0
0.027302,0.021125,0.020856,0,0,0,0,0,0,0,0,0,0,0,0
0.039273,0.023247,0.021775,0,0,0,0,0,0,0,0,0,0,0,0
0.021601,0.022223,0.021059,0,0,0,0,0,0,0,0,0,0,0,0
0.031527,0.022932,0.021962,0,0,0,0,0,0,0,0,0,0,0,0
0.024199,0.022793,0.023125,0,0,0,0,0,0,0,0,0,0,0,0
0.042689,0.049088,0.057442,0,0,0,0,0,0,0,0,0,0,0,0
0.03017,0.022822,0.024977,0,0,0,0,0,0,0,0,0,0,0,0
0.021853,0.023095,0.024471,0,0,0,0,0,0,0,0,0,0,0,0
0.022342,0.022679,0.022371,0,0,0,0,0,0,0,0,0,0,0,0
0.024008,0.022025,0.021116,0,0,0,0,0,0,0,0,0,0,0,0
0.036246,0.021979,0.021099,0,0,0,0,0,0,0,0,0,0,0,0
0.045576,0.046579,0.056599,0,0,0,0,0,0,0,0,0,0,0,0
0.034105,0.026696,0.025191,0,0,0,0,0,0,0,0,0,0,0,0
0.03614,0.023603,0.024169,0,0,0,0,0,0,0,0,0,0,0,0
0.039403,0.021399,0.021356,0,0,0,0,0,0,0,0,0,0,0,0
0.026528,0.022609,0.022775,0,0,0,0,0,0,0,0,0,0,0,0
0.035498,0.021841,0.021962,0,0,0,0,0,0,0,0,0,0,0,0
0.04796,0.04747,0.046132,0,0,0,0,0,0,0,0,0,0,0,0
0.028646,0.021306,0.02183,0,0,0,0,0,0,0,0,0,0,0,0
0.041696,0.022684,0.033521,0,0,0,0,0,0,0,0,0,0,0,0
0.041074,0.029563,0.020387,0,0,0,0,0,0,0,0,0,0,0,0
0.029326,0.036393,0.036002,0,0,0,0,0,0,0,0,0,0,0,0
0.024565,0.022721,0.025785,0,0,0,0,0,0,0,0,0,0,0,0
0.053916,0.04881,0.042789,0,0,0,0,0,0,0,0,0,0,0,0
0.023764,0.021454,0.023685,0,0,0,0,0,0,0,0,0,0,0,0
0.03219,0.022863,0.020653,0,0,0,0,0,0,0,0,0,0,0,0
0.044476,0.022001,0.022056,0,0,0,0,0,0,0,0,0,0,0,0
0.042055,0.022528,0.02089,0,0,0,0,0,0,0,0,0,0,0,0
0.022254,0.021319,0.020037,0,0,0,0,0,0,0,0,0,0,0,0
0.057518,0.045577,0.046559,0,0,0,0,0,0,0,0,0,0,0,0
0.041669,0.026301,0.020019,0,0,0,0,0,0,0,0,0,0,0,0
0.021148,0.021619,0.022027,0,0,0,0,0,0,0,0,0,0,0,0
0.037657,0.021413,0.022449,0,0,0,0,0,0,0,0,0,0,0,0
0.048898,0.030339,0.03122,0,0,0,0,0,0,0,0,0,0,0,0
0.02599,0.023279,0.024041,0,0,0,0,0,0,0,0,0,0,0,0
0.059109,0.045214,0.04571,0,0,0,0,0,0,0,0,0,0,0,0
0.026093,0.021286,0.026946,0,0,0,0,0,0,0,0,0,0,0,0
0.029453,0.022406,0.021625,0,0,0,0,0,0,0,0,0,0,0,0
0.022199,0.022549,0.025551,0,0,0,0,0,0,0,0,0,0,0,0
0.023282,0.022137,0.02446,0,0,0,0,0,0,0,0,0,0,0,0
0.022114,0.022113,0.023637,0,0,0,0,0,0,0,0,0,0,0,0
0.057158,0.046254,0.050934,0,0,0,0,0,0,0,0,0,0,0,0
0.021402,0.021472,0.023669,0,0,0,0,0,0,0,0,0,0,0,0
0.03902,0.022981,0.021685,0,0,0,0,0,0,0,0,0,0,0,0
0.042717,0.023891,0.023883,0,0,0,0,0,0,0,0,0,0,0,0
0.024585,0.023202,0.022088,0,0,0,0,0,0,0,0,0,0,0,0
0.0419,0.020771,0.036503,0,0,0,0,0,0,0,0,0,0,0,0
0.058988,0.045975,0.048663,0,0,0,0,0,0,0,0,0,0,0,0
0.032885,0.021279,0.028709,0,0,0,0,0,0,0,0,0,0,0,0
0.036613,0.021886,0.021684,0,0,0,0,0,0,0,0,0,0,0,0
0.036038,0.02284,0.021326,0,0,0,0,0,0,0,0,0,0,0,0
0.039227,0.023436,0.021756,0,0,0,0,0,0,0,0,0,0,0,0
0.023256,0.030404,0.020799,0,0,0,0,0,0,0,0,0,0,0,0
NaN,NaN,NaN,0,0,0,0,0,0,0,0,0,0,0,0
NaN,NaN,NaN,0,0,0,0,0,0,0,0,0,0,0,0
NaN,NaN,NaN,0,0,0,0,0,0,0,0,0,0,0,0
NaN,NaN,NaN,0,0,0,0,0,0,0,0,0,0,0,0
1.1779,1.263,1.4026,0,0,0,0,0,0,0,0,0,0,0,0
0.16924,0.14455,0.14367,0,0,0,0,0,0,0,0,0,0,0,0
0.09007,0.081792,0.096388,0,0,0,0,0,0,0,0,0,0,0,0
0.073228,0.074294,0.062901,0,0,0,0,0,0,0,0,0,0,0,0
0.087728,0.098659,0.092143,0,0,0,0,0,0,0,0,0,0,0,0
0.08475,0.082545,0.077303,0,0,0,0,0,0,0,0,0,0,0,0
0.081813,0.054529,0.049028,0,0,0,0,0,0,0,0,0,0,0,0
0.051598,0.05577,0.04936,0,0,0,0,0,0,0,0,0,0,0,0
0.05727,0.051764,0.047187,0,0,0,0,0,0,0,0,0,0,0,0
0.037021,0.022721,0.026065,0,0,0,0,0,0,0,0,0,0,0,0
0.026164,0.021476,0.024696,0,0,0,0,0,0,0,0,0,0,0,0
0.027502,0.021132,0.02389,0,0,0,0,0,0,0,0,0,0,0,0
0.044906,0.021134,0.019955,0,0,0,0,0,0,0,0,0,0,0,0
0.02301,0.021689,0.023499,0,0,0,0,0,0,0,0,0,0,0,0
0.063689,0.045453,0.045412,0,0,0,0,0,0,0,0,0,0,0,0
0.022237,0.021233,0.036592,0,0,0,0,0,0,0,0,0,0,0,0
0.021069,0.020609,0.020514,0,0,0,0,0,0,0,0,0,0,0,0
0.036922,0.020628,0.02161,0,0,0,0,0,0,0,0,0,0,0,0
0.022284,0.024686,0.020718,0,0,0,0,0,0,0,0,0,0,0,0
0.038847,0.02333,0.020815,0,0,0,0,0,0,0,0,0,0,0,0
0.066472,0.043971,0.056112,0,0,0,0,0,0,0,0,0,0,0,0
0.021887,0.029402,0.023174,0,0,0,0,0,0,0,0,0,0,0,0
0.021569,0.021835,0.024802,0,0,0,0,0,0,0,0,0,0,0,0
0.04015,0.021855,0.022796,0,0,0,0,0,0,0,0,0,0,0,0
0.034089,0.02118,0.021457,0,0,0,0,0,0,0,0,0,0,0,0
0.024149,0.021336,0.02097,0,0,0,0,0,0,0,0,0,0,0,0
0.045562,0.043478,0.055512,0,0,0,0,0,0,0,0,0,0,0,0
0.023058,0.022024,0.020468,0,0,0,0,0,0,0,0,0,0,0,0
0.037839,0.021833,0.021026,0,0,0,0,0,0,0,0,0,0,0,0
0.043057,0.021998,0.030993,0,0,0,0,0,0,0,0,0,0,0,0
0.030034,0.035491,0.031019,0,0,0,0,0,0,0,0,0,0,0,0
0.041251,0.02397,0.029774,0,0,0,0,0,0,0,0,0,0,0,0
0.048576,0.05029,0.047611,0,0,0,0,0,0,0,0,0,0,0,0
0.023856,0.030113,0.024243,0,0,0,0,0,0,0,0,0,0,0,0
0.046771,0.029601,0.029057,0,0,0,0,0,0,0,0,0,0,0,0
0.021464,0.029204,0.021699,0,0,0,0,0,0,0,0,0,0,0,0
0.038898,0.02371,0.022799,0,0,0,0,0,0,0,0,0,0,0,0
0.021612,0.021928,0.021965,0,0,0,0,0,0,0,0,0,0,0,0
0.052463,0.046144,0.0436,0,0,0,0,0,0,0,0,0,0,0,0
0.024994,0.022383,0.032648,0,0,0,0,0,0,0,0,0,0,0,0
0.020933,0.032422,0.021303,0,0,0,0,0,0,0,0,0,0,0,0
0.031538,0.024447,0.022508,0,0,0,0,0,0,0,0,0,0,0,0
0.036356,0.022218,0.021336,0,0,0,0,0,0,0,0,0,0,0,0
0.022093,0.025163,0.022863,0,0,0,0,0,0,0,0,0,0,0,0
0.052193,0.046087,0.043341,0,0,0,0,0,0,0,0,0,0,0,0
0.023356,0.022731,0.021701,0,0,0,0,0,0,0,0,0,0,0,0
0.037713,0.023212,0.021412,0,0,0,0,0,0,0,0,0,0,0,0
0.024593,0.02088,0.022885,0,0,0,0,0,0,0,0,0,0,0,0
0.023218,0.032958,0.023136,0,0,0,0,0,0,0,0,0,0,0,0
0.027077,0.021394,0.02233,0,0,0,0,0,0,0,0,0,0,0,0
0.067049,0.052271,0.048274,0,0,0,0,0,0,0,0,0,0,0,0
0.025053,0.023554,0.023173,0,0,0,0,0,0,0,0,0,0,0,0
0.040005,0.023577,0.021406,0,0,0,0,0,0,0,0,0,0,0,0
0.041328,0.020979,0.039019,0,0,0,0,0,0,0,0,0,0,0,0
0.024605,0.03705,0.021736,0,0,0,0,0,0,0,0,0,0,0,0
0.027973,0.022579,0.022297,0,0,0,0,0,0,0,0,0,0,0,0
0.047218,0.05092,0.055446,0,0,0,0,0,0,0,0,0,0,0,0
0.025711,0.024081,0.030641,0,0,0,0,0,0,0,0,0,0,0,0
0.023412,0.02395,0.02385,0,0,0,0,0,0,0,0,0,0,0,0
0.048988,0.022957,0.022341,0,0,0,0,0,0,0,0,0,0,0,0
0.040999,0.023627,0.029704,0,0,0,0,0,0,0,0,0,0,0,0
0.036065,0.040583,0.023958,0,0,0,0,0,0,0,0,0,0,0,0
0.046489,0.044517,0.049374,0,0,0,0,0,0,0,0,0,0,0,0
0.048756,0.024697,0.024084,0,0,0,0,0,0,0,0,0,0,0,0
0.022293,0.022963,0.02121,0,0,0,0,0,0,0,0,0,0,0,0
0.026645,0.023339,0.021531,0,0,0,0,0,0,0,0,0,0,0,0
0.03644,0.022298,0.021259,0,0,0,0,0,0,0,0,0,0,0,0
0.032499,0.02174,0.020642,0,0,0,0,0,0,0,0,0,0,0,0
0.046855,0.04611,0.048089,0,0,0,0,0,0,0,0,0,0,0,0
0.041828,0.022764,0.021699,0,0,0,0,0,0,0,0,0,0,0,0
0.048365,0.021233,0.021727,0,0,0,0,0,0,0,0,0,0,0,0
0.02218,0.022124,0.020719,0,0,0,0,0,0,0,0,0,0,0,0
0.026433,0.022137,0.021861,0,0,0,0,0,0,0,0,0,0,0,0
0.023714,0.022161,0.02102,0,0,0,0,0,0,0,0,0,0,0,0
0.046863,0.045882,0.04334,0,0,0,0,0,0,0,0,0,0,0,0
0.034967,0.021225,0.021519,0,0,0,0,0,0,0,0,0,0,0,0
0.02863,0.026211,0.022425,0,0,0,0,0,0,0,0,0,0,0,0
0.049478,0.022957,0.022332,0,0,0,0,0,0,0,0,0,0,0,0
0.023458,0.034983,0.021862,0,0,0,0,0,0,0,0,0,0,0,0
0.021016,0.026515,0.021799,0,0,0,0,0,0,0,0,0,0,0,0
0.044573,0.048991,0.043944,0,0,0,0,0,0,0,0,0,0,0,0
0.023494,0.024022,0.028666,0,0,0,0,0,0,0,0,0,0,0,0
0.041794,0.022522,0.02126,0,0,0,0,0,0,0,0,0,0,0,0
0.020608,0.020907,0.021378,0,0,0,0,0,0,0,0,0,0,0,0
0.036192,0.021836,0.021468,0,0,0,0,0,0,0,0,0,0,0,0
0.043426,0.04249,0.021089,0,0,0,0,0,0,0,0,0,0,0,0
0.058267,0.052235,0.0426,0,0,0,0,0,0,0,0,0,0,0,0
0.020579,0.02118,0.021257,0,0,0,0,0,0,0,0,0,0,0,0
0.025493,0.022548,0.031354,0,0,0,0,0,0,0,0,0,0,0,0
0.027444,0.022267,0.021812,0,0,0,0,0,0,0,0,0,0,0,0
0.025498,0.021996,0.023104,0,0,0,0,0,0,0,0,0,0,0,0
0.032038,0.024452,0.023699,0,0,0,0,0,0,0,0,0,0,0,0
0.053003,0.043919,0.046051,0,0,0,0,0,0,0,0,0,0,0,0
0.039499,0.023107,0.021275,0,0,0,0,0,0,0,0,0,0,0,0
0.031778,0.022566,0.021717,0,0,0,0,0,0,0,0,0,0,0,0
0.025217,0.021836,0.022465,0,0,0,0,0,0,0,0,0,0,0,0
0.024899,0.021951,0.023055,0,0,0,0,0,0,0,0,0,0,0,0
0.021844,0.033336,0.021334,0,0,0,0,0,0,0,0,0,0,0,0
0.056124,0.049524,0.043547,0,0,0,0,0,0,0,0,0,0,0,0
0.047738,0.023645,0.022055,0,0,0,0,0,0,0,0,0,0,0,0
0.024859,0.022996,0.020759,0,0,0,0,0,0,0,0,0,0,0,0
0.022526,0.021708,0.020966,0,0,0,0,0,0,0,0,0,0,0,0
0.041561,0.021473,0.020767,0,0,0,0,0,0,0,0,0,0,0,0
0.030096,0.022669,0.021611,0,0,0,0,0,0,0,0,0,0,0,0
0.0604,0.049917,0.044894,0,0,0,0,0,0,0,0,0,0,0,0
0.031608,0.022514,0.021667,0,0,0,0,0,0,0,0,0,0,0,0
0.032116,0.021061,0.020851,0,0,0,0,0,0,0,0,0,0,0,0
0.032167,0.022139,0.021563,0,0,0,0,0,0,0,0,0,0,0,0
0.03054,0.023136,0.020941,0,0,0,0,0,0,0,0,0,0,0,0
0.036042,0.021915,0.021966,0,0,0,0,0,0,0,0,0,0,0,0
0.049318,0.043562,0.043319,0,0,0,0,0,0,0,0,0,0,0,0
0.039117,0.022635,0.020387,0,0,0,0,0,0,0,0,0,0,0,0
0.02255,0.022533,0.031257,0,0,0,0,0,0,0,0,0,0,0,0
0.025112,0.022298,0.020836,0,0,0,0,0,0,0,0,0,0,0,0
0.024016,0.021972,0.020977,0,0,0,0,0,0,0,0,0,0,0,0
0.024159,0.02195,0.020699,0,0,0,0,0,0,0,0,0,0,0,0
0.067847,0.04482,0.044688,0,0,0,0,0,0,0,0,0,0,0,0
0.032509,0.023823,0.02271,0,0,0,0,0,0,0,0,0,0,0,0
0.026126,0.022047,0.021079,0,0,0,0,0,0,0,0,0,0,0,0
0.035905,0.02153,0.021247,0,0,0,0,0,0,0,0,0,0,0,0
0.031878,0.022202,0.021229,0,0,0,0,0,0,0,0,0,0,0,0
0.026581,0.02264,0.021977,0,0,0,0,0,0,0,0,0,0,0,0
0.085713,0.047211,0.04374,0,0,0,0,0,0,0,0,0,0,0,0
0.023405,0.02111,0.027295,0,0,0,0,0,0,0,0,0,0,0,0
0.037671,0.021788,0.020716,0,0,0,0,0,0,0,0,0,0,0,0
0.023164,0.02197,0.026706,0,0,0,0,0,0,0,0,0,0,0,0
0.02283,0.02211,0.02146,0,0,0,0,0,0,0,0,0,0,0,0
0.027369,0.023258,0.021448,0,0,0,0,0,0,0,0,0,0,0,0
0.052154,0.045538,0.043736,0,0,0,0,0,0,0,0,0,0,0,0
0.039693,0.021178,0.021611,0,0,0,0,0,0,0,0,0,0,0,0
0.038779,0.021295,0.024609,0,0,0,0,0,0,0,0,0,0,0,0
0.02466,0.032756,0.023904,0,0,0,0,0,0,0,0,0,0,0,0
0.027735,0.022239,0.021871,0,0,0,0,0,0,0,0,0,0,0,0
0.035718,0.021307,0.02194,0,0,0,0,0,0,0,0,0,0,0,0
0.049493,0.04541,0.051715,0,0,0,0,0,0,0,0,0,0,0,0
0.031017,0.020884,0.021219,0,0,0,0,0,0,0,0,0,0,0,0
0.042527,0.022798,0.021186,0,0,0,0,0,0,0,0,0,0,0,0
0.023691,0.026237,0.022677,0,0,0,0,0,0,0,0,0,0,0,0
0.039359,0.021457,0.021156,0,0,0,0,0,0,0,0,0,0,0,0
0.034559,0.022803,0.02162,0,0,0,0,0,0,0,0,0,0,0,0
0.053782,0.044934,0.042842,0,0,0,0,0,0,0,0,0,0,0,0
0.027373,0.022087,0.02226,0,0,0,0,0,0,0,0,0,0,0,0
0.044233,0.022306,0.020971,0,0,0,0,0,0,0,0,0,0,0,0
0.022961,0.021984,0.022182,0,0,0,0,0,0,0,0,0,0,0,0
0.043625,0.021597,0.021173,0,0,0,0,0,0,0,0,0,0,0,0
0.029459,0.02381,0.023979,0,0,0,0,0,0,0,0,0,0,0,0
0.046346,0.044204,0.044216,0,0,0,0,0,0,0,0,0,0,0,0
0.021746,0.024157,0.021809,0,0,0,0,0,0,0,0,0,0,0,0
0.022746,0.021603,0.020964,0,0,0,0,0,0,0,0,0,0,0,0
0.035553,0.023108,0.020842,0,0,0,0,0,0,0,0,0,0,0,0
0.031629,0.033711,0.022526,0,0,0,0,0,0,0,0,0,0,0,0
0.027843,0.023002,0.02183,0,0,0,0,0,0,0,0,0,0,0,0
0.066081,0.046186,0.056725,0,0,0,0,0,0,0,0,0,0,0,0
0.033441,0.023192,0.022583,0,0,0,0,0,0,0,0,0,0,0,0
0.028002,0.021716,0.023118,0,0,0,0,0,0,0,0,0,0,0,0
0.039042,0.02265,0.023569,0,0,0,0,0,0,0,0,0,0,0,0
0.029813,0.021047,0.023516,0,0,0,0,0,0,0,0,0,0,0,0
0.036872,0.021747,0.02862,0,0,0,0,0,0,0,0,0,0,0,0
0.074029,0.052804,0.05018,0,0,0,0,0,0,0,0,0,0,0,0
0.040068,0.025167,0.02145,0,0,0,0,0,0,0,0,0,0,0,0
0.056423,0.020696,0.020553,0,0,0,0,0,0,0,0,0,0,0,0
0.044363,0.021197,0.021943,0,0,0,0,0,0,0,0,0,0,0,0
0.02707,0.020882,0.020709,0,0,0,0,0,0,0,0,0,0,0,0
0.038603,0.022679,0.033868,0,0,0,0,0,0,0,0,0,0,0,0
0.049873,0.043247,0.043494,0,0,0,0,0,0,0,0,0,0,0,0
0.035685,0.028099,0.020203,0,0,0,0,0,0,0,0,0,0,0,0
0.023431,0.020469,0.022663,0,0,0,0,0,0,0,0,0,0,0,0
0.030409,0.021998,0.020217,0,0,0,0,0,0,0,0,0,0,0,0
0.051983,0.023097,0.021144,0,0,0,0,0,0,0,0,0,0,0,0
0.02074,0.022997,0.020936,0,0,0,0,0,0,0,0,0,0,0,0
0.063721,0.056452,0.044056,0,0,0,0,0,0,0,0,0,0,0,0
0.040711,0.023975,0.025967,0,0,0,0,0,0,0,0,0,0,0,0
0.020671,0.022904,0.023662,0,0,0,0,0,0,0,0,0,0,0,0
0.050939,0.022925,0.024472,0,0,0,0,0,0,0,0,0,0,0,0
0.022942,0.023248,0.022416,0,0,0,0,0,0,0,0,0,0,0,0
0.040213,0.023564,0.02288,0,0,0,0,0,0,0,0,0,0,0,0
0.059803,0.050123,0.049035,0,0,0,0,0,0,0,0,0,0,0,0
0.020971,0.025017,0.022199,0,0,0,0,0,0,0,0,0,0,0,0
0.046061,0.020437,0.022189,0,0,0,0,0,0,0,0,0,0,0,0
0.038381,0.026621,0.042993,0,0,0,0,0,0,0,0,0,0,0,0
0.037517,0.02079,0.020846,0,0,0,0,0,0,0,0,0,0,0,0
0.038389,0.022318,0.022231,0,0,0,0,0,0,0,0,0,0,0,0
0.062853,0.049824,0.0435,0,0,0,0,0,0,0,0,0,0,0,0
0.033262,0.024012,0.020625,0,0,0,0,0,0,0,0,0,0,0,0
0.029487,0.028493,0.020669,0,0,0,0,0,0,0,0,0,0,0,0
0.029118,0.027191,0.020855,0,0,0,0,0,0,0,0,0,0,0,0
0.026945,0.024078,0.021021,0,0,0,0,0,0,0,0,0,0,0,0
0.039022,0.024132,0.020898,0,0,0,0,0,0,0,0,0,0,0,0
0.063532,0.052375,0.051847,0,0,0,0,0,0,0,0,0,0,0,0
0.027642,0.023298,0.021853,0,0,0,0,0,0,0,0,0,0,0,0
0.032231,0.024784,0.022546,0,0,0,0,0,0,0,0,0,0,0,0
0.028325,0.023603,0.020853,0,0,0,0,0,0,0,0,0,0,0,0
0.031967,0.022969,0.020167,0,0,0,0,0,0,0,0,0,0,0,0
0.029501,0.023411,0.021375,0,0,0,0,0,0,0,0,0,0,0,0
0.051043,0.049984,0.043563,0,0,0,0,0,0,0,0,0,0,0,0
0.028505,0.022729,0.019817,0,0,0,0,0,0,0,0,0,0,0,0
0.02582,0.022993,0.02096,0,0,0,0,0,0,0,0,0,0,0,0
0.037506,0.024193,0.021684,0,0,0,0,0,0,0,0,0,0,0,0
0.021803,0.024116,0.021059,0,0,0,0,0,0,0,0,0,0,0,0
0.038089,0.022115,0.030317,0,0,0,0,0,0,0,0,0,0,0,0
0.051615,0.061595,0.043516,0,0,0,0,0,0,0,0,0,0,0,0
0.033832,0.023087,0.02065,0,0,0,0,0,0,0,0,0,0,0,0
0.038393,0.024299,0.033056,0,0,0,0,0,0,0,0,0,0,0,0
0.039701,0.023843,0.020984,0,0,0,0,0,0,0,0,0,0,0,0
0.0273,0.02269,0.027639,0,0,0,0,0,0,0,0,0,0,0,0
0.041791,0.02346,0.021164,0,0,0,0,0,0,0,0,0,0,0,0
0.057411,0.051647,0.04406,0,0,0,0,0,0,0,0,0,0,0,0
0.022199,0.0227,0.031955,0,0,0,0,0,0,0,0,0,0,0,0
0.029904,0.02323,0.021199,0,0,0,0,0,0,0,0,0,0,0,0
0.024454,0.023151,0.022115,0,0,0,0,0,0,0,0,0,0,0,0
0.039807,0.02225,0.021164,0,0,0,0,0,0,0,0,0,0,0,0
0.0219,0.022649,0.021948,0,0,0,0,0,0,0,0,0,0,0,0
0.047133,0.05184,0.043921,0,0,0,0,0,0,0,0,0,0,0,0
0.032236,0.023954,0.022399,0,0,0,0,0,0,0,0,0,0,0,0
0.028257,0.024056,0.020324,0,0,0,0,0,0,0,0,0,0,0,0
0.022546,0.027643,0.022591,0,0,0,0,0,0,0,0,0,0,0,0
0.03692,0.022265,0.020713,0,0,0,0,0,0,0,0,0,0,0,0
0.049606,0.023319,0.022025,0,0,0,0,0,0,0,0,0,0,0,0
0.052832,0.053422,0.042843,0,0,0,0,0,0,0,0,0,0,0,0
0.023842,0.026595,0.021013,0,0,0,0,0,0,0,0,0,0,0,0
0.039793,0.031238,0.021877,0,0,0,0,0,0,0,0,0,0,0,0
0.027562,0.02252,0.020718,0,0,0,0,0,0,0,0,0,0,0,0
0.027431,0.024688,0.029305,0,0,0,0,0,0,0,0,0,0,0,0
0.021839,0.025356,0.02124,0,0,0,0,0,0,0,0,0,0,0,0
0.075153,0.051828,0.042308,0,0,0,0,0,0,0,0,0,0,0,0
0.038828,0.023383,0.023244,0,0,0,0,0,0,0,0,0,0,0,0
0.038114,0.021274,0.033256,0,0,0,0,0,0,0,0,0,0,0,0
0.033082,0.023352,0.020992,0,0,0,0,0,0,0,0,0,0,0,0
0.049476,0.022481,0.020692,0,0,0,0,0,0,0,0,0,0,0,0
0.029447,0.022424,0.021525,0,0,0,0,0,0,0,0,0,0,0,0
0.049978,0.043668,0.044806,0,0,0,0,0,0,0,0,0,0,0,0
0.026985,0.021178,0.020968,0,0,0,0,0,0,0,0,0,0,0,0
0.04092,0.021387,0.021767,0,0,0,0,0,0,0,0,0,0,0,0
0.039673,0.022299,0.020947,0,0,0,0,0,0,0,0,0,0,0,0
0.023639,0.020571,0.020929,0,0,0,0,0,0,0,0,0,0,0,0
0.045707,0.022222,0.021402,0,0,0,0,0,0,0,0,0,0,0,0
0.065033,0.049209,0.042655,0,0,0,0,0,0,0,0,0,0,0,0
0.039821,0.022128,0.022454,0,0,0,0,0,0,0,0,0,0,0,0
0.036044,0.020382,0.020065,0,0,0,0,0,0,0,0,0,0,0,0
0.022515,0.021739,0.024431,0,0,0,0,0,0,0,0,0,0,0,0
0.036464,0.031063,0.024447,0,0,0,0,0,0,0,0,0,0,0,0
0.022718,0.022831,0.02287,0,0,0,0,0,0,0,0,0,0,0,0
0.045702,0.04242,0.044375,0,0,0,0,0,0,0,0,0,0,0,0
0.021921,0.021153,0.028664,0,0,0,0,0,0,0,0,0,0,0,0
0.028435,0.020907,0.020762,0,0,0,0,0,0,0,0,0,0,0,0
0.022558,0.021457,0.0214,0,0,0,0,0,0,0,0,0,0,0,0
0.047231,0.025989,0.032516,0,0,0,0,0,0,0,0,0,0,0,0
0.026802,0.021924,0.02191,0,0,0,0,0,0,0,0,0,0,0,0
0.067791,0.048255,0.042569,0,0,0,0,0,0,0,0,0,0,0,0
0.022129,0.029737,0.021606,0,0,0,0,0,0,0,0,0,0,0,0
0.035701,0.037109,0.022495,0,0,0,0,0,0,0,0,0,0,0,0
0.033463,0.030268,0.024249,0,0,0,0,0,0,0,0,0,0,0,0
0.02986,0.029291,0.024482,0,0,0,0,0,0,0,0,0,0,0,0
0.022091,0.029155,0.023046,0,0,0,0,0,0,0,0,0,0,0,0
0.057988,0.046281,0.047037,0,0,0,0,0,0,0,0,0,0,0,0
0.027555,0.022898,0.022331,0,0,0,0,0,0,0,0,0,0,0,0
0.046918,0.021612,0.021146,0,0,0,0,0,0,0,0,0,0,0,0
0.021887,0.021751,0.02227,0,0,0,0,0,0,0,0,0,0,0,0
0.021633,0.023448,0.020865,0,0,0,0,0,0,0,0,0,0,0,0
0.052999,0.033988,0.021603,0,0,0,0,0,0,0,0,0,0,0,0
0.050026,0.04815,0.043407,0,0,0,0,0,0,0,0,0,0,0,0
0.028968,0.028054,0.032862,0,0,0,0,0,0,0,0,0,0,0,0
0.03118,0.026565,0.021809,0,0,0,0,0,0,0,0,0,0,0,0
0.020862,0.024346,0.021779,0,0,0,0,0,0,0,0,0,0,0,0
0.025938,0.021082,0.020989,0,0,0,0,0,0,0,0,0,0,0,0
0.023466,0.02105,0.028982,0,0,0,0,0,0,0,0,0,0,0,0
0.060721,0.043104,0.044174,0,0,0,0,0,0,0,0,0,0,0,0
0.058913,0.034924,0.022188,0,0,0,0,0,0,0,0,0,0,0,0
0.024194,0.035678,0.021072,0,0,0,0,0,0,0,0,0,0,0,0
0.041191,0.02276,0.022228,0,0,0,0,0,0,0,0,0,0,0,0
0.02192,0.021347,0.02166,0,0,0,0,0,0,0,0,0,0,0,0
0.037329,0.028512,0.021005,0,0,0,0,0,0,0,0,0,0,0,0
0.061968,0.043683,0.044325,0,0,0,0,0,0,0,0,0,0,0,0
0.024263,0.020715,0.02168,0,0,0,0,0,0,0,0,0,0,0,0
0.037796,0.021313,0.024212,0,0,0,0,0,0,0,0,0,0,0,0
0.022774,0.021367,0.021517,0,0,0,0,0,0,0,0,0,0,0,0
0.02388,0.02553,0.025805,0,0,0,0,0,0,0,0,0,0,0,0
0.027103,0.021501,0.024889,0,0,0,0,0,0,0,0,0,0,0,0
0.043689,0.042713,0.049909,0,0,0,0,0,0,0,0,0,0,0,0
0.024111,0.023225,0.02131,0,0,0,0,0,0,0,0,0,0,0,0
0.036286,0.032587,0.027088,0,0,0,0,0,0,0,0,0,0,0,0
0.029499,0.026037,0.022937,0,0,0,0,0,0,0,0,0,0,0,0
0.036173,0.023119,0.021173,0,0,0,0,0,0,0,0,0,0,0,0
0.025846,0.022036,0.021661,0,0,0,0,0,0,0,0,0,0,0,0
0.056991,0.045472,0.042359,0,0,0,0,0,0,0,0,0,0,0,0
0.041025,0.022749,0.020804,0,0,0,0,0,0,0,0,0,0,0,0
0.032468,0.021276,0.020925,0,0,0,0,0,0,0,0,0,0,0,0
0.030929,0.03472,0.021558,0,0,0,0,0,0,0,0,0,0,0,0
0.038937,0.022294,0.021961,0,0,0,0,0,0,0,0,0,0,0,0
0.020311,0.022009,0.02075,0,0,0,0,0,0,0,0,0,0,0,0
0.062512,0.044051,0.042438,0,0,0,0,0,0,0,0,0,0,0,0
0.039707,0.020785,0.021092,0,0,0,0,0,0,0,0,0,0,0,0
0.039721,0.022584,0.021284,0,0,0,0,0,0,0,0,0,0,0,0
0.038168,0.022624,0.021282,0,0,0,0,0,0,0,0,0,0,0,0
0.031661,0.023528,0.022949,0,0,0,0,0,0,0,0,0,0,0,0
0.064029,0.022004,0.022554,0,0,0,0,0,0,0,0,0,0,0,0
0.071518,0.0438,0.043105,0,0,0,0,0,0,0,0,0,0,0,0
0.030544,0.020934,0.020856,0,0,0,0,0,0,0,0,0,0,0,0
0.040882,0.021191,0.021685,0,0,0,0,0,0,0,0,0,0,0,0
0.022943,0.028223,0.020833,0,0,0,0,0,0,0,0,0,0,0,0
0.03611,0.020833,0.020936,0,0,0,0,0,0,0,0,0,0,0,0
0.0419,0.020634,0.021185,0,0,0,0,0,0,0,0,0,0,0,0
0.050439,0.04454,0.050768,0,0,0,0,0,0,0,0,0,0,0,0
0.03852,0.023191,0.021827,0,0,0,0,0,0,0,0,0,0,0,0
0.023549,0.02063,0.026259,0,0,0,0,0,0,0,0,0,0,0,0
0.042285,0.022052,0.021036,0,0,0,0,0,0,0,0,0,0,0,0
0.039208,0.020291,0.020217,0,0,0,0,0,0,0,0,0,0,0,0
0.027334,0.020653,0.020801,0,0,0,0,0,0,0,0,0,0,0,0
0.063585,0.046158,0.048395,0,0,0,0,0,0,0,0,0,0,0,0
0.022216,0.022543,0.021982,0,0,0,0,0,0,0,0,0,0,0,0
0.032015,0.022576,0.021876,0,0,0,0,0,0,0,0,0,0,0,0
0.03914,0.021073,0.021727,0,0,0,0,0,0,0,0,0,0,0,0
0.029726,0.021344,0.02037,0,0,0,0,0,0,0,0,0,0,0,0
0.044794,0.020693,0.021713,0,0,0,0,0,0,0,0,0,0,0,0
0.046535,0.043749,0.042488,0,0,0,0,0,0,0,0,0,0,0,0
0.039555,0.024395,0.020803,0,0,0,0,0,0,0,0,0,0,0,0
0.023951,0.020806,0.033259,0,0,0,0,0,0,0,0,0,0,0,0
0.04067,0.022011,0.02101,0,0,0,0,0,0,0,0,0,0,0,0
0.036637,0.020319,0.020533,0,0,0,0,0,0,0,0,0,0,0,0
0.030239,0.021785,0.021055,0,0,0,0,0,0,0,0,0,0,0,0
0.043458,0.042918,0.044927,0,0,0,0,0,0,0,0,0,0,0,0
0.032341,0.023974,0.024101,0,0,0,0,0,0,0,0,0,0,0,0
0.023054,0.021336,0.023559,0,0,0,0,0,0,0,0,0,0,0,0
0.02903,0.021236,0.022984,0,0,0,0,0,0,0,0,0,0,0,0
0.039882,0.028496,0.022796,0,0,0,0,0,0,0,0,0,0,0,0
0.042257,0.023098,0.020603,0,0,0,0,0,0,0,0,0,0,0,0
0.067089,0.045192,0.053813,0,0,0,0,0,0,0,0,0,0,0,0
0.042011,0.021688,0.024059,0,0,0,0,0,0,0,0,0,0,0,0
0.045352,0.021788,0.020742,0,0,0,0,0,0,0,0,0,0,0,0
0.040092,0.020875,0.021739,0,0,0,0,0,0,0,0,0,0,0,0
0.038994,0.021734,0.022527,0,0,0,0,0,0,0,0,0,0,0,0
0.024722,0.021475,0.021937,0,0,0,0,0,0,0,0,0,0,0,0
0.042014,0.04452,0.05051,0,0,0,0,0,0,0,0,0,0,0,0
0.03116,0.020945,0.024016,0,0,0,0,0,0,0,0,0,0,0,0
0.030846,0.035792,0.023773,0,0,0,0,0,0,0,0,0,0,0,0
0.036022,0.023197,0.029416,0,0,0,0,0,0,0,0,0,0,0,0
0.023817,0.025061,0.023928,0,0,0,0,0,0,0,0,0,0,0,0
0.020851,0.02328,0.022881,0,0,0,0,0,0,0,0,0,0,0,0
0.046137,0.0465,0.053015,0,0,0,0,0,0,0,0,0,0,0,0
0.030009,0.0275,0.022968,0,0,0,0,0,0,0,0,0,0,0,0
0.025902,0.021632,0.023703,0,0,0,0,0,0,0,0,0,0,0,0
0.021039,0.021534,0.022897,0,0,0,0,0,0,0,0,0,0,0,0
0.02709,0.028144,0.02261,0,0,0,0,0,0,0,0,0,0,0,0
0.022105,0.020614,0.022834,0,0,0,0,0,0,0,0,0,0,0,0
0.062557,0.042095,0.051646,0,0,0,0,0,0,0,0,0,0,0,0
0.0361,0.022659,0.023371,0,0,0,0,0,0,0,0,0,0,0,0
0.022232,0.022329,0.023413,0,0,0,0,0,0,0,0,0,0,0,0
0.029765,0.020867,0.023368,0,0,0,0,0,0,0,0,0,0,0,0
0.044751,0.022176,0.026915,0,0,0,0,0,0,0,0,0,0,0,0
0.023988,0.022671,0.02368,0,0,0,0,0,0,0,0,0,0,0,0
0.04918,0.042684,0.042981,0,0,0,0,0,0,0,0,0,0,0,0
0.025756,0.020553,0.020576,0,0,0,0,0,0,0,0,0,0,0,0
0.022326,0.021104,0.021414,0,0,0,0,0,0,0,0,0,0,0,0
0.029105,0.021349,0.020479,0,0,0,0,0,0,0,0,0,0,0,0
0.024985,0.022629,0.02174,0,0,0,0,0,0,0,0,0,0,0,0
0.022237,0.020434,0.020977,0,0,0,0,0,0,0,0,0,0,0,0
0.045217,0.050347,0.042234,0,0,0,0,0,0,0,0,0,0,0,0
0.024406,0.021729,0.029187,0,0,0,0,0,0,0,0,0,0,0,0
0.039362,0.025498,0.024338,0,0,0,0,0,0,0,0,0,0,0,0
0.039583,0.021645,0.021014,0,0,0,0,0,0,0,0,0,0,0,0
0.043163,0.026457,0.02111,0,0,0,0,0,0,0,0,0,0,0,0
0.026376,0.021013,0.021718,0,0,0,0,0,0,0,0,0,0,0,0
0.044288,0.05302,0.056618,0,0,0,0,0,0,0,0,0,0,0,0
0.024831,0.022484,0.021806,0,0,0,0,0,0,0,0,0,0,0,0
0.032382,0.021748,0.030042,0,0,0,0,0,0,0,0,0,0,0,0
0.038202,0.022294,0.030572,0,0,0,0,0,0,0,0,0,0,0,0
0.024794,0.028895,0.020674,0,0,0,0,0,0,0,0,0,0,0,0
0.021442,0.024859,0.021747,0,0,0,0,0,0,0,0,0,0,0,0
0.044067,0.043426,0.04324,0,0,0,0,0,0,0,0,0,0,0,0
0.024765,0.022099,0.021806,0,0,0,0,0,0,0,0,0,0,0,0
0.039808,0.020927,0.02119,0,0,0,0,0,0,0,0,0,0,0,0
0.021691,0.020677,0.0221,0,0,0,0,0,0,0,0,0,0,0,0
0.021573,0.021863,0.021554,0,0,0,0,0,0,0,0,0,0,0,0
0.021617,0.020852,0.021303,0,0,0,0,0,0,0,0,0,0,0,0
0.047308,0.044158,0.043676,0,0,0,0,0,0,0,0,0,0,0,0
0.049304,0.022031,0.021531,0,0,0,0,0,0,0,0,0,0,0,0
0.023511,0.02116,0.020822,0,0,0,0,0,0,0,0,0,0,0,0
0.021877,0.020943,0.020551,0,0,0,0,0,0,0,0,0,0,0,0
0.021186,0.021199,0.021522,0,0,0,0,0,0,0,0,0,0,0,0
0.020902,0.0207,0.020248,0,0,0,0,0,0,0,0,0,0,0,0
0.042517,0.041944,0.042577,0,0,0,0,0,0,0,0,0,0,0,0
0.023892,0.020511,0.020402,0,0,0,0,0,0,0,0,0,0,0,0
0.039224,0.021274,0.029252,0,0,0,0,0,0,0,0,0,0,0,0
0.033564,0.021528,0.020815,0,0,0,0,0,0,0,0,0,0,0,0
0.028663,0.022236,0.020639,0,0,0,0,0,0,0,0,0,0,0,0
0.022932,0.020332,0.022,0,0,0,0,0,0,0,0,0,0,0,0
0.06711,0.042058,0.045031,0,0,0,0,0,0,0,0,0,0,0,0
0.030626,0.020746,0.020694,0,0,0,0,0,0,0,0,0,0,0,0
0.049108,0.030617,0.020862,0,0,0,0,0,0,0,0,0,0,0,0
0.03869,0.021516,0.029823,0,0,0,0,0,0,0,0,0,0,0,0
0.030492,0.021179,0.023809,0,0,0,0,0,0,0,0,0,0,0,0
0.040598,0.020443,0.022328,0,0,0,0,0,0,0,0,0,0,0,0
0.048601,0.056449,0.043729,0,0,0,0,0,0,0,0,0,0,0,0
0.02234,0.02075,0.020472,0,0,0,0,0,0,0,0,0,0,0,0
0.024529,0.027315,0.021132,0,0,0,0,0,0,0,0,0,0,0,0
0.023014,0.021414,0.021452,0,0,0,0,0,0,0,0,0,0,0,0
0.020734,0.02157,0.020828,0,0,0,0,0,0,0,0,0,0,0,0
0.021303,0.020836,0.020491,0,0,0,0,0,0,0,0,0,0,0,0
0.044043,0.04453,0.059557,0,0,0,0,0,0,0,0,0,0,0,0
0.03447,0.021095,0.022409,0,0,0,0,0,0,0,0,0,0,0,0
0.022056,0.020585,0.0242,0,0,0,0,0,0,0,0,0,0,0,0
0.024906,0.020709,0.023123,0,0,0,0,0,0,0,0,0,0,0,0
0.048186,0.021447,0.023796,0,0,0,0,0,0,0,0,0,0,0,0
0.035543,0.023547,0.024175,0,0,0,0,0,0,0,0,0,0,0,0
0.053742,0.048262,0.060145,0,0,0,0,0,0,0,0,0,0,0,0
0.044901,0.022213,0.021653,0,0,0,0,0,0,0,0,0,0,0,0
0.022737,0.023053,0.022957,0,0,0,0,0,0,0,0,0,0,0,0
0.022871,0.023213,0.022594,0,0,0,0,0,0,0,0,0,0,0,0
0.022618,0.022915,0.022227,0,0,0,0,0,0,0,0,0,0,0,0
0.023013,0.023944,0.022468,0,0,0,0,0,0,0,0,0,0,0,0
0.054993,0.050395,0.050483,0,0,0,0,0,0,0,0,0,0,0,0
0.035044,0.024428,0.023613,0,0,0,0,0,0,0,0,0,0,0,0
0.021653,0.023347,0.022203,0,0,0,0,0,0,0,0,0,0,0,0
0.028988,0.022881,0.022477,0,0,0,0,0,0,0,0,0,0,0,0
0.039382,0.02277,0.022927,0,0,0,0,0,0,0,0,0,0,0,0
0.030091,0.023821,0.022524,0,0,0,0,0,0,0,0,0,0,0,0
0.059436,0.052395,0.052407,0,0,0,0,0,0,0,0,0,0,0,0
0.029572,0.023223,0.022791,0,0,0,0,0,0,0,0,0,0,0,0
0.020424,0.02304,0.022414,0,0,0,0,0,0,0,0,0,0,0,0
0.024684,0.023013,0.022753,0,0,0,0,0,0,0,0,0,0,0,0
0.02582,0.023353,0.035204,0,0,0,0,0,0,0,0,0,0,0,0
0.035077,0.029858,0.021042,0,0,0,0,0,0,0,0,0,0,0,0
0.054043,0.051098,0.042886,0,0,0,0,0,0,0,0,0,0,0,0
0.022009,0.023468,0.021509,0,0,0,0,0,0,0,0,0,0,0,0
0.034011,0.023384,0.020607,0,0,0,0,0,0,0,0,0,0,0,0
0.023754,0.023559,0.020804,0,0,0,0,0,0,0,0,0,0,0,0
0.034796,0.023968,0.021238,0,0,0,0,0,0,0,0,0,0,0,0
0.030888,0.025564,0.02041,0,0,0,0,0,0,0,0,0,0,0,0
0.067588,0.049818,0.043584,0,0,0,0,0,0,0,0,0,0,0,0
0.031563,0.025519,0.02165,0,0,0,0,0,0,0,0,0,0,0,0
0.025024,0.023164,0.035935,0,0,0,0,0,0,0,0,0,0,0,0
0.034079,0.022426,0.020642,0,0,0,0,0,0,0,0,0,0,0,0
0.04207,0.023627,0.027595,0,0,0,0,0,0,0,0,0,0,0,0
0.042645,0.024817,0.02136,0,0,0,0,0,0,0,0,0,0,0,0
0.052123,0.050121,0.042083,0,0,0,0,0,0,0,0,0,0,0,0
0.021644,0.03399,0.021213,0,0,0,0,0,0,0,0,0,0,0,0
0.02032,0.023178,0.031233,0,0,0,0,0,0,0,0,0,0,0,0
0.035811,0.022967,0.021586,0,0,0,0,0,0,0,0,0,0,0,0
0.031632,0.023387,0.020354,0,0,0,0,0,0,0,0,0,0,0,0
0.061755,0.024439,0.021214,0,0,0,0,0,0,0,0,0,0,0,0
0.059268,0.057537,0.043933,0,0,0,0,0,0,0,0,0,0,0,0
0.029458,0.024029,0.021152,0,0,0,0,0,0,0,0,0,0,0,0
0.023404,0.023,0.020974,0,0,0,0,0,0,0,0,0,0,0,0
0.021534,0.023295,0.026318,0,0,0,0,0,0,0,0,0,0,0,0
0.028794,0.027999,0.024432,0,0,0,0,0,0,0,0,0,0,0,0
0.022142,0.022407,0.020074,0,0,0,0,0,0,0,0,0,0,0,0
0.043459,0.050767,0.041913,0,0,0,0,0,0,0,0,0,0,0,0
0.058564,0.023383,0.020379,0,0,0,0,0,0,0,0,0,0,0,0
0.043268,0.021507,0.02221,0,0,0,0,0,0,0,0,0,0,0,0
0.035803,0.023709,0.021058,0,0,0,0,0,0,0,0,0,0,0,0
0.023478,0.03972,0.021087,0,0,0,0,0,0,0,0,0,0,0,0
0.039553,0.023265,0.02022,0,0,0,0,0,0,0,0,0,0,0,0
0.071248,0.049125,0.042047,0,0,0,0,0,0,0,0,0,0,0,0
0.020957,0.023551,0.021396,0,0,0,0,0,0,0,0,0,0,0,0
0.024746,0.022711,0.02084,0,0,0,0,0,0,0,0,0,0,0,0
0.02191,0.021595,0.019967,0,0,0,0,0,0,0,0,0,0,0,0
0.022287,0.02039,0.021744,0,0,0,0,0,0,0,0,0,0,0,0
0.039456,0.020599,0.021367,0,0,0,0,0,0,0,0,0,0,0,0
0.058497,0.05464,0.057369,0,0,0,0,0,0,0,0,0,0,0,0
0.02072,0.022538,0.01985,0,0,0,0,0,0,0,0,0,0,0,0
0.020079,0.022214,0.031776,0,0,0,0,0,0,0,0,0,0,0,0
0.027018,0.021615,0.021117,0,0,0,0,0,0,0,0,0,0,0,0
0.020458,0.022126,0.022316,0,0,0,0,0,0,0,0,0,0,0,0
0.044461,0.022337,0.027495,0,0,0,0,0,0,0,0,0,0,0,0
0.067976,0.045939,0.053232,0,0,0,0,0,0,0,0,0,0,0,0
0.023482,0.021073,0.022542,0,0,0,0,0,0,0,0,0,0,0,0
0.031298,0.021914,0.023352,0,0,0,0,0,0,0,0,0,0,0,0
0.020733,0.032826,0.023031,0,0,0,0,0,0,0,0,0,0,0,0
0.029508,0.02176,0.023016,0,0,0,0,0,0,0,0,0,0,0,0
0.024522,0.022451,0.023777,0,0,0,0,0,0,0,0,0,0,0,0
0.060668,0.046686,0.052252,0,0,0,0,0,0,0,0,0,0,0,0
0.022403,0.022291,0.032909,0,0,0,0,0,0,0,0,0,0,0,0
0.023173,0.02117,0.019574,0,0,0,0,0,0,0,0,0,0,0,0
0.025141,0.021193,0.029315,0,0,0,0,0,0,0,0,0,0,0,0
0.030743,0.020868,0.02387,0,0,0,0,0,0,0,0,0,0,0,0
0.027719,0.038815,0.020626,0,0,0,0,0,0,0,0,0,0,0,0
0.044507,0.049917,0.042703,0,0,0,0,0,0,0,0,0,0,0,0
0.021858,0.021327,0.019906,0,0,0,0,0,0,0,0,0,0,0,0
0.021328,0.021651,0.025969,0,0,0,0,0,0,0,0,0,0,0,0
0.021029,0.021324,0.01979,0,0,0,0,0,0,0,0,0,0,0,0
0.030725,0.021958,0.020109,0,0,0,0,0,0,0,0,0,0,0,0
0.020036,0.020931,0.019103,0,0,0,0,0,0,0,0,0,0,0,0
0.051231,0.045827,0.04123,0,0,0,0,0,0,0,0,0,0,0,0
0.030996,0.021368,0.031545,0,0,0,0,0,0,0,0,0,0,0,0
0.048454,0.038045,0.024871,0,0,0,0,0,0,0,0,0,0,0,0
0.039765,0.022485,0.01958,0,0,0,0,0,0,0,0,0,0,0,0
0.023984,0.020267,0.028382,0,0,0,0,0,0,0,0,0,0,0,0
0.033362,0.02089,0.020075,0,0,0,0,0,0,0,0,0,0,0,0
0.051453,0.049257,0.043812,0,0,0,0,0,0,0,0,0,0,0,0
0.038327,0.020752,0.023887,0,0,0,0,0,0,0,0,0,0,0,0
0.040263,0.020092,0.020088,0,0,0,0,0,0,0,0,0,0,0,0
0.022126,0.019989,0.025161,0,0,0,0,0,0,0,0,0,0,0,0
0.044965,0.021714,0.02205,0,0,0,0,0,0,0,0,0,0,0,0
0.021066,0.022814,0.02296,0,0,0,0,0,0,0,0,0,0,0,0
0.042734,0.044448,0.047789,0,0,0,0,0,0,0,0,0,0,0,0
0.034099,0.021045,0.021638,0,0,0,0,0,0,0,0,0,0,0,0
0.021572,0.032332,0.024324,0,0,0,0,0,0,0,0,0,0,0,0
0.028686,0.021784,0.030989,0,0,0,0,0,0,0,0,0,0,0,0
0.036722,0.026123,0.023958,0,0,0,0,0,0,0,0,0,0,0,0
0.02371,0.023153,0.021861,0,0,0,0,0,0,0,0,0,0,0,0
0.060564,0.057327,0.044967,0,0,0,0,0,0,0,0,0,0,0,0
0.035449,0.022053,0.021121,0,0,0,0,0,0,0,0,0,0,0,0
0.027418,0.029659,0.021535,0,0,0,0,0,0,0,0,0,0,0,0
0.032205,0.021786,0.023261,0,0,0,0,0,0,0,0,0,0,0,0
0.035784,0.020732,0.022141,0,0,0,0,0,0,0,0,0,0,0,0
0.028146,0.020608,0.025849,0,0,0,0,0,0,0,0,0,0,0,0
0.055081,0.042625,0.049618,0,0,0,0,0,0,0,0,0,0,0,0
0.025582,0.022178,0.024184,0,0,0,0,0,0,0,0,0,0,0,0
0.023526,0.021421,0.020914,0,0,0,0,0,0,0,0,0,0,0,0
0.023496,0.022743,0.02139,0,0,0,0,0,0,0,0,0,0,0,0
0.02456,0.023277,0.022815,0,0,0,0,0,0,0,0,0,0,0,0
0.034361,0.023852,0.02199,0,0,0,0,0,0,0,0,0,0,0,0
0.06515,0.057588,0.044813,0,0,0,0,0,0,0,0,0,0,0,0
0.046106,0.02383,0.023589,0,0,0,0,0,0,0,0,0,0,0,0
0.021211,0.023824,0.020953,0,0,0,0,0,0,0,0,0,0,0,0
0.024877,0.023472,0.020989,0,0,0,0,0,0,0,0,0,0,0,0
0.023112,0.022979,0.020418,0,0,0,0,0,0,0,0,0,0,0,0
0.027374,0.023433,0.021373,0,0,0,0,0,0,0,0,0,0,0,0
0.049205,0.048168,0.04126,0,0,0,0,0,0,0,0,0,0,0,0
0.06079,0.02351,0.021585,0,0,0,0,0,0,0,0,0,0,0,0
0.020677,0.019632,0.020157,0,0,0,0,0,0,0,0,0,0,0,0
0.040278,0.02196,0.020016,0,0,0,0,0,0,0,0,0,0,0,0
0.037258,0.019941,0.021769,0,0,0,0,0,0,0,0,0,0,0,0
0.021612,0.020397,0.019926,0,0,0,0,0,0,0,0,0,0,0,0
0.048651,0.042607,0.041118,0,0,0,0,0,0,0,0,0,0,0,0
0.031222,0.042713,0.030659,0,0,0,0,0,0,0,0,0,0,0,0
0.020916,0.020311,0.020485,0,0,0,0,0,0,0,0,0,0,0,0
0.029607,0.020113,0.020044,0,0,0,0,0,0,0,0,0,0,0,0
0.042654,0.024646,0.020111,0,0,0,0,0,0,0,0,0,0,0,0
0.040313,0.021264,0.022026,0,0,0,0,0,0,0,0,0,0,0,0
0.066036,0.04323,0.048825,0,0,0,0,0,0,0,0,0,0,0,0
0.024119,0.033213,0.025221,0,0,0,0,0,0,0,0,0,0,0,0
0.032303,0.020366,0.021064,0,0,0,0,0,0,0,0,0,0,0,0
0.023484,0.020916,0.021657,0,0,0,0,0,0,0,0,0,0,0,0
0.021944,0.021104,0.020795,0,0,0,0,0,0,0,0,0,0,0,0
0.042418,0.021413,0.021477,0,0,0,0,0,0,0,0,0,0,0,0
0.070839,0.043106,0.043658,0,0,0,0,0,0,0,0,0,0,0,0
0.024601,0.030856,0.020781,0,0,0,0,0,0,0,0,0,0,0,0
0.024316,0.020387,0.031783,0,0,0,0,0,0,0,0,0,0,0,0
0.021804,0.028553,0.020923,0,0,0,0,0,0,0,0,0,0,0,0
0.029445,0.020476,0.020261,0,0,0,0,0,0,0,0,0,0,0,0
0.02528,0.020002,0.020064,0,0,0,0,0,0,0,0,0,0,0,0
0.069304,0.044212,0.048141,0,0,0,0,0,0,0,0,0,0,0,0
0.022418,0.025969,0.02429,0,0,0,0,0,0,0,0,0,0,0,0
0.02512,0.019601,0.020094,0,0,0,0,0,0,0,0,0,0,0,0
0.03493,0.020762,0.020398,0,0,0,0,0,0,0,0,0,0,0,0
0.023302,0.021765,0.020945,0,0,0,0,0,0,0,0,0,0,0,0
0.027595,0.020053,0.020262,0,0,0,0,0,0,0,0,0,0,0,0
0.041618,0.049731,0.042026,0,0,0,0,0,0,0,0,0,0,0,0
0.02739,0.020167,0.020463,0,0,0,0,0,0,0,0,0,0,0,0
0.022029,0.019654,0.020526,0,0,0,0,0,0,0,0,0,0,0,0
0.024856,0.019738,0.019654,0,0,0,0,0,0,0,0,0,0,0,0
0.028196,0.019853,0.020272,0,0,0,0,0,0,0,0,0,0,0,0
0.034248,0.028924,0.020854,0,0,0,0,0,0,0,0,0,0,0,0
0.059093,0.042276,0.042037,0,0,0,0,0,0,0,0,0,0,0,0
0.039686,0.031305,0.020089,0,0,0,0,0,0,0,0,0,0,0,0
0.024815,0.020227,0.019669,0,0,0,0,0,0,0,0,0,0,0,0
0.023486,0.019313,0.020081,0,0,0,0,0,0,0,0,0,0,0,0
0.034433,0.019302,0.020295,0,0,0,0,0,0,0,0,0,0,0,0
0.036724,0.022848,0.020518,0,0,0,0,0,0,0,0,0,0,0,0
0.050444,0.042849,0.04349,0,0,0,0,0,0,0,0,0,0,0,0
0.020928,0.031658,0.021106,0,0,0,0,0,0,0,0,0,0,0,0
0.037483,0.019605,0.027753,0,0,0,0,0,0,0,0,0,0,0,0
0.021998,0.028979,0.021043,0,0,0,0,0,0,0,0,0,0,0,0
0.04135,0.01844,0.020235,0,0,0,0,0,0,0,0,0,0,0,0
0.021977,0.018599,0.019741,0,0,0,0,0,0,0,0,0,0,0,0
0.046282,0.048418,0.057284,0,0,0,0,0,0,0,0,0,0,0,0
0.034178,0.024379,0.020787,0,0,0,0,0,0,0,0,0,0,0,0
0.034077,0.020681,0.030887,0,0,0,0,0,0,0,0,0,0,0,0
0.039737,0.026967,0.020454,0,0,0,0,0,0,0,0,0,0,0,0
0.039292,0.020389,0.019302,0,0,0,0,0,0,0,0,0,0,0,0
0.038156,0.019969,0.019603,0,0,0,0,0,0,0,0,0,0,0,0
0.04438,0.044763,0.052572,0,0,0,0,0,0,0,0,0,0,0,0
0.019389,0.025289,0.02092,0,0,0,0,0,0,0,0,0,0,0,0
0.035052,0.021332,0.019763,0,0,0,0,0,0,0,0,0,0,0,0
0.040006,0.025779,0.020312,0,0,0,0,0,0,0,0,0,0,0,0
0.021514,0.019875,0.019624,0,0,0,0,0,0,0,0,0,0,0,0
0.039235,0.02044,0.027309,0,0,0,0,0,0,0,0,0,0,0,0
0.042914,0.046168,0.046028,0,0,0,0,0,0,0,0,0,0,0,0
0.029382,0.022989,0.039211,0,0,0,0,0,0,0,0,0,0,0,0
0.021403,0.024635,0.025583,0,0,0,0,0,0,0,0,0,0,0,0
0.025867,0.019687,0.019808,0,0,0,0,0,0,0,0,0,0,0,0
0.041616,0.019381,0.019542,0,0,0,0,0,0,0,0,0,0,0,0
0.050022,0.022745,0.020547,0,0,0,0,0,0,0,0,0,0,0,0
0.047523,0.043886,0.043945,0,0,0,0,0,0,0,0,0,0,0,0
0.028388,0.030645,0.019925,0,0,0,0,0,0,0,0,0,0,0,0
0.020947,0.020133,0.021779,0,0,0,0,0,0,0,0,0,0,0,0
0.020701,0.021251,0.024014,0,0,0,0,0,0,0,0,0,0,0,0
0.020211,0.02028,0.020659,0,0,0,0,0,0,0,0,0,0,0,0
0.022252,0.031174,0.020502,0,0,0,0,0,0,0,0,0,0,0,0
0.046343,0.051866,0.045443,0,0,0,0,0,0,0,0,0,0,0,0
0.020148,0.021716,0.019687,0,0,0,0,0,0,0,0,0,0,0,0
0.031151,0.022479,0.027275,0,0,0,0,0,0,0,0,0,0,0,0
0.021598,0.024905,0.020925,0,0,0,0,0,0,0,0,0,0,0,0
0.020936,0.021774,0.020177,0,0,0,0,0,0,0,0,0,0,0,0
0.024794,0.022852,0.021844,0,0,0,0,0,0,0,0,0,0,0,0
0.052105,0.052181,0.042661,0,0,0,0,0,0,0,0,0,0,0,0
0.029372,0.022182,0.020183,0,0,0,0,0,0,0,0,0,0,0,0
0.020365,0.022932,0.031251,0,0,0,0,0,0,0,0,0,0,0,0
0.021251,0.022409,0.024673,0,0,0,0,0,0,0,0,0,0,0,0
0.035722,0.029151,0.023929,0,0,0,0,0,0,0,0,0,0,0,0
0.020301,0.022527,0.019761,0,0,0,0,0,0,0,0,0,0,0,0
0.050464,0.050267,0.054598,0,0,0,0,0,0,0,0,0,0,0,0
0.019801,0.02197,0.019316,0,0,0,0,0,0,0,0,0,0,0,0
0.019673,0.021599,0.030103,0,0,0,0,0,0,0,0,0,0,0,0
0.030751,0.022663,0.019967,0,0,0,0,0,0,0,0,0,0,0,0
0.033336,0.022361,0.019404,0,0,0,0,0,0,0,0,0,0,0,0
0.030254,0.031669,0.019438,0,0,0,0,0,0,0,0,0,0,0,0
0.051498,0.063063,0.043675,0,0,0,0,0,0,0,0,0,0,0,0
0.021767,0.023743,0.019303,0,0,0,0,0,0,0,0,0,0,0,0
0.027139,0.02187,0.0196,0,0,0,0,0,0,0,0,0,0,0,0
0.020046,0.029647,0.021426,0,0,0,0,0,0,0,0,0,0,0,0
0.022722,0.033834,0.021808,0,0,0,0,0,0,0,0,0,0,0,0
0.037201,0.023685,0.022763,0,0,0,0,0,0,0,0,0,0,0,0
0.056281,0.043437,0.04878,0,0,0,0,0,0,0,0,0,0,0,0
0.028246,0.020182,0.021101,0,0,0,0,0,0,0,0,0,0,0,0
0.019624,0.020448,0.021238,0,0,0,0,0,0,0,0,0,0,0,0
0.039877,0.021545,0.021351,0,0,0,0,0,0,0,0,0,0,0,0
0.034713,0.020676,0.023243,0,0,0,0,0,0,0,0,0,0,0,0
0.03019,0.020887,0.022804,0,0,0,0,0,0,0,0,0,0,0,0
0.043246,0.054315,0.050731,0,0,0,0,0,0,0,0,0,0,0,0
0.020642,0.027784,0.022078,0,0,0,0,0,0,0,0,0,0,0,0
0.039041,0.023701,0.021943,0,0,0,0,0,0,0,0,0,0,0,0
0.021218,0.021558,0.022716,0,0,0,0,0,0,0,0,0,0,0,0
0.020331,0.020394,0.022659,0,0,0,0,0,0,0,0,0,0,0,0
0.021963,0.02996,0.019366,0,0,0,0,0,0,0,0,0,0,0,0
0.05035,0.040499,0.043689,0,0,0,0,0,0,0,0,0,0,0,0
0.02315,0.020314,0.028301,0,0,0,0,0,0,0,0,0,0,0,0
0.035845,0.019237,0.019311,0,0,0,0,0,0,0,0,0,0,0,0
0.040664,0.020207,0.028708,0,0,0,0,0,0,0,0,0,0,0,0
0.020174,0.021409,0.019133,0,0,0,0,0,0,0,0,0,0,0,0
0.023089,0.019749,0.028697,0,0,0,0,0,0,0,0,0,0,0,0
0.041803,0.052786,0.043852,0,0,0,0,0,0,0,0,0,0,0,0
0.030244,0.021364,0.019755,0,0,0,0,0,0,0,0,0,0,0,0
0.031774,0.019848,0.022082,0,0,0,0,0,0,0,0,0,0,0,0
0.032941,0.020061,0.020169,0,0,0,0,0,0,0,0,0,0,0,0
0.025057,0.019644,0.027191,0,0,0,0,0,0,0,0,0,0,0,0
0.029897,0.021327,0.023645,0,0,0,0,0,0,0,0,0,0,0,0
0.053639,0.042058,0.045058,0,0,0,0,0,0,0,0,0,0,0,0
0.020307,0.020292,0.028184,0,0,0,0,0,0,0,0,0,0,0,0
0.034822,0.020153,0.019859,0,0,0,0,0,0,0,0,0,0,0,0
0.028851,0.020413,0.023563,0,0,0,0,0,0,0,0,0,0,0,0
0.02601,0.020802,0.029506,0,0,0,0,0,0,0,0,0,0,0,0
0.020325,0.020384,0.020148,0,0,0,0,0,0,0,0,0,0,0,0
0.064264,0.041569,0.050301,0,0,0,0,0,0,0,0,0,0,0,0
0.02125,0.021693,0.027997,0,0,0,0,0,0,0,0,0,0,0,0
0.028677,0.020535,0.019843,0,0,0,0,0,0,0,0,0,0,0,0
0.024078,0.019057,0.038846,0,0,0,0,0,0,0,0,0,0,0,0
0.050161,0.02877,0.023488,0,0,0,0,0,0,0,0,0,0,0,0
0.020935,0.026441,0.024819,0,0,0,0,0,0,0,0,0,0,0,0
0.04089,0.040907,0.048433,0,0,0,0,0,0,0,0,0,0,0,0
0.030179,0.021907,0.019454,0,0,0,0,0,0,0,0,0,0,0,0
0.022113,0.019996,0.019493,0,0,0,0,0,0,0,0,0,0,0,0
0.025661,0.019562,0.01935,0,0,0,0,0,0,0,0,0,0,0,0
0.030462,0.019523,0.019438,0,0,0,0,0,0,0,0,0,0,0,0
0.022325,0.02373,0.029492,0,0,0,0,0,0,0,0,0,0,0,0
0.065493,0.048331,0.0453,0,0,0,0,0,0,0,0,0,0,0,0
0.023254,0.018637,0.029665,0,0,0,0,0,0,0,0,0,0,0,0
0.021471,0.021741,0.021812,0,0,0,0,0,0,0,0,0,0,0,0
0.037915,0.019254,0.027103,0,0,0,0,0,0,0,0,0,0,0,0
0.0298,0.019344,0.024613,0,0,0,0,0,0,0,0,0,0,0,0
0.032282,0.019333,0.024005,0,0,0,0,0,0,0,0,0,0,0,0
0.051392,0.05172,0.04622,0,0,0,0,0,0,0,0,0,0,0,0
0.022405,0.02201,0.019733,0,0,0,0,0,0,0,0,0,0,0,0
0.03858,0.020708,0.02372,0,0,0,0,0,0,0,0,0,0,0,0
0.022522,0.020993,0.021506,0,0,0,0,0,0,0,0,0,0,0,0
0.02558,0.021158,0.020994,0,0,0,0,0,0,0,0,0,0,0,0
0.026162,0.020888,0.022113,0,0,0,0,0,0,0,0,0,0,0,0
0.041318,0.044115,0.049176,0,0,0,0,0,0,0,0,0,0,0,0
0.037127,0.020971,0.022046,0,0,0,0,0,0,0,0,0,0,0,0
0.0201,0.027634,0.022387,0,0,0,0,0,0,0,0,0,0,0,0
0.040955,0.020632,0.028563,0,0,0,0,0,0,0,0,0,0,0,0
0.045789,0.020951,0.021878,0,0,0,0,0,0,0,0,0,0,0,0
0.040884,0.020321,0.022418,0,0,0,0,0,0,0,0,0,0,0,0
0.043221,0.044977,0.050202,0,0,0,0,0,0,0,0,0,0,0,0
0.020953,0.02206,0.02185,0,0,0,0,0,0,0,0,0,0,0,0
0.033827,0.024437,0.028976,0,0,0,0,0,0,0,0,0,0,0,0
0.024247,0.019819,0.021194,0,0,0,0,0,0,0,0,0,0,0,0
0.023815,0.019423,0.021542,0,0,0,0,0,0,0,0,0,0,0,0
0.020129,0.019114,0.020945,0,0,0,0,0,0,0,0,0,0,0,0
0.049374,0.043109,0.049605,0,0,0,0,0,0,0,0,0,0,0,0
0.04012,0.020618,0.031927,0,0,0,0,0,0,0,0,0,0,0,0
0.019493,0.021175,0.021385,0,0,0,0,0,0,0,0,0,0,0,0
0.040234,0.02015,0.022208,0,0,0,0,0,0,0,0,0,0,0,0
0.035906,0.019648,0.02281,0,0,0,0,0,0,0,0,0,0,0,0
0.029373,0.037415,0.022342,0,0,0,0,0,0,0,0,0,0,0,0
0.040824,0.040509,0.049607,0,0,0,0,0,0,0,0,0,0,0,0
0.019437,0.030881,0.021862,0,0,0,0,0,0,0,0,0,0,0,0
0.037787,0.024394,0.021542,0,0,0,0,0,0,0,0,0,0,0,0
0.031023,0.020849,0.024974,0,0,0,0,0,0,0,0,0,0,0,0
0.020271,0.020812,0.022992,0,0,0,0,0,0,0,0,0,0,0,0
0.019776,0.019723,0.023214,0,0,0,0,0,0,0,0,0,0,0,0
0.043932,0.040672,0.052132,0,0,0,0,0,0,0,0,0,0,0,0
0.024721,0.019824,0.020481,0,0,0,0,0,0,0,0,0,0,0,0
0.035629,0.020672,0.025233,0,0,0,0,0,0,0,0,0,0,0,0
0.031978,0.021869,0.021625,0,0,0,0,0,0,0,0,0,0,0,0
0.01959,0.020906,0.028833,0,0,0,0,0,0,0,0,0,0,0,0
0.019994,0.022199,0.020801,0,0,0,0,0,0,0,0,0,0,0,0
0.06232,0.047283,0.050158,0,0,0,0,0,0,0,0,0,0,0,0
0.020788,0.022162,0.022369,0,0,0,0,0,0,0,0,0,0,0,0
0.02538,0.020693,0.020932,0,0,0,0,0,0,0,0,0,0,0,0
0.023728,0.020081,0.02145,0,0,0,0,0,0,0,0,0,0,0,0
0.022911,0.021925,0.021099,0,0,0,0,0,0,0,0,0,0,0,0
0.041686,0.029829,0.023096,0,0,0,0,0,0,0,0,0,0,0,0
0.054555,0.042709,0.04202,0,0,0,0,0,0,0,0,0,0,0,0
0.019047,0.021516,0.036257,0,0,0,0,0,0,0,0,0,0,0,0
0.023686,0.020646,0.020475,0,0,0,0,0,0,0,0,0,0,0,0
0.038933,0.020073,0.019882,0,0,0,0,0,0,0,0,0,0,0,0
0.038904,0.020826,0.026214,0,0,0,0,0,0,0,0,0,0,0,0
0.039906,0.020518,0.019492,0,0,0,0,0,0,0,0,0,0,0,0
0.068039,0.041299,0.041961,0,0,0,0,0,0,0,0,0,0,0,0
0.020221,0.020789,0.0209,0,0,0,0,0,0,0,0,0,0,0,0
0.022969,0.020231,0.020044,0,0,0,0,0,0,0,0,0,0,0,0
0.020114,0.021478,0.019851,0,0,0,0,0,0,0,0,0,0,0,0
0.023757,0.027992,0.023098,0,0,0,0,0,0,0,0,0,0,0,0
0.021348,0.020468,0.019516,0,0,0,0,0,0,0,0,0,0,0,0
0.063007,0.043149,0.042946,0,0,0,0,0,0,0,0,0,0,0,0
0.036933,0.037746,0.019398,0,0,0,0,0,0,0,0,0,0,0,0
0.026658,0.019643,0.030181,0,0,0,0,0,0,0,0,0,0,0,0
0.029014,0.020227,0.019749,0,0,0,0,0,0,0,0,0,0,0,0
0.027014,0.019957,0.01904,0,0,0,0,0,0,0,0,0,0,0,0
0.02148,0.020574,0.019732,0,0,0,0,0,0,0,0,0,0,0,0
0.058335,0.044944,0.041252,0,0,0,0,0,0,0,0,0,0,0,0
0.037019,0.021792,0.020103,0,0,0,0,0,0,0,0,0,0,0,0
0.022852,0.030462,0.019586,0,0,0,0,0,0,0,0,0,0,0,0
0.042975,0.023001,0.019427,0,0,0,0,0,0,0,0,0,0,0,0
0.027278,0.020337,0.032424,0,0,0,0,0,0,0,0,0,0,0,0
0.030383,0.025479,0.022628,0,0,0,0,0,0,0,0,0,0,0,0
0.043399,0.04134,0.042651,0,0,0,0,0,0,0,0,0,0,0,0
0.020218,0.020723,0.031203,0,0,0,0,0,0,0,0,0,0,0,0
0.020305,0.020954,0.019851,0,0,0,0,0,0,0,0,0,0,0,0
0.038677,0.020883,0.019674,0,0,0,0,0,0,0,0,0,0,0,0
0.021494,0.021673,0.020298,0,0,0,0,0,0,0,0,0,0,0,0
0.023083,0.021464,0.019847,0,0,0,0,0,0,0,0,0,0,0,0
0.049833,0.044749,0.054298,0,0,0,0,0,0,0,0,0,0,0,0
0.034047,0.020023,0.024596,0,0,0,0,0,0,0,0,0,0,0,0
0.042873,0.020246,0.023819,0,0,0,0,0,0,0,0,0,0,0,0
0.037896,0.021429,0.019586,0,0,0,0,0,0,0,0,0,0,0,0
0.019907,0.020434,0.020581,0,0,0,0,0,0,0,0,0,0,0,0
0.035156,0.020703,0.020686,0,0,0,0,0,0,0,0,0,0,0,0
0.048945,0.044798,0.042629,0,0,0,0,0,0,0,0,0,0,0,0
0.022384,0.020056,0.019583,0,0,0,0,0,0,0,0,0,0,0,0
0.019054,0.020268,0.019393,0,0,0,0,0,0,0,0,0,0,0,0
0.038697,0.020558,0.02064,0,0,0,0,0,0,0,0,0,0,0,0
0.02039,0.034091,0.032769,0,0,0,0,0,0,0,0,0,0,0,0
0.060299,0.020731,0.020472,0,0,0,0,0,0,0,0,0,0,0,0
0.045511,0.042283,0.053479,0,0,0,0,0,0,0,0,0,0,0,0
0.045305,0.032449,0.020366,0,0,0,0,0,0,0,0,0,0,0,0
0.023609,0.02084,0.01983,0,0,0,0,0,0,0,0,0,0,0,0
0.020078,0.027925,0.019668,0,0,0,0,0,0,0,0,0,0,0,0
0.02506,0.019121,0.02027,0,0,0,0,0,0,0,0,0,0,0,0
0.021856,0.021567,0.019748,0,0,0,0,0,0,0,0,0,0,0,0
0.040452,0.041241,0.041292,0,0,0,0,0,0,0,0,0,0,0,0
0.049682,0.01978,0.019762,0,0,0,0,0,0,0,0,0,0,0,0
0.037662,0.020141,0.01964,0,0,0,0,0,0,0,0,0,0,0,0
0.020983,0.020182,0.019105,0,0,0,0,0,0,0,0,0,0,0,0
0.036393,0.019834,0.019896,0,0,0,0,0,0,0,0,0,0,0,0
0.023713,0.030761,0.019823,0,0,0,0,0,0,0,0,0,0,0,0
0.041769,0.043775,0.048485,0,0,0,0,0,0,0,0,0,0,0,0
0.030501,0.02994,0.023746,0,0,0,0,0,0,0,0,0,0,0,0
0.020003,0.020117,0.020235,0,0,0,0,0,0,0,0,0,0,0,0
0.023408,0.019117,0.019479,0,0,0,0,0,0,0,0,0,0,0,0
0.023373,0.023102,0.019865,0,0,0,0,0,0,0,0,0,0,0,0
0.019481,0.020881,0.019439,0,0,0,0,0,0,0,0,0,0,0,0
0.041668,0.041865,0.053748,0,0,0,0,0,0,0,0,0,0,0,0
0.022815,0.030745,0.02027,0,0,0,0,0,0,0,0,0,0,0,0
0.02658,0.019775,0.019984,0,0,0,0,0,0,0,0,0,0,0,0
0.029695,0.020737,0.020241,0,0,0,0,0,0,0,0,0,0,0,0
0.023391,0.021669,0.022945,0,0,0,0,0,0,0,0,0,0,0,0
0.022061,0.020044,0.019727,0,0,0,0,0,0,0,0,0,0,0,0
0.069936,0.053016,0.041631,0,0,0,0,0,0,0,0,0,0,0,0
0.033324,0.024216,0.021773,0,0,0,0,0,0,0,0,0,0,0,0
0.01959,0.023918,0.020091,0,0,0,0,0,0,0,0,0,0,0,0
0.02883,0.01993,0.018794,0,0,0,0,0,0,0,0,0,0,0,0
0.034488,0.020176,0.019463,0,0,0,0,0,0,0,0,0,0,0,0
0.034096,0.021914,0.026768,0,0,0,0,0,0,0,0,0,0,0,0
0.050811,0.040958,0.041649,0,0,0,0,0,0,0,0,0,0,0,0
0.020091,0.021185,0.018498,0,0,0,0,0,0,0,0,0,0,0,0
0.029748,0.019994,0.025249,0,0,0,0,0,0,0,0,0,0,0,0
0.025003,0.019888,0.019991,0,0,0,0,0,0,0,0,0,0,0,0
0.021749,0.019593,0.027054,0,0,0,0,0,0,0,0,0,0,0,0
0.021509,0.032149,0.019372,0,0,0,0,0,0,0,0,0,0,0,0
0.067963,0.042088,0.042771,0,0,0,0,0,0,0,0,0,0,0,0
0.039634,0.030414,0.020076,0,0,0,0,0,0,0,0,0,0,0,0
0.045615,0.02053,0.020586,0,0,0,0,0,0,0,0,0,0,0,0
0.025033,0.020274,0.022064,0,0,0,0,0,0,0,0,0,0,0,0
0.034317,0.021566,0.019354,0,0,0,0,0,0,0,0,0,0,0,0
0.021022,0.019738,0.019423,0,0,0,0,0,0,0,0,0,0,0,0
0.067036,0.042783,0.044932,0,0,0,0,0,0,0,0,0,0,0,0
0.021894,0.020131,0.020978,0,0,0,0,0,0,0,0,0,0,0,0
0.023349,0.0198,0.020539,0,0,0,0,0,0,0,0,0,0,0,0
0.021164,0.019496,0.019362,0,0,0,0,0,0,0,0,0,0,0,0
0.021052,0.019149,0.020184,0,0,0,0,0,0,0,0,0,0,0,0
0.02108,0.019502,0.026056,0,0,0,0,0,0,0,0,0,0,0,0
0.048341,0.042649,0.049732,0,0,0,0,0,0,0,0,0,0,0,0
0.02018,0.023346,0.024454,0,0,0,0,0,0,0,0,0,0,0,0
0.022984,0.019945,0.019593,0,0,0,0,0,0,0,0,0,0,0,0
0.030698,0.028982,0.019595,0,0,0,0,0,0,0,0,0,0,0,0
0.04481,0.025122,0.019165,0,0,0,0,0,0,0,0,0,0,0,0
0.022037,0.02102,0.02009,0,0,0,0,0,0,0,0,0,0,0,0
0.057145,0.04364,0.040881,0,0,0,0,0,0,0,0,0,0,0,0
0.021397,0.032533,0.037283,0,0,0,0,0,0,0,0,0,0,0,0
0.03945,0.020479,0.019452,0,0,0,0,0,0,0,0,0,0,0,0
0.034949,0.019114,0.019449,0,0,0,0,0,0,0,0,0,0,0,0
0.023674,0.019577,0.020374,0,0,0,0,0,0,0,0,0,0,0,0
0.035846,0.019337,0.021004,0,0,0,0,0,0,0,0,0,0,0,0
0.061681,0.040671,0.041742,0,0,0,0,0,0,0,0,0,0,0,0
0.020379,0.021031,0.018825,0,0,0,0,0,0,0,0,0,0,0,0
0.026573,0.020433,0.018915,0,0,0,0,0,0,0,0,0,0,0,0
0.0196,0.018913,0.018986,0,0,0,0,0,0,0,0,0,0,0,0
0.025358,0.020655,0.019378,0,0,0,0,0,0,0,0,0,0,0,0
0.04082,0.02011,0.022064,0,0,0,0,0,0,0,0,0,0,0,0
0.049149,0.045498,0.04371,0,0,0,0,0,0,0,0,0,0,0,0
0.03375,0.021671,0.019359,0,0,0,0,0,0,0,0,0,0,0,0
0.027861,0.022717,0.020368,0,0,0,0,0,0,0,0,0,0,0,0
0.021396,0.022581,0.019317,0,0,0,0,0,0,0,0,0,0,0,0
0.019307,0.021773,0.019407,0,0,0,0,0,0,0,0,0,0,0,0
0.025637,0.021976,0.019102,0,0,0,0,0,0,0,0,0,0,0,0
0.053861,0.051317,0.039706,0,0,0,0,0,0,0,0,0,0,0,0
0.019653,0.02978,0.019107,0,0,0,0,0,0,0,0,0,0,0,0
0.028822,0.021546,0.018765,0,0,0,0,0,0,0,0,0,0,0,0
0.018978,0.025705,0.019731,0,0,0,0,0,0,0,0,0,0,0,0
0.038687,0.022883,0.018445,0,0,0,0,0,0,0,0,0,0,0,0
0.041746,0.021931,0.01938,0,0,0,0,0,0,0,0,0,0,0,0
0.059425,0.048141,0.041204,0,0,0,0,0,0,0,0,0,0,0,0
0.024552,0.024867,0.019466,0,0,0,0,0,0,0,0,0,0,0,0
0.037982,0.022542,0.018215,0,0,0,0,0,0,0,0,0,0,0,0
0.036482,0.030463,0.018769,0,0,0,0,0,0,0,0,0,0,0,0
0.036816,0.020261,0.019372,0,0,0,0,0,0,0,0,0,0,0,0
0.035837,0.019395,0.019973,0,0,0,0,0,0,0,0,0,0,0,0
0.060685,0.043201,0.046601,0,0,0,0,0,0,0,0,0,0,0,0
0.035625,0.020287,0.019451,0,0,0,0,0,0,0,0,0,0,0,0
0.018925,0.019471,0.023755,0,0,0,0,0,0,0,0,0,0,0,0
0.023002,0.019491,0.01915,0,0,0,0,0,0,0,0,0,0,0,0
0.019584,0.019682,0.029202,0,0,0,0,0,0,0,0,0,0,0,0
0.019711,0.020314,0.019048,0,0,0,0,0,0,0,0,0,0,0,0
0.051489,0.041603,0.041053,0,0,0,0,0,0,0,0,0,0,0,0
0.01887,0.018929,0.024987,0,0,0,0,0,0,0,0,0,0,0,0
0.020183,0.019059,0.024201,0,0,0,0,0,0,0,0,0,0,0,0
0.023867,0.020492,0.03668,0,0,0,0,0,0,0,0,0,0,0,0
0.0242,0.019387,0.020202,0,0,0,0,0,0,0,0,0,0,0,0
0.019658,0.019206,0.019286,0,0,0,0,0,0,0,0,0,0,0,0
0.05341,0.041849,0.045495,0,0,0,0,0,0,0,0,0,0,0,0
0.024017,0.020425,0.020452,0,0,0,0,0,0,0,0,0,0,0,0
0.025363,0.019306,0.019765,0,0,0,0,0,0,0,0,0,0,0,0
0.022131,0.01901,0.019113,0,0,0,0,0,0,0,0,0,0,0,0
0.028531,0.018887,0.019363,0,0,0,0,0,0,0,0,0,0,0,0
0.034235,0.03139,0.019895,0,0,0,0,0,0,0,0,0,0,0,0
0.041075,0.041107,0.041533,0,0,0,0,0,0,0,0,0,0,0,0
0.034681,0.019492,0.019676,0,0,0,0,0,0,0,0,0,0,0,0
0.019429,0.019491,0.019947,0,0,0,0,0,0,0,0,0,0,0,0
0.019247,0.020263,0.019396,0,0,0,0,0,0,0,0,0,0,0,0
0.030529,0.030882,0.019541,0,0,0,0,0,0,0,0,0,0,0,0
0.020539,0.024811,0.023011,0,0,0,0,0,0,0,0,0,0,0,0
0.053208,0.042205,0.042348,0,0,0,0,0,0,0,0,0,0,0,0
0.02413,0.030767,0.03027,0,0,0,0,0,0,0,0,0,0,0,0
0.01962,0.019458,0.019416,0,0,0,0,0,0,0,0,0,0,0,0
0.021397,0.019946,0.020262,0,0,0,0,0,0,0,0,0,0,0,0
0.028381,0.019661,0.019462,0,0,0,0,0,0,0,0,0,0,0,0
0.035703,0.02322,0.021264,0,0,0,0,0,0,0,0,0,0,0,0
0.039695,0.058663,0.041407,0,0,0,0,0,0,0,0,0,0,0,0
0.03881,0.021125,0.019536,0,0,0,0,0,0,0,0,0,0,0,0
0.019982,0.018948,0.019507,0,0,0,0,0,0,0,0,0,0,0,0
0.051924,0.019254,0.019582,0,0,0,0,0,0,0,0,0,0,0,0
0.023554,0.019341,0.01932,0,0,0,0,0,0,0,0,0,0,0,0
0.037697,0.019804,0.019161,0,0,0,0,0,0,0,0,0,0,0,0
0.062598,0.043155,0.047992,0,0,0,0,0,0,0,0,0,0,0,0
0.02028,0.027975,0.021899,0,0,0,0,0,0,0,0,0,0,0,0
0.022991,0.02918,0.020529,0,0,0,0,0,0,0,0,0,0,0,0
0.019451,0.033305,0.022258,0,0,0,0,0,0,0,0,0,0,0,0
0.020866,0.021404,0.019605,0,0,0,0,0,0,0,0,0,0,0,0
0.020026,0.022511,0.01986,0,0,0,0,0,0,0,0,0,0,0,0
0.040738,0.048843,0.04878,0,0,0,0,0,0,0,0,0,0,0,0
0.037872,0.021102,0.019635,0,0,0,0,0,0,0,0,0,0,0,0
0.020556,0.020227,0.02,0,0,0,0,0,0,0,0,0,0,0,0
0.031751,0.022158,0.019793,0,0,0,0,0,0,0,0,0,0,0,0
0.030481,0.023535,0.019428,0,0,0,0,0,0,0,0,0,0,0,0
0.023122,0.019582,0.019993,0,0,0,0,0,0,0,0,0,0,0,0
0.042913,0.053019,0.04449,0,0,0,0,0,0,0,0,0,0,0,0
0.037068,0.024197,0.03643,0,0,0,0,0,0,0,0,0,0,0,0
0.028532,0.020312,0.024426,0,0,0,0,0,0,0,0,0,0,0,0
0.035623,0.019324,0.019864,0,0,0,0,0,0,0,0,0,0,0,0
0.036305,0.020216,0.019348,0,0,0,0,0,0,0,0,0,0,0,0
0.03553,0.019772,0.019047,0,0,0,0,0,0,0,0,0,0,0,0
0.041664,0.05397,0.041947,0,0,0,0,0,0,0,0,0,0,0,0
0.023726,0.019512,0.022151,0,0,0,0,0,0,0,0,0,0,0,0
0.027665,0.019863,0.023779,0,0,0,0,0,0,0,0,0,0,0,0
0.020253,0.019408,0.020107,0,0,0,0,0,0,0,0,0,0,0,0
0.029999,0.02022,0.019463,0,0,0,0,0,0,0,0,0,0,0,0
0.019703,0.020209,0.019908,0,0,0,0,0,0,0,0,0,0,0,0
0.05403,0.04097,0.043356,0,0,0,0,0,0,0,0,0,0,0,0
0.053063,0.020153,0.029953,0,0,0,0,0,0,0,0,0,0,0,0
0.040207,0.021619,0.020011,0,0,0,0,0,0,0,0,0,0,0,0
0.033787,0.019979,0.025053,0,0,0,0,0,0,0,0,0,0,0,0
0.02886,0.020284,0.020771,0,0,0,0,0,0,0,0,0,0,0,0
0.033575,0.021595,0.02063,0,0,0,0,0,0,0,0,0,0,0,0
0.04004,0.040657,0.042315,0,0,0,0,0,0,0,0,0,0,0,0
0.035487,0.019554,0.02047,0,0,0,0,0,0,0,0,0,0,0,0
0.03677,0.019062,0.019791,0,0,0,0,0,0,0,0,0,0,0,0
0.021657,0.019805,0.020361,0,0,0,0,0,0,0,0,0,0,0,0
0.023801,0.020004,0.020754,0,0,0,0,0,0,0,0,0,0,0,0
0.022682,0.021007,0.019977,0,0,0,0,0,0,0,0,0,0,0,0
0.041335,0.042538,0.042634,0,0,0,0,0,0,0,0,0,0,0,0
0.021498,0.021625,0.020025,0,0,0,0,0,0,0,0,0,0,0,0
0.02076,0.021394,0.019402,0,0,0,0,0,0,0,0,0,0,0,0
0.021648,0.019574,0.020211,0,0,0,0,0,0,0,0,0,0,0,0
0.029198,0.019629,0.02131,0,0,0,0,0,0,0,0,0,0,0,0
0.036961,0.033628,0.020442,0,0,0,0,0,0,0,0,0,0,0,0
0.0497,0.042609,0.042491,0,0,0,0,0,0,0,0,0,0,0,0
0.02072,0.022064,0.019398,0,0,0,0,0,0,0,0,0,0,0,0
0.037327,0.019737,0.020674,0,0,0,0,0,0,0,0,0,0,0,0
0.024192,0.02149,0.019654,0,0,0,0,0,0,0,0,0,0,0,0
0.033207,0.021173,0.019895,0,0,0,0,0,0,0,0,0,0,0,0
0.028831,0.02073,0.022171,0,0,0,0,0,0,0,0,0,0,0,0
0.049943,0.041184,0.042153,0,0,0,0,0,0,0,0,0,0,0,0
0.038899,0.021306,0.020363,0,0,0,0,0,0,0,0,0,0,0,0
0.019988,0.019882,0.020081,0,0,0,0,0,0,0,0,0,0,0,0
0.028948,0.020304,0.019897,0,0,0,0,0,0,0,0,0,0,0,0
0.027822,0.019093,0.02094,0,0,0,0,0,0,0,0,0,0,0,0
0.037033,0.019819,0.020281,0,0,0,0,0,0,0,0,0,0,0,0
0.054069,0.043285,0.047275,0,0,0,0,0,0,0,0,0,0,0,0
0.024242,0.023398,0.020221,0,0,0,0,0,0,0,0,0,0,0,0
0.019876,0.035547,0.021232,0,0,0,0,0,0,0,0,0,0,0,0
0.026412,0.03713,0.020242,0,0,0,0,0,0,0,0,0,0,0,0
0.020541,0.020776,0.020723,0,0,0,0,0,0,0,0,0,0,0,0
0.036689,0.020282,0.021978,0,0,0,0,0,0,0,0,0,0,0,0
0.046678,0.042235,0.041514,0,0,0,0,0,0,0,0,0,0,0,0
0.025837,0.025555,0.021145,0,0,0,0,0,0,0,0,0,0,0,0
0.032236,0.021636,0.021853,0,0,0,0,0,0,0,0,0,0,0,0
0.048394,0.022283,0.0212,0,0,0,0,0,0,0,0,0,0,0,0
0.022154,0.029822,0.020512,0,0,0,0,0,0,0,0,0,0,0,0
0.034333,0.032751,0.020548,0,0,0,0,0,0,0,0,0,0,0,0
0.04907,0.049766,0.043328,0,0,0,0,0,0,0,0,0,0,0,0
0.052748,0.024248,0.024253,0,0,0,0,0,0,0,0,0,0,0,0
0.032892,0.023619,0.020107,0,0,0,0,0,0,0,0,0,0,0,0
0.030035,0.022148,0.020508,0,0,0,0,0,0,0,0,0,0,0,0
0.039652,0.024506,0.020291,0,0,0,0,0,0,0,0,0,0,0,0
0.037474,0.021715,0.022015,0,0,0,0,0,0,0,0,0,0,0,0
0.045314,0.051756,0.043499,0,0,0,0,0,0,0,0,0,0,0,0
0.024994,0.021175,0.020742,0,0,0,0,0,0,0,0,0,0,0,0
0.038605,0.020205,0.020214,0,0,0,0,0,0,0,0,0,0,0,0
0.023698,0.021018,0.021655,0,0,0,0,0,0,0,0,0,0,0,0
0.03975,0.020927,0.01999,0,0,0,0,0,0,0,0,0,0,0,0
0.023144,0.034113,0.021847,0,0,0,0,0,0,0,0,0,0,0,0
0.042522,0.044478,0.044742,0,0,0,0,0,0,0,0,0,0,0,0
0.023018,0.021345,0.022473,0,0,0,0,0,0,0,0,0,0,0,0
0.020664,0.025479,0.02153,0,0,0,0,0,0,0,0,0,0,0,0
0.022388,0.03672,0.020384,0,0,0,0,0,0,0,0,0,0,0,0
0.035506,0.031427,0.025085,0,0,0,0,0,0,0,0,0,0,0,0
0.023121,0.024962,0.021397,0,0,0,0,0,0,0,0,0,0,0,0
0.062225,0.043154,0.044695,0,0,0,0,0,0,0,0,0,0,0,0
0.020502,0.022288,0.020445,0,0,0,0,0,0,0,0,0,0,0,0
0.034771,0.020955,0.024589,0,0,0,0,0,0,0,0,0,0,0,0
0.024856,0.021525,0.020916,0,0,0,0,0,0,0,0,0,0,0,0
0.028763,0.020929,0.022024,0,0,0,0,0,0,0,0,0,0,0,0
0.027064,0.020509,0.020288,0,0,0,0,0,0,0,0,0,0,0,0
0.041531,0.04238,0.042634,0,0,0,0,0,0,0,0,0,0,0,0
0.022834,0.020714,0.020538,0,0,0,0,0,0,0,0,0,0,0,0
0.025585,0.020124,0.022805,0,0,0,0,0,0,0,0,0,0,0,0
0.020545,0.021599,0.022148,0,0,0,0,0,0,0,0,0,0,0,0
0.020849,0.020472,0.021303,0,0,0,0,0,0,0,0,0,0,0,0
0.032917,0.022396,0.022754,0,0,0,0,0,0,0,0,0,0,0,0
0.050631,0.05584,0.044935,0,0,0,0,0,0,0,0,0,0,0,0
0.036531,0.022496,0.02134,0,0,0,0,0,0,0,0,0,0,0,0
0.048768,0.020601,0.021048,0,0,0,0,0,0,0,0,0,0,0,0
0.039159,0.021366,0.021095,0,0,0,0,0,0,0,0,0,0,0,0
0.040443,0.021217,0.021691,0,0,0,0,0,0,0,0,0,0,0,0
0.039555,0.021732,0.021479,0,0,0,0,0,0,0,0,0,0,0,0
0.064966,0.043608,0.042249,0,0,0,0,0,0,0,0,0,0,0,0
0.023162,0.02032,0.020526,0,0,0,0,0,0,0,0,0,0,0,0
0.037484,0.033712,0.02064,0,0,0,0,0,0,0,0,0,0,0,0
0.035646,0.023787,0.02182,0,0,0,0,0,0,0,0,0,0,0,0
0.036063,0.024422,0.020436,0,0,0,0,0,0,0,0,0,0,0,0
0.032665,0.023888,0.021786,0,0,0,0,0,0,0,0,0,0,0,0
0.06154,0.045313,0.043378,0,0,0,0,0,0,0,0,0,0,0,0
0.023327,0.02246,0.022337,0,0,0,0,0,0,0,0,0,0,0,0
0.028518,0.020129,0.021163,0,0,0,0,0,0,0,0,0,0,0,0
0.024009,0.021097,0.022154,0,0,0,0,0,0,0,0,0,0,0,0
0.023167,0.021026,0.020656,0,0,0,0,0,0,0,0,0,0,0,0
0.021481,0.020391,0.021466,0,0,0,0,0,0,0,0,0,0,0,0
0.051887,0.04334,0.042745,0,0,0,0,0,0,0,0,0,0,0,0
0.039938,0.021234,0.020312,0,0,0,0,0,0,0,0,0,0,0,0
0.04065,0.025852,0.022273,0,0,0,0,0,0,0,0,0,0,0,0
0.026887,0.021156,0.020628,0,0,0,0,0,0,0,0,0,0,0,0
0.039004,0.020601,0.022604,0,0,0,0,0,0,0,0,0,0,0,0
0.040079,0.021174,0.021467,0,0,0,0,0,0,0,0,0,0,0,0
0.05477,0.042957,0.041244,0,0,0,0,0,0,0,0,0,0,0,0
0.023589,0.02239,0.021013,0,0,0,0,0,0,0,0,0,0,0,0
0.042049,0.028948,0.023989,0,0,0,0,0,0,0,0,0,0,0,0
0.036005,0.021308,0.022237,0,0,0,0,0,0,0,0,0,0,0,0
0.037002,0.020785,0.020783,0,0,0,0,0,0,0,0,0,0,0,0
0.024255,0.020555,0.021711,0,0,0,0,0,0,0,0,0,0,0,0
0.061961,0.044983,0.042277,0,0,0,0,0,0,0,0,0,0,0,0
0.021505,0.022484,0.020199,0,0,0,0,0,0,0,0,0,0,0,0
0.020995,0.020948,0.021341,0,0,0,0,0,0,0,0,0,0,0,0
0.040122,0.021606,0.021469,0,0,0,0,0,0,0,0,0,0,0,0
0.024051,0.021434,0.0211,0,0,0,0,0,0,0,0,0,0,0,0
0.02635,0.021335,0.02125,0,0,0,0,0,0,0,0,0,0,0,0
0.048813,0.043442,0.042661,0,0,0,0,0,0,0,0,0,0,0,0
0.036197,0.021944,0.023073,0,0,0,0,0,0,0,0,0,0,0,0
0.036432,0.031751,0.023263,0,0,0,0,0,0,0,0,0,0,0,0
0.026033,0.022358,0.023784,0,0,0,0,0,0,0,0,0,0,0,0
0.034132,0.025366,0.024441,0,0,0,0,0,0,0,0,0,0,0,0
0.035764,0.041499,0.025943,0,0,0,0,0,0,0,0,0,0,0,0
0.048536,0.048046,0.062378,0,0,0,0,0,0,0,0,0,0,0,0
0.02354,0.032825,0.022854,0,0,0,0,0,0,0,0,0,0,0,0
0.035199,0.021657,0.023272,0,0,0,0,0,0,0,0,0,0,0,0
0.026278,0.023019,0.024218,0,0,0,0,0,0,0,0,0,0,0,0
0.034352,0.020942,0.023688,0,0,0,0,0,0,0,0,0,0,0,0
0.023676,0.029925,0.022928,0,0,0,0,0,0,0,0,0,0,0,0
0.048458,0.048732,0.05397,0,0,0,0,0,0,0,0,0,0,0,0
0.021403,0.023876,0.024782,0,0,0,0,0,0,0,0,0,0,0,0
0.029056,0.022773,0.023414,0,0,0,0,0,0,0,0,0,0,0,0
0.033784,0.024882,0.022353,0,0,0,0,0,0,0,0,0,0,0,0
0.028002,0.023353,0.031494,0,0,0,0,0,0,0,0,0,0,0,0
0.031051,0.036143,0.022614,0,0,0,0,0,0,0,0,0,0,0,0
0.049566,0.062953,0.053967,0,0,0,0,0,0,0,0,0,0,0,0
0.03307,0.034928,0.027191,0,0,0,0,0,0,0,0,0,0,0,0
0.042478,0.025219,0.022867,0,0,0,0,0,0,0,0,0,0,0,0
0.032739,0.021545,0.025988,0,0,0,0,0,0,0,0,0,0,0,0
0.047432,0.0213,0.023494,0,0,0,0,0,0,0,0,0,0,0,0
0.035644,0.021144,0.024876,0,0,0,0,0,0,0,0,0,0,0,0
0.061628,0.048881,0.049866,0,0,0,0,0,0,0,0,0,0,0,0
0.036097,0.021004,0.023814,0,0,0,0,0,0,0,0,0,0,0,0
0.021895,0.03426,0.024938,0,0,0,0,0,0,0,0,0,0,0,0
0.026037,0.023776,0.023449,0,0,0,0,0,0,0,0,0,0,0,0
0.024137,0.023513,0.023965,0,0,0,0,0,0,0,0,0,0,0,0
0.024106,0.023816,0.023546,0,0,0,0,0,0,0,0,0,0,0,0
0.061689,0.04992,0.053854,0,0,0,0,0,0,0,0,0,0,0,0
0.024617,0.025252,0.025043,0,0,0,0,0,0,0,0,0,0,0,0
0.023466,0.035204,0.023517,0,0,0,0,0,0,0,0,0,0,0,0
0.036937,0.023869,0.023528,0,0,0,0,0,0,0,0,0,0,0,0
0.035975,0.023484,0.022446,0,0,0,0,0,0,0,0,0,0,0,0
0.03615,0.023192,0.02514,0,0,0,0,0,0,0,0,0,0,0,0
0.059951,0.048589,0.048635,0,0,0,0,0,0,0,0,0,0,0,0
0.05961,0.026058,0.022326,0,0,0,0,0,0,0,0,0,0,0,0
0.037731,0.024773,0.023479,0,0,0,0,0,0,0,0,0,0,0,0
0.030077,0.022201,0.024027,0,0,0,0,0,0,0,0,0,0,0,0
0.041221,0.026075,0.022339,0,0,0,0,0,0,0,0,0,0,0,0
0.035741,0.023122,0.026126,0,0,0,0,0,0,0,0,0,0,0,0
0.065317,0.047636,0.048892,0,0,0,0,0,0,0,0,0,0,0,0
0.021843,0.024327,0.023896,0,0,0,0,0,0,0,0,0,0,0,0
0.021276,0.025479,0.026306,0,0,0,0,0,0,0,0,0,0,0,0
0.037058,0.035697,0.027929,0,0,0,0,0,0,0,0,0,0,0,0
0.021418,0.034071,0.022945,0,0,0,0,0,0,0,0,0,0,0,0
0.030059,0.026685,0.023525,0,0,0,0,0,0,0,0,0,0,0,0
0.058744,0.051688,0.044088,0,0,0,0,0,0,0,0,0,0,0,0
0.02428,0.024219,0.024175,0,0,0,0,0,0,0,0,0,0,0,0
0.035836,0.023919,0.022965,0,0,0,0,0,0,0,0,0,0,0,0
0.035783,0.035576,0.022598,0,0,0,0,0,0,0,0,0,0,0,0
0.023777,0.023255,0.024068,0,0,0,0,0,0,0,0,0,0,0,0
0.036498,0.023949,0.020879,0,0,0,0,0,0,0,0,0,0,0,0
0.0542,0.046886,0.045618,0,0,0,0,0,0,0,0,0,0,0,0
0.039902,0.022678,0.023583,0,0,0,0,0,0,0,0,0,0,0,0
0.020551,0.023621,0.024165,0,0,0,0,0,0,0,0,0,0,0,0
0.043524,0.027355,0.022395,0,0,0,0,0,0,0,0,0,0,0,0
0.03803,0.023531,0.023996,0,0,0,0,0,0,0,0,0,0,0,0
0.036446,0.036476,0.022548,0,0,0,0,0,0,0,0,0,0,0,0
0.049008,0.049315,0.044378,0,0,0,0,0,0,0,0,0,0,0,0
0.036609,0.023088,0.025328,0,0,0,0,0,0,0,0,0,0,0,0
0.034589,0.020926,0.022818,0,0,0,0,0,0,0,0,0,0,0,0
0.023572,0.021624,0.022631,0,0,0,0,0,0,0,0,0,0,0,0
0.029019,0.021078,0.023931,0,0,0,0,0,0,0,0,0,0,0,0
0.031519,0.02107,0.023646,0,0,0,0,0,0,0,0,0,0,0,0
0.044596,0.04202,0.048779,0,0,0,0,0,0,0,0,0,0,0,0
0.020371,0.021617,0.02395,0,0,0,0,0,0,0,0,0,0,0,0
0.02942,0.020037,0.033278,0,0,0,0,0,0,0,0,0,0,0,0
0.033061,0.02214,0.023663,0,0,0,0,0,0,0,0,0,0,0,0
0.02071,0.019676,0.022876,0,0,0,0,0,0,0,0,0,0,0,0
0.033689,0.021164,0.024105,0,0,0,0,0,0,0,0,0,0,0,0
0.06181,0.042159,0.05362,0,0,0,0,0,0,0,0,0,0,0,0
0.02468,0.021782,0.028488,0,0,0,0,0,0,0,0,0,0,0,0
0.024052,0.020498,0.0215,0,0,0,0,0,0,0,0,0,0,0,0
0.037286,0.022185,0.020443,0,0,0,0,0,0,0,0,0,0,0,0
0.023096,0.023509,0.020097,0,0,0,0,0,0,0,0,0,0,0,0
0.031055,0.021427,0.02245,0,0,0,0,0,0,0,0,0,0,0,0
0.04143,0.052153,0.041421,0,0,0,0,0,0,0,0,0,0,0,0
0.025108,0.023856,0.020302,0,0,0,0,0,0,0,0,0,0,0,0
0.019779,0.019701,0.019319,0,0,0,0,0,0,0,0,0,0,0,0
0.027467,0.021487,0.021731,0,0,0,0,0,0,0,0,0,0,0,0
0.025624,0.027692,0.020567,0,0,0,0,0,0,0,0,0,0,0,0
0.022309,0.021172,0.023294,0,0,0,0,0,0,0,0,0,0,0,0
0.056203,0.053718,0.051827,0,0,0,0,0,0,0,0,0,0,0,0
0.030317,0.021056,0.026549,0,0,0,0,0,0,0,0,0,0,0,0
0.021921,0.025314,0.021016,0,0,0,0,0,0,0,0,0,0,0,0
0.04143,0.024875,0.021605,0,0,0,0,0,0,0,0,0,0,0,0
0.022798,0.020727,0.022995,0,0,0,0,0,0,0,0,0,0,0,0
0.036485,0.025699,0.021515,0,0,0,0,0,0,0,0,0,0,0,0
0.057466,0.049563,0.045288,0,0,0,0,0,0,0,0,0,0,0,0
0.037949,0.020516,0.023601,0,0,0,0,0,0,0,0,0,0,0,0
0.024921,0.027731,0.020626,0,0,0,0,0,0,0,0,0,0,0,0
0.040531,0.021273,0.020602,0,0,0,0,0,0,0,0,0,0,0,0
0.038099,0.032161,0.019675,0,0,0,0,0,0,0,0,0,0,0,0
0.021811,0.020715,0.020769,0,0,0,0,0,0,0,0,0,0,0,0
0.052131,0.0442,0.040973,0,0,0,0,0,0,0,0,0,0,0,0
0.040495,0.022884,0.02008,0,0,0,0,0,0,0,0,0,0,0,0
0.024803,0.020914,0.019668,0,0,0,0,0,0,0,0,0,0,0,0
0.032071,0.027545,0.024008,0,0,0,0,0,0,0,0,0,0,0,0
0.022383,0.023675,0.021413,0,0,0,0,0,0,0,0,0,0,0,0
0.037606,0.024702,0.020303,0,0,0,0,0,0,0,0,0,0,0,0
0.048206,0.042173,0.044494,0,0,0,0,0,0,0,0,0,0,0,0
0.022739,0.029378,0.020317,0,0,0,0,0,0,0,0,0,0,0,0
0.023362,0.021561,0.019801,0,0,0,0,0,0,0,0,0,0,0,0
0.023785,0.021447,0.019764,0,0,0,0,0,0,0,0,0,0,0,0
0.023007,0.021769,0.020164,0,0,0,0,0,0,0,0,0,0,0,0
0.023905,0.021908,0.023577,0,0,0,0,0,0,0,0,0,0,0,0
0.047082,0.04223,0.043616,0,0,0,0,0,0,0,0,0,0,0,0
0.039614,0.021636,0.019943,0,0,0,0,0,0,0,0,0,0,0,0
0.023092,0.021255,0.019829,0,0,0,0,0,0,0,0,0,0,0,0
0.026798,0.021083,0.020751,0,0,0,0,0,0,0,0,0,0,0,0
0.03616,0.01985,0.020736,0,0,0,0,0,0,0,0,0,0,0,0
0.036488,0.031788,0.024903,0,0,0,0,0,0,0,0,0,0,0,0
0.057251,0.051135,0.044105,0,0,0,0,0,0,0,0,0,0,0,0
0.021614,0.022798,0.020417,0,0,0,0,0,0,0,0,0,0,0,0
0.026941,0.022598,0.02072,0,0,0,0,0,0,0,0,0,0,0,0
0.027792,0.024869,0.021181,0,0,0,0,0,0,0,0,0,0,0,0
0.023302,0.024821,0.022351,0,0,0,0,0,0,0,0,0,0,0,0
0.036991,0.024027,0.020836,0,0,0,0,0,0,0,0,0,0,0,0
0.0619,0.044833,0.043261,0,0,0,0,0,0,0,0,0,0,0,0
0.040029,0.027748,0.020596,0,0,0,0,0,0,0,0,0,0,0,0
0.038408,0.022067,0.020257,0,0,0,0,0,0,0,0,0,0,0,0
0.036439,0.02185,0.019746,0,0,0,0,0,0,0,0,0,0,0,0
0.044142,0.02876,0.019876,0,0,0,0,0,0,0,0,0,0,0,0
0.036525,0.023166,0.019696,0,0,0,0,0,0,0,0,0,0,0,0
0.052014,0.051182,0.043395,0,0,0,0,0,0,0,0,0,0,0,0
0.023797,0.024278,0.018917,0,0,0,0,0,0,0,0,0,0,0,0
0.020775,0.021863,0.02117,0,0,0,0,0,0,0,0,0,0,0,0
0.019605,0.022824,0.019942,0,0,0,0,0,0,0,0,0,0,0,0
0.020227,0.021924,0.02214,0,0,0,0,0,0,0,0,0,0,0,0
0.029968,0.021643,0.021033,0,0,0,0,0,0,0,0,0,0,0,0
0.066613,0.051869,0.044554,0,0,0,0,0,0,0,0,0,0,0,0
0.020052,0.021932,0.021274,0,0,0,0,0,0,0,0,0,0,0,0
0.029067,0.022419,0.021116,0,0,0,0,0,0,0,0,0,0,0,0
0.030126,0.022943,0.021763,0,0,0,0,0,0,0,0,0,0,0,0
0.031281,0.021253,0.02243,0,0,0,0,0,0,0,0,0,0,0,0
0.020603,0.022921,0.020241,0,0,0,0,0,0,0,0,0,0,0,0
0.042638,0.045417,0.041187,0,0,0,0,0,0,0,0,0,0,0,0
0.034912,0.033725,0.020942,0,0,0,0,0,0,0,0,0,0,0,0
0.021586,0.021562,0.020952,0,0,0,0,0,0,0,0,0,0,0,0
0.040176,0.023114,0.020072,0,0,0,0,0,0,0,0,0,0,0,0
0.022225,0.023235,0.020845,0,0,0,0,0,0,0,0,0,0,0,0
0.038262,0.022692,0.020504,0,0,0,0,0,0,0,0,0,0,0,0
0.048882,0.050255,0.043048,0,0,0,0,0,0,0,0,0,0,0,0
0.02338,0.021604,0.02062,0,0,0,0,0,0,0,0,0,0,0,0
0.039218,0.020753,0.022333,0,0,0,0,0,0,0,0,0,0,0,0
0.03679,0.020079,0.019993,0,0,0,0,0,0,0,0,0,0,0,0
0.022938,0.020254,0.021556,0,0,0,0,0,0,0,0,0,0,0,0
0.034254,0.021037,0.020799,0,0,0,0,0,0,0,0,0,0,0,0
0.050854,0.043505,0.040968,0,0,0,0,0,0,0,0,0,0,0,0
0.036157,0.031079,0.021018,0,0,0,0,0,0,0,0,0,0,0,0
0.036952,0.02437,0.022559,0,0,0,0,0,0,0,0,0,0,0,0
0.037857,0.02388,0.021802,0,0,0,0,0,0,0,0,0,0,0,0
0.03529,0.021502,0.022177,0,0,0,0,0,0,0,0,0,0,0,0
0.02104,0.021585,0.021829,0,0,0,0,0,0,0,0,0,0,0,0
0.064069,0.042482,0.042283,0,0,0,0,0,0,0,0,0,0,0,0
0.040415,0.020604,0.020297,0,0,0,0,0,0,0,0,0,0,0,0
0.021322,0.020983,0.020248,0,0,0,0,0,0,0,0,0,0,0,0
0.049084,0.020524,0.019888,0,0,0,0,0,0,0,0,0,0,0,0
0.031301,0.020569,0.021734,0,0,0,0,0,0,0,0,0,0,0,0
0.027354,0.019895,0.020488,0,0,0,0,0,0,0,0,0,0,0,0
0.062833,0.042409,0.043724,0,0,0,0,0,0,0,0,0,0,0,0
0.031437,0.019974,0.020378,0,0,0,0,0,0,0,0,0,0,0,0
0.033491,0.020203,0.020629,0,0,0,0,0,0,0,0,0,0,0,0
0.031229,0.021622,0.021073,0,0,0,0,0,0,0,0,0,0,0,0
0.021184,0.021067,0.022446,0,0,0,0,0,0,0,0,0,0,0,0
0.026681,0.023617,0.021524,0,0,0,0,0,0,0,0,0,0,0,0
0.044644,0.071644,0.043814,0,0,0,0,0,0,0,0,0,0,0,0
0.022466,0.021888,0.022385,0,0,0,0,0,0,0,0,0,0,0,0
0.030581,0.02278,0.021927,0,0,0,0,0,0,0,0,0,0,0,0
0.026051,0.021811,0.021099,0,0,0,0,0,0,0,0,0,0,0,0
0.033418,0.02311,0.021315,0,0,0,0,0,0,0,0,0,0,0,0
0.020503,0.021797,0.021172,0,0,0,0,0,0,0,0,0,0,0,0
0.045249,0.049349,0.042374,0,0,0,0,0,0,0,0,0,0,0,0
0.035726,0.033728,0.021238,0,0,0,0,0,0,0,0,0,0,0,0
0.020358,0.024073,0.020312,0,0,0,0,0,0,0,0,0,0,0,0
0.037592,0.021228,0.021979,0,0,0,0,0,0,0,0,0,0,0,0
0.02562,0.02601,0.020286,0,0,0,0,0,0,0,0,0,0,0,0
0.039826,0.020271,0.021213,0,0,0,0,0,0,0,0,0,0,0,0
0.057459,0.04641,0.044958,0,0,0,0,0,0,0,0,0,0,0,0
0.028466,0.020006,0.021547,0,0,0,0,0,0,0,0,0,0,0,0
0.058579,0.02123,0.020611,0,0,0,0,0,0,0,0,0,0,0,0
0.025865,0.02153,0.020617,0,0,0,0,0,0,0,0,0,0,0,0
0.031353,0.020039,0.020863,0,0,0,0,0,0,0,0,0,0,0,0
0.030926,0.020678,0.020507,0,0,0,0,0,0,0,0,0,0,0,0
0.045454,0.046395,0.043734,0,0,0,0,0,0,0,0,0,0,0,0
0.025381,0.022203,0.021719,0,0,0,0,0,0,0,0,0,0,0,0
0.037104,0.021653,0.02128,0,0,0,0,0,0,0,0,0,0,0,0
0.024695,0.021199,0.021037,0,0,0,0,0,0,0,0,0,0,0,0
0.036935,0.021202,0.021405,0,0,0,0,0,0,0,0,0,0,0,0
0.023741,0.021065,0.021241,0,0,0,0,0,0,0,0,0,0,0,0
0.059939,0.045482,0.042313,0,0,0,0,0,0,0,0,0,0,0,0
0.026528,0.021141,0.023739,0,0,0,0,0,0,0,0,0,0,0,0
0.033388,0.023181,0.021718,0,0,0,0,0,0,0,0,0,0,0,0
0.036774,0.022379,0.0211,0,0,0,0,0,0,0,0,0,0,0,0
0.022936,0.031718,0.021368,0,0,0,0,0,0,0,0,0,0,0,0
0.022488,0.035257,0.021332,0,0,0,0,0,0,0,0,0,0,0,0
0.043697,0.048896,0.049809,0,0,0,0,0,0,0,0,0,0,0,0
0.023527,0.021043,0.023099,0,0,0,0,0,0,0,0,0,0,0,0
0.020859,0.026984,0.021159,0,0,0,0,0,0,0,0,0,0,0,0
0.028852,0.021025,0.021712,0,0,0,0,0,0,0,0,0,0,0,0
0.019968,0.020963,0.022456,0,0,0,0,0,0,0,0,0,0,0,0
0.022425,0.021632,0.022232,0,0,0,0,0,0,0,0,0,0,0,0
0.04787,0.047992,0.044582,0,0,0,0,0,0,0,0,0,0,0,0
0.020417,0.021287,0.019214,0,0,0,0,0,0,0,0,0,0,0,0
0.025564,0.02193,0.019499,0,0,0,0,0,0,0,0,0,0,0,0
0.020637,0.020281,0.021016,0,0,0,0,0,0,0,0,0,0,0,0
0.039232,0.02602,0.023119,0,0,0,0,0,0,0,0,0,0,0,0
0.031484,0.020626,0.023026,0,0,0,0,0,0,0,0,0,0,0,0
0.057539,0.045703,0.044345,0,0,0,0,0,0,0,0,0,0,0,0
0.022019,0.019746,0.020195,0,0,0,0,0,0,0,0,0,0,0,0
0.030509,0.019551,0.021147,0,0,0,0,0,0,0,0,0,0,0,0
0.02203,0.020394,0.022051,0,0,0,0,0,0,0,0,0,0,0,0
0.041836,0.021162,0.0228,0,0,0,0,0,0,0,0,0,0,0,0
0.031431,0.0202,0.021615,0,0,0,0,0,0,0,0,0,0,0,0
0.049779,0.040366,0.041187,0,0,0,0,0,0,0,0,0,0,0,0
0.021704,0.022033,0.020533,0,0,0,0,0,0,0,0,0,0,0,0
0.025708,0.019627,0.020889,0,0,0,0,0,0,0,0,0,0,0,0
0.03976,0.020508,0.020805,0,0,0,0,0,0,0,0,0,0,0,0
0.042014,0.024893,0.020897,0,0,0,0,0,0,0,0,0,0,0,0
0.03333,0.020154,0.021816,0,0,0,0,0,0,0,0,0,0,0,0
0.062816,0.042867,0.046108,0,0,0,0,0,0,0,0,0,0,0,0
0.023472,0.021662,0.020137,0,0,0,0,0,0,0,0,0,0,0,0
0.033154,0.020633,0.020202,0,0,0,0,0,0,0,0,0,0,0,0
0.020644,0.020063,0.02138,0,0,0,0,0,0,0,0,0,0,0,0
0.033527,0.020568,0.020709,0,0,0,0,0,0,0,0,0,0,0,0
0.03924,0.022876,0.020139,0,0,0,0,0,0,0,0,0,0,0,0
0.055021,0.042806,0.040876,0,0,0,0,0,0,0,0,0,0,0,0
0.038951,0.020739,0.020141,0,0,0,0,0,0,0,0,0,0,0,0
0.040504,0.020368,0.02047,0,0,0,0,0,0,0,0,0,0,0,0
0.026589,0.035294,0.021218,0,0,0,0,0,0,0,0,0,0,0,0
0.021165,0.023232,0.020417,0,0,0,0,0,0,0,0,0,0,0,0
0.028921,0.022214,0.019611,0,0,0,0,0,0,0,0,0,0,0,0
0.060246,0.05139,0.045335,0,0,0,0,0,0,0,0,0,0,0,0
0.035666,0.023191,0.020692,0,0,0,0,0,0,0,0,0,0,0,0
0.031708,0.023041,0.019798,0,0,0,0,0,0,0,0,0,0,0,0
0.02853,0.029881,0.02112,0,0,0,0,0,0,0,0,0,0,0,0
0.023637,0.022873,0.021013,0,0,0,0,0,0,0,0,0,0,0,0
0.024015,0.022856,0.022875,0,0,0,0,0,0,0,0,0,0,0,0
0.054461,0.048753,0.043019,0,0,0,0,0,0,0,0,0,0,0,0
0.040279,0.022718,0.021016,0,0,0,0,0,0,0,0,0,0,0,0
0.020263,0.02325,0.021057,0,0,0,0,0,0,0,0,0,0,0,0
0.023638,0.024082,0.022715,0,0,0,0,0,0,0,0,0,0,0,0
0.042748,0.023147,0.019931,0,0,0,0,0,0,0,0,0,0,0,0
0.027463,0.022955,0.0196,0,0,0,0,0,0,0,0,0,0,0,0
0.044013,0.050695,0.043976,0,0,0,0,0,0,0,0,0,0,0,0
0.02489,0.023235,0.022075,0,0,0,0,0,0,0,0,0,0,0,0
0.020616,0.025203,0.024506,0,0,0,0,0,0,0,0,0,0,0,0
0.020612,0.032688,0.021673,0,0,0,0,0,0,0,0,0,0,0,0
0.044125,0.023118,0.02221,0,0,0,0,0,0,0,0,0,0,0,0
0.038934,0.026972,0.021287,0,0,0,0,0,0,0,0,0,0,0,0
0.048706,0.051694,0.048624,0,0,0,0,0,0,0,0,0,0,0,0
0.040657,0.024103,0.021289,0,0,0,0,0,0,0,0,0,0,0,0
0.023304,0.02258,0.022258,0,0,0,0,0,0,0,0,0,0,0,0
0.030267,0.031147,0.022773,0,0,0,0,0,0,0,0,0,0,0,0
0.026192,0.021522,0.022355,0,0,0,0,0,0,0,0,0,0,0,0
0.020143,0.022096,0.029302,0,0,0,0,0,0,0,0,0,0,0,0
0.073617,0.052955,0.048184,0,0,0,0,0,0,0,0,0,0,0,0
0.021754,0.023449,0.021418,0,0,0,0,0,0,0,0,0,0,0,0
0.023651,0.022081,0.02148,0,0,0,0,0,0,0,0,0,0,0,0
0.020506,0.022613,0.02146,0,0,0,0,0,0,0,0,0,0,0,0
0.03169,0.02748,0.024247,0,0,0,0,0,0,0,0,0,0,0,0
0.020706,0.022353,0.022809,0,0,0,0,0,0,0,0,0,0,0,0
0.061841,0.05049,0.050243,0,0,0,0,0,0,0,0,0,0,0,0
0.030789,0.022229,0.021574,0,0,0,0,0,0,0,0,0,0,0,0
0.020943,0.021351,0.022182,0,0,0,0,0,0,0,0,0,0,0,0
0.038238,0.019699,0.029188,0,0,0,0,0,0,0,0,0,0,0,0
0.051063,0.021212,0.022163,0,0,0,0,0,0,0,0,0,0,0,0
NaN,NaN,NaN,0,0,0,0,0,0,0,0,0,0,0,0
NaN,NaN,NaN,0,0,0,0,0,0,0,0,0,0,0,0
NaN,NaN,NaN,0,0,0,0,0,0,0,0,0,0,0,0
NaN,NaN,NaN,0,0,0,0,0,0,0,0,0,0,0,0
1.2139,1.2536,1.1829,0,0,0,0,0,0,0,0,0,0,0,0
0.16492,0.145,0.1546,0,0,0,0,0,0,0,0,0,0,0,0
0.084319,0.080979,0.083194,0,0,0,0,0,0,0,0,0,0,0,0
0.063026,0.063107,0.064003,0,0,0,0,0,0,0,0,0,0,0,0
0.11784,0.091159,0.095308,0,0,0,0,0,0,0,0,0,0,0,0
0.076153,0.078018,0.085381,0,0,0,0,0,0,0,0,0,0,0,0
0.045718,0.053076,0.052914,0,0,0,0,0,0,0,0,0,0,0,0
0.055383,0.048193,0.052848,0,0,0,0,0,0,0,0,0,0,0,0
0.048045,0.060053,0.056196,0,0,0,0,0,0,0,0,0,0,0,0
0.040697,0.025598,0.038057,0,0,0,0,0,0,0,0,0,0,0,0
0.047475,0.024324,0.021006,0,0,0,0,0,0,0,0,0,0,0,0
0.021224,0.024821,0.021805,0,0,0,0,0,0,0,0,0,0,0,0
0.025511,0.023101,0.021467,0,0,0,0,0,0,0,0,0,0,0,0
0.036502,0.023085,0.032357,0,0,0,0,0,0,0,0,0,0,0,0
0.049168,0.052142,0.050974,0,0,0,0,0,0,0,0,0,0,0,0
0.02145,0.032256,0.020575,0,0,0,0,0,0,0,0,0,0,0,0
0.025859,0.022896,0.020348,0,0,0,0,0,0,0,0,0,0,0,0
0.041145,0.025387,0.022399,0,0,0,0,0,0,0,0,0,0,0,0
0.021999,0.022631,0.030568,0,0,0,0,0,0,0,0,0,0,0,0
0.021043,0.02399,0.021925,0,0,0,0,0,0,0,0,0,0,0,0
0.063995,0.062866,0.04806,0,0,0,0,0,0,0,0,0,0,0,0
0.023192,0.024332,0.02762,0,0,0,0,0,0,0,0,0,0,0,0
0.040616,0.029292,0.027579,0,0,0,0,0,0,0,0,0,0,0,0
0.032839,0.024551,0.028795,0,0,0,0,0,0,0,0,0,0,0,0
0.036508,0.023998,0.020693,0,0,0,0,0,0,0,0,0,0,0,0
0.022835,0.023407,0.022328,0,0,0,0,0,0,0,0,0,0,0,0
0.045941,0.051641,0.05096,0,0,0,0,0,0,0,0,0,0,0,0
0.03524,0.023525,0.0235,0,0,0,0,0,0,0,0,0,0,0,0
0.022595,0.023645,0.02324,0,0,0,0,0,0,0,0,0,0,0,0
0.040356,0.029326,0.029531,0,0,0,0,0,0,0,0,0,0,0,0
0.033564,0.043592,0.03156,0,0,0,0,0,0,0,0,0,0,0,0
0.034414,0.04989,0.028391,0,0,0,0,0,0,0,0,0,0,0,0
0.081095,0.081197,0.059602,0,0,0,0,0,0,0,0,0,0,0,0
0.029941,0.024354,0.026158,0,0,0,0,0,0,0,0,0,0,0,0
0.056943,0.032889,0.035444,0,0,0,0,0,0,0,0,0,0,0,0
0.032069,0.030657,0.025039,0,0,0,0,0,0,0,0,0,0,0,0
0.037822,0.022466,0.024421,0,0,0,0,0,0,0,0,0,0,0,0
0.04825,0.021651,0.023221,0,0,0,0,0,0,0,0,0,0,0,0
NaN,NaN,NaN,0,0,0,0,0,0,0,0,0,0,0,0
NaN,NaN,NaN,0,0,0,0,0,0,0,0,0,0,0,0
NaN,NaN,NaN,0,0,0,0,0,0,0,0,0,0,0,0
NaN,NaN,NaN,0,0,0,0,0,0,0,0,0,0,0,0
1.2087,1.1783,1.278,0,0,0,0,0,0,0,0,0,0,0,0
0.17055,0.14734,0.14503,0,0,0,0,0,0,0,0,0,0,0,0
0.07987,0.08461,0.077667,0,0,0,0,0,0,0,0,0,0,0,0
0.081,0.063773,0.063727,0,0,0,0,0,0,0,0,0,0,0,0
0.092821,0.095524,0.095537,0,0,0,0,0,0,0,0,0,0,0,0
0.077975,0.074539,0.080672,0,0,0,0,0,0,0,0,0,0,0,0
0.058326,0.04566,0.048502,0,0,0,0,0,0,0,0,0,0,0,0
0.045298,0.053258,0.048247,0,0,0,0,0,0,0,0,0,0,0,0
0.048483,0.04962,0.046468,0,0,0,0,0,0,0,0,0,0,0,0
0.030928,0.024074,0.022472,0,0,0,0,0,0,0,0,0,0,0,0
0.024882,0.035042,0.02634,0,0,0,0,0,0,0,0,0,0,0,0
0.024034,0.025674,0.036282,0,0,0,0,0,0,0,0,0,0,0,0
0.022691,0.02537,0.03532,0,0,0,0,0,0,0,0,0,0,0,0
0.022745,0.020971,0.024584,0,0,0,0,0,0,0,0,0,0,0,0
0.059882,0.045258,0.050938,0,0,0,0,0,0,0,0,0,0,0,0
0.035869,0.02447,0.022623,0,0,0,0,0,0,0,0,0,0,0,0
0.021983,0.020968,0.021722,0,0,0,0,0,0,0,0,0,0,0,0
0.021548,0.021629,0.021567,0,0,0,0,0,0,0,0,0,0,0,0
0.034432,0.021214,0.03545,0,0,0,0,0,0,0,0,0,0,0,0
0.022929,0.021646,0.028176,0,0,0,0,0,0,0,0,0,0,0,0
0.04448,0.043764,0.048387,0,0,0,0,0,0,0,0,0,0,0,0
0.022427,0.020809,0.021541,0,0,0,0,0,0,0,0,0,0,0,0
0.025293,0.021118,0.022098,0,0,0,0,0,0,0,0,0,0,0,0
0.031693,0.025524,0.029791,0,0,0,0,0,0,0,0,0,0,0,0
0.039786,0.022275,0.024205,0,0,0,0,0,0,0,0,0,0,0,0
0.02321,0.025605,0.024372,0,0,0,0,0,0,0,0,0,0,0,0
0.052289,0.051707,0.047987,0,0,0,0,0,0,0,0,0,0,0,0
0.02343,0.022529,0.021355,0,0,0,0,0,0,0,0,0,0,0,0
0.02215,0.020478,0.021496,0,0,0,0,0,0,0,0,0,0,0,0
0.033069,0.021908,0.023794,0,0,0,0,0,0,0,0,0,0,0,0
0.03994,0.040504,0.031728,0,0,0,0,0,0,0,0,0,0,0,0
0.031524,0.0235,0.026225,0,0,0,0,0,0,0,0,0,0,0,0
0.056834,0.051574,0.055641,0,0,0,0,0,0,0,0,0,0,0,0
0.041256,0.030932,0.025113,0,0,0,0,0,0,0,0,0,0,0,0
0.036339,0.028964,0.036407,0,0,0,0,0,0,0,0,0,0,0,0
0.040172,0.022673,0.035186,0,0,0,0,0,0,0,0,0,0,0,0
0.025456,0.02129,0.023748,0,0,0,0,0,0,0,0,0,0,0,0
0.043096,0.021588,0.02345,0,0,0,0,0,0,0,0,0,0,0,0
0.059929,0.048288,0.04887,0,0,0,0,0,0,0,0,0,0,0,0
0.030353,0.027658,0.0283,0,0,0,0,0,0,0,0,0,0,0,0
0.02277,0.02218,0.02945,0,0,0,0,0,0,0,0,0,0,0,0
0.034018,0.021735,0.021447,0,0,0,0,0,0,0,0,0,0,0,0
0.021386,0.02143,0.027571,0,0,0,0,0,0,0,0,0,0,0,0
0.026463,0.021181,0.020656,0,0,0,0,0,0,0,0,0,0,0,0
0.061376,0.044482,0.042875,0,0,0,0,0,0,0,0,0,0,0,0
0.021735,0.022019,0.020704,0,0,0,0,0,0,0,0,0,0,0,0
0.044731,0.021847,0.022882,0,0,0,0,0,0,0,0,0,0,0,0
0.022286,0.021322,0.020645,0,0,0,0,0,0,0,0,0,0,0,0
0.027119,0.021925,0.022256,0,0,0,0,0,0,0,0,0,0,0,0
0.037038,0.021449,0.020865,0,0,0,0,0,0,0,0,0,0,0,0
0.059267,0.04289,0.042209,0,0,0,0,0,0,0,0,0,0,0,0
0.035328,0.02058,0.020972,0,0,0,0,0,0,0,0,0,0,0,0
0.031705,0.025215,0.022942,0,0,0,0,0,0,0,0,0,0,0,0
0.038823,0.036163,0.029964,0,0,0,0,0,0,0,0,0,0,0,0
0.026512,0.022248,0.021064,0,0,0,0,0,0,0,0,0,0,0,0
0.021911,0.020907,0.024118,0,0,0,0,0,0,0,0,0,0,0,0
0.061677,0.044076,0.041062,0,0,0,0,0,0,0,0,0,0,0,0
0.02356,0.02111,0.0227,0,0,0,0,0,0,0,0,0,0,0,0
0.025075,0.024158,0.022514,0,0,0,0,0,0,0,0,0,0,0,0
0.023111,0.024044,0.020917,0,0,0,0,0,0,0,0,0,0,0,0
0.040885,0.021326,0.025414,0,0,0,0,0,0,0,0,0,0,0,0
0.037279,0.028157,0.020534,0,0,0,0,0,0,0,0,0,0,0,0
0.051726,0.045625,0.043608,0,0,0,0,0,0,0,0,0,0,0,0
0.041906,0.021357,0.024218,0,0,0,0,0,0,0,0,0,0,0,0
0.039366,0.031056,0.020929,0,0,0,0,0,0,0,0,0,0,0,0
0.022447,0.020937,0.020415,0,0,0,0,0,0,0,0,0,0,0,0
0.025147,0.025918,0.031115,0,0,0,0,0,0,0,0,0,0,0,0
