0.000114
0.1982
0.001455
0.001497
0.001406
0.001536
0.001389
0.001493
0.001431
0.001499
0.001431
0.001589
0.001442
0.001492
0.001448
0.001479
0.001448
0.001519
0.001521
0.001689
0.001578
0.001596
0.001528
0.001483
0.00149
0.001556
0.001488
0.001489
0.001422
0.001469
0.001452
0.001471
0.001413
0.001492
0.001467
0.001492
0.001463
0.001496
0.001435
0.001533
0.001536
0.001482
0.001508
0.001567
0.00167
0.001591
0.001565
0.001606
0.001607
0.001636
0.00157
0.001576
0.001477
0.001521
0.002135
0.001475
0.001624
0.001434
0.001566
0.001437
0.001397
0.001443
0.001472
0.002178
0.003212
0.003256
0.002304
0.002227
0.002243
0.002235
0.001772
0.001814
0.002102
0.00176
0.001604
0.001556
0.001583
0.001451
0.001302
0.001273
0.001407
0.001277
0.001275
0.001324
0.001244
0.00139
0.001308
0.001426
0.001355
0.001451
0.001395
0.001373
0.001455
0.00141
0.001437
0.00131
0.001271
0.001268
0.001273
0.001311
0.001372
0.001275
0.0013
0.001317
0.001269
0.00134
0.001372
0.001301
0.001247
0.001307
0.001233
0.001332
0.001228
0.00115
0.001236
0.001151
0.0013
0.001366
0.001289
0.001163
0.001269
0.001267
0.001181
0.001334
0.001252
0.001233
0.001226
0.001142
0.001296
0.001227
0.001257
0.001266
0.001254
0.001269
0.001271
0.001255
0.001178
0.001319
0.001226
0.001152
0.001156
0.001149
0.001281
0.001152
0.00115
0.001478
0.001182
0.00133
0.001388
0.001441
0.001325
0.001385
0.001062
0.001337
0.001291
0.001244
0.001486
0.00139
0.001271
0.001151
0.001232
0.001151
0.001317
0.001226
0.001267
0.001317
0.001153
0.001192
0.00123
0.001349
0.001528
0.001453
0.001512
0.001432
0.0016
0.001588
0.001822
0.001539
0.001525
0.001724
0.0016
0.001568
0.001477
0.00143
0.001321
0.001297
0.001315
0.001293
0.001248
0.001152
0.00124
0.001272
0.001229
0.001231
0.001165
0.001305
0.001272
0.001259
0.001329
0.001228
0.001235
0.001151
0.001271
0.001271
0.001279
0.001314
0.001251
0.001302
0.001298
0.001346
0.001268
0.001324
0.001255
0.001307
0.001244
0.001275
0.001307
0.001396
0.001359
0.00131
0.001383
0.00133
0.001432
0.00134
0.001475
0.001258
0.001359
0.001243
0.001229
0.001385
0.001282
0.001395
0.001232
0.001326
0.001359
0.00143
0.001348
0.001304
0.001294
0.001278
0.001311
0.001244
0.001312
0.001294
0.001256
0.001228
0.001268
0.001254
0.001236
0.001326
0.00147
0.001267
0.001252
0.001293
0.001276
0.001254
0.001288
0.001252
0.001321
0.001349
0.001361
0.001379
0.001446
0.001321
0.001387
0.001363
0.001355
0.001382
0.001288
0.001322
0.001253
0.001319
0.001324
0.001374
0.001283
0.001291
0.001273
0.001256
0.001307
0.001259
0.001321
0.001266
0.00134
0.001262
0.001261
0.001332
0.001264
0.001347
0.001268
0.001309
0.001262
0.001313
0.001289
0.001324
0.001335
0.001325
0.001373
0.001291
0.001359
0.00124
0.001327
0.001288
0.00126
0.001314
0.001369
0.001355
0.001396
0.001422
0.001358
0.001513
0.001343
0.001486
0.001307
0.001366
0.001303
0.001436
0.001355
0.001315
0.001328
0.00127
0.001329
0.001322
0.001325
0.001286
0.001262
0.001282
0.001301
0.001357
0.001299
0.001344
0.001287
0.001354
0.001261
0.001292
0.001202
0.001287
0.001369
0.001744
0.001263
0.001271
0.001271
0.001159
0.001263
0.001253
0.001262
0.001468
0.001462
0.001543
0.00152
0.001674
0.001604
0.001521
0.001721
0.001531
0.001621
0.001275
0.001228
0.001259
0.001276
0.001314
0.001288
0.001462
0.00141
0.001495
0.001487
0.001461
0.00138
0.001436
0.001413
0.001325
0.001266
0.001409
0.001493
0.001433
0.00153
0.001283
0.001334
0.001254
0.001297
0.001245
0.001225
0.001287
0.001263
0.001327
0.001159
0.00131
0.001261
0.001283
0.00136
0.001321
0.001325
0.001363
0.001418
0.00141
0.001425
0.001328
0.001366
0.001233
0.001298
0.001269
0.001295
0.001329
0.001269
0.001412
0.001334
0.001444
0.00134
0.001418
0.001313
0.001415
0.001289
0.001238
0.001264
0.001238
0.001311
0.001242
0.001319
0.00127
0.001364
0.001291
0.001252
0.001296
0.001249
0.001338
0.001309
0.001335
0.001312
0.001273
0.001337
0.001314
0.001216
0.001296
0.001324
0.001348
0.001341
0.001399
0.001411
0.001373
0.001504
0.002876
0.00284
0.00282
0.002631
0.002581
0.002537
0.002327
0.002149
0.002055
0.002143
0.001804
0.001674
0.001704
0.001646
0.001681
0.001445
0.001456
0.001445
0.001473
0.001463
0.001429
0.001319
0.001298
0.001314
0.001274
0.001374
0.001283
0.001327
0.001323
0.001361
0.001276
0.001293
0.001315
0.001302
0.001408
0.001193
0.001333
0.001292
0.001407
0.001352
0.001356
0.001327
0.001399
0.001405
0.001407
0.001417
0.001331
0.001341
0.00127
0.00135
0.001323
0.00134
0.001365
0.001276
0.00132
0.001196
0.001357
0.001266
0.001351
0.001325
0.001357
0.001317
0.001278
0.001295
0.00129
0.001406
0.001237
0.001275
0.001239
0.001277
0.001247
0.001265
0.001324
0.001335
0.001415
0.001341
0.001595
0.001383
0.001354
0.001327
0.001408
0.0014
0.001437
0.001368
0.001348
0.001371
0.001358
0.001458
0.001379
0.001398
0.001353
0.001372
0.001386
0.001391
0.001365
0.001327
0.001256
0.001326
0.001328
0.001286
0.001412
0.001305
0.001377
0.001284
0.001395
0.001307
0.001279
0.001273
0.001249
0.00145
0.001274
0.001309
0.00126
0.001311
0.001291
0.001296
0.001402
0.001349
0.001337
0.001286
0.001382
0.001277
0.001353
0.001325
0.001451
0.001382
0.00151
0.001432
