1
313.0000,541.0000,326.0000,541.0000,326.0000,591.0000,313.0000,591.0000
312.0000,523.0000,325.0000,523.0000,325.0000,573.0000,312.0000,573.0000
308.0000,533.0000,322.0000,533.0000,322.0000,585.0000,308.0000,585.0000
2
331.0000,520.0000,345.0000,520.0000,345.0000,573.0000,331.0000,573.0000
0
0
0
0
1
325.0000,435.0000,342.0000,435.0000,342.0000,473.0000,325.0000,473.0000
339.0000,433.0000,356.0000,433.0000,356.0000,470.0000,339.0000,470.0000
340.0000,437.0000,356.0000,437.0000,356.0000,474.0000,340.0000,474.0000
340.0000,437.0000,356.0000,437.0000,356.0000,474.0000,340.0000,474.0000
346.0000,426.0000,362.0000,426.0000,362.0000,463.0000,346.0000,463.0000
376.0000,440.0000,392.0000,440.0000,392.0000,477.0000,376.0000,477.0000
396.0000,436.0000,412.0000,436.0000,412.0000,473.0000,396.0000,473.0000
394.0000,416.0000,411.0000,416.0000,411.0000,454.0000,394.0000,454.0000
374.0000,405.0000,392.0000,405.0000,392.0000,443.0000,374.0000,443.0000
374.0000,394.0000,391.0000,394.0000,391.0000,433.0000,374.0000,433.0000
374.0000,394.0000,391.0000,394.0000,391.0000,432.0000,374.0000,432.0000
374.0000,387.0000,392.0000,387.0000,392.0000,425.0000,374.0000,425.0000
365.0000,379.0000,382.0000,379.0000,382.0000,418.0000,365.0000,418.0000
352.0000,375.0000,369.0000,375.0000,369.0000,413.0000,352.0000,413.0000
344.0000,360.0000,361.0000,360.0000,361.0000,399.0000,344.0000,399.0000
346.0000,352.0000,364.0000,352.0000,364.0000,390.0000,346.0000,390.0000
345.0000,327.0000,362.0000,327.0000,362.0000,365.0000,345.0000,365.0000
345.0000,319.0000,362.0000,319.0000,362.0000,358.0000,345.0000,358.0000
369.0000,296.0000,386.0000,296.0000,386.0000,335.0000,369.0000,335.0000
372.0000,283.0000,389.0000,283.0000,389.0000,321.0000,372.0000,321.0000
369.0000,256.0000,386.0000,256.0000,386.0000,293.0000,369.0000,293.0000
388.0000,239.0000,405.0000,239.0000,405.0000,277.0000,388.0000,277.0000
402.0000,238.0000,420.0000,238.0000,420.0000,279.0000,402.0000,279.0000
413.0000,261.0000,432.0000,261.0000,432.0000,302.0000,413.0000,302.0000
435.0000,272.0000,453.0000,272.0000,453.0000,313.0000,435.0000,313.0000
450.0000,287.0000,468.0000,287.0000,468.0000,328.0000,450.0000,328.0000
456.0000,294.0000,474.0000,294.0000,474.0000,334.0000,456.0000,334.0000
459.0000,300.0000,477.0000,300.0000,477.0000,342.0000,459.0000,342.0000
440.0000,314.0000,460.0000,314.0000,460.0000,357.0000,440.0000,357.0000
438.0000,307.0000,457.0000,307.0000,457.0000,351.0000,438.0000,351.0000
425.0000,322.0000,445.0000,322.0000,445.0000,366.0000,425.0000,366.0000
403.0000,325.0000,423.0000,325.0000,423.0000,369.0000,403.0000,369.0000
2
0
0
0
0
1
260.0000,261.0000,281.0000,261.0000,281.0000,327.0000,260.0000,327.0000
245.0000,258.0000,267.0000,258.0000,267.0000,324.0000,245.0000,324.0000
244.0000,246.0000,265.0000,246.0000,265.0000,312.0000,244.0000,312.0000
0
2
0
0
0
0
1
349.0000,348.0000,373.0000,348.0000,373.0000,411.0000,349.0000,411.0000
349.0000,378.0000,373.0000,378.0000,373.0000,441.0000,349.0000,441.0000
340.0000,379.0000,364.0000,379.0000,364.0000,443.0000,340.0000,443.0000
340.0000,379.0000,364.0000,379.0000,364.0000,443.0000,340.0000,443.0000
315.0000,376.0000,339.0000,376.0000,339.0000,440.0000,315.0000,440.0000
2
288.0000,335.0000,312.0000,335.0000,312.0000,399.0000,288.0000,399.0000
0
0
0
0
1
289.0000,337.0000,303.0000,337.0000,303.0000,394.0000,289.0000,394.0000
294.0000,345.0000,309.0000,345.0000,309.0000,401.0000,294.0000,401.0000
316.0000,346.0000,330.0000,346.0000,330.0000,400.0000,316.0000,400.0000
316.0000,346.0000,330.0000,346.0000,330.0000,400.0000,316.0000,400.0000
304.0000,345.0000,318.0000,345.0000,318.0000,401.0000,304.0000,401.0000
291.0000,328.0000,305.0000,328.0000,305.0000,384.0000,291.0000,384.0000
299.0000,338.0000,313.0000,338.0000,313.0000,394.0000,299.0000,394.0000
309.0000,340.0000,323.0000,340.0000,323.0000,395.0000,309.0000,395.0000
306.0000,349.0000,320.0000,349.0000,320.0000,406.0000,306.0000,406.0000
313.0000,349.0000,327.0000,349.0000,327.0000,405.0000,313.0000,405.0000
324.0000,355.0000,338.0000,355.0000,338.0000,411.0000,324.0000,411.0000
328.0000,369.0000,342.0000,369.0000,342.0000,424.0000,328.0000,424.0000
342.0000,365.0000,356.0000,365.0000,356.0000,420.0000,342.0000,420.0000
347.0000,363.0000,360.0000,363.0000,360.0000,416.0000,347.0000,416.0000
345.0000,347.0000,359.0000,347.0000,359.0000,402.0000,345.0000,402.0000
351.0000,335.0000,365.0000,335.0000,365.0000,391.0000,351.0000,391.0000
374.0000,339.0000,387.0000,339.0000,387.0000,394.0000,374.0000,394.0000
403.0000,334.0000,417.0000,334.0000,417.0000,390.0000,403.0000,390.0000
403.0000,320.0000,417.0000,320.0000,417.0000,375.0000,403.0000,375.0000
394.0000,319.0000,408.0000,319.0000,408.0000,375.0000,394.0000,375.0000
401.0000,318.0000,415.0000,318.0000,415.0000,374.0000,401.0000,374.0000
416.0000,300.0000,429.0000,300.0000,429.0000,355.0000,416.0000,355.0000
419.0000,311.0000,433.0000,311.0000,433.0000,366.0000,419.0000,366.0000
437.0000,307.0000,451.0000,307.0000,451.0000,361.0000,437.0000,361.0000
467.0000,315.0000,481.0000,315.0000,481.0000,371.0000,467.0000,371.0000
475.0000,323.0000,489.0000,323.0000,489.0000,379.0000,475.0000,379.0000
482.0000,318.0000,496.0000,318.0000,496.0000,374.0000,482.0000,374.0000
483.0000,307.0000,497.0000,307.0000,497.0000,362.0000,483.0000,362.0000
487.0000,308.0000,501.0000,308.0000,501.0000,363.0000,487.0000,363.0000
497.0000,304.0000,511.0000,304.0000,511.0000,359.0000,497.0000,359.0000
518.0000,283.0000,532.0000,283.0000,532.0000,339.0000,518.0000,339.0000
534.0000,282.0000,548.0000,282.0000,548.0000,337.0000,534.0000,337.0000
549.0000,272.0000,563.0000,272.0000,563.0000,327.0000,549.0000,327.0000
565.0000,261.0000,579.0000,261.0000,579.0000,316.0000,565.0000,316.0000
573.0000,251.0000,588.0000,251.0000,588.0000,307.0000,573.0000,307.0000
583.0000,234.0000,597.0000,234.0000,597.0000,290.0000,583.0000,290.0000
589.0000,216.0000,603.0000,216.0000,603.0000,272.0000,589.0000,272.0000
596.0000,211.0000,610.0000,211.0000,610.0000,267.0000,596.0000,267.0000
608.0000,210.0000,622.0000,210.0000,622.0000,265.0000,608.0000,265.0000
614.0000,209.0000,628.0000,209.0000,628.0000,264.0000,614.0000,264.0000
605.0000,203.0000,619.0000,203.0000,619.0000,258.0000,605.0000,258.0000
585.0000,196.0000,599.0000,196.0000,599.0000,252.0000,585.0000,252.0000
580.0000,202.0000,594.0000,202.0000,594.0000,257.0000,580.0000,257.0000
571.0000,193.0000,585.0000,193.0000,585.0000,249.0000,571.0000,249.0000
2
0
0
0
0
1
459.0000,155.0000,474.0000,155.0000,474.0000,220.0000,459.0000,220.0000
473.0000,175.0000,490.0000,175.0000,490.0000,243.0000,473.0000,243.0000
494.0000,185.0000,510.0000,185.0000,510.0000,253.0000,494.0000,253.0000
494.0000,185.0000,510.0000,185.0000,510.0000,253.0000,494.0000,253.0000
500.0000,189.0000,516.0000,189.0000,516.0000,254.0000,500.0000,254.0000
500.0000,189.0000,516.0000,189.0000,516.0000,254.0000,500.0000,254.0000
515.0000,193.0000,530.0000,193.0000,530.0000,254.0000,515.0000,254.0000
2
