1.36
0.14231
0.077318
0.05924
0.089541
NaN
0.083783
NaN
0.052917
0.045905
0.045018
0.020099
0.019694
0.01934
0.019943
0.021047
0.045225
0.020551
0.02033
0.020171
0.020135
0.020833
0.044633
0.028981
0.021436
0.021206
0.020126
0.019889
0.045069
0.030547
0.021626
0.026104
0.042527
0.022725
0.051024
0.025203
0.02716
0.020381
0.0194
0.03223
0.043597
0.029385
0.019878
0.023731
0.022271
0.021431
0.050058
0.025234
0.034619
0.022709
0.020481
0.020469
0.044594
0.0193
0.018618
0.020985
0.025634
0.02085
0.046211
0.041018
0.031221
0.021002
0.023886
0.020363
0.042639
0.018737
0.019996
0.019971
0.019781
0.019462
0.043779
0.019671
0.031753
0.018954
0.020996
0.019446
0.042321
0.031715
0.020099
0.020708
0.020459
0.019379
0.050859
0.024855
0.021044
0.020135
0.020538
0.019218
0.041497
0.019295
0.020143
0.019589
0.020261
0.030862
0.040537
0.019169
0.020509
0.034448
0.019901
0.019549
0.045214
0.031758
0.019823
0.020219
0.018915
0.018944
0.042671
0.01916
0.019351
0.019032
0.018959
0.021435
0.047857
0.018984
0.019162
0.020831
0.020299
0.020622
0.044653
0.019386
0.019458
0.019241
0.01918
0.019874
0.041048
0.020328
0.018906
0.025168
0.019023
0.019097
0.04102
0.019752
0.01925
0.019873
0.01909
0.019502
0.041344
0.023393
0.020087
0.027304
0.019554
0.020185
0.041399
0.019404
0.021311
0.019705
0.019486
0.019712
0.046056
0.019635
0.019515
0.035023
0.022102
0.031575
0.04846
0.024544
0.019201
0.035198
0.018697
0.018582
0.041589
0.018959
0.026857
0.019335
0.040635
0.02559
0.043363
0.02943
0.020176
0.019252
0.020225
0.023029
0.041499
0.019516
0.020989
0.020992
0.019753
0.023336
0.051037
0.02195
0.020679
0.021614
0.020454
0.020336
0.04328
0.021862
0.021554
0.019593
0.019434
0.020862
0.041093
0.030825
0.020146
0.020782
0.019376
0.020448
0.040764
0.01974
0.019822
0.019592
0.024459
0.024664
0.041512
0.024285
0.021763
0.023324
0.02126
0.021503
0.050192
0.021157
0.021712
0.020949
0.022706
0.022363
0.048497
0.021912
0.021105
0.021406
0.021011
0.024057
0.043432
0.020346
0.019114
0.019464
0.019381
0.019321
0.042229
0.019438
0.019711
0.019867
0.019538
0.020864
0.045218
0.030455
0.019472
0.037975
0.019981
0.019521
0.040751
0.01899
0.019823
0.020723
0.019571
0.019613
0.041267
0.020092
0.020932
0.020686
0.02029
0.020149
0.041803
0.022564
0.020821
0.027826
0.020998
0.021314
0.045566
0.020545
0.019693
0.021214
0.021146
0.023427
0.044231
0.020245
0.020378
0.020362
0.02161
0.019889
0.041822
0.019887
0.020564
0.0221
0.020957
0.021553
0.042758
0.019973
0.019661
0.021204
0.02326
0.024003
0.042646
0.019982
0.020578
0.019539
0.019672
0.019743
0.042651
0.019823
0.020259
0.019869
0.019899
0.027591
0.040913
0.019537
0.021155
0.025935
0.019387
0.019928
0.051399
0.023308
0.02269
0.020506
0.0198
0.021022
0.041683
0.024798
0.019991
0.020204
0.030572
0.020843
0.052922
0.019955
0.02706
0.024345
0.024866
0.019405
0.041892
0.020958
0.021572
0.021793
0.021613
0.033099
0.042666
0.03122
0.020292
0.01976
0.022149
0.03326
0.048715
0.020644
0.021579
0.020737
0.020121
0.021824
0.043604
0.019988
0.025431
0.021156
0.024165
0.02432
0.043311
0.020433
0.019417
0.019511
0.019708
0.020691
0.046713
0.020149
0.021293
0.020962
0.020104
0.019648
0.04766
0.024921
0.020025
0.027602
0.019792
0.022442
0.043147
0.019891
0.023569
0.020323
0.021807
0.03287
0.050214
0.019078
0.027904
0.021124
0.02671
0.01966
0.053369
0.019734
0.021462
0.020746
0.032503
0.019917
0.042278
0.020998
0.021172
0.019939
0.019656
0.023912
0.043514
0.020995
0.021442
0.02045
0.019906
0.020105
0.046425
0.020117
0.0281
0.021308
0.026811
0.020125
0.041497
0.021279
0.020603
0.020163
0.020342
0.02082
0.042027
0.020643
0.020959
0.021547
0.020467
0.020207
0.044149
0.022156
0.020629
0.019951
0.019733
0.019956
0.042611
0.019951
0.020236
0.02055
0.020702
0.030087
0.043716
0.020697
0.019962
0.026459
0.021505
0.025799
0.055551
0.018218
0.019039
0.027466
0.018739
0.030297
0.040908
0.019209
0.020532
0.020383
0.020827
0.021969
0.043618
0.019251
0.019439
0.020554
0.020489
0.01942
0.040715
0.019383
0.0278
0.018776
0.020212
0.027612
0.047307
0.031389
0.023666
0.019872
0.020724
0.019623
0.04396
0.029253
0.018694
0.01958
0.019738
0.027009
0.049301
0.023847
0.03002
0.023118
0.021772
0.021552
0.048291
0.021558
0.022414
0.02208
0.021077
0.021648
0.049655
0.01885
0.019
0.023418
0.024242
0.02394
0.04185
0.019482
0.02454
0.018615
0.018612
0.018218
0.041754
0.017334
0.017708
0.016712
0.018352
0.019902
0.043747
0.024012
0.018064
0.018417
0.016794
0.017576
0.041653
0.019808
0.019402
0.01857
0.022381
0.02384
0.047663
0.022231
0.027899
0.024244
0.024431
0.019086
0.04451
0.023002
0.020545
0.026266
0.03524
0.023522
0.050375
0.024463
0.024968
0.018712
0.018783
0.033234
0.043785
0.018652
0.019127
0.018976
0.019396
0.019135
0.042576
0.018141
0.019085
0.019534
0.027849
0.036187
0.051492
0.020845
0.022819
0.021337
0.021489
0.021617
0.047826
0.021058
0.020739
0.020036
0.020425
0.034562
0.048485
0.020041
0.02012
0.02149
0.020063
0.01969
0.045973
0.023147
0.020111
0.019087
0.018958
0.019649
0.040945
0.027297
0.02223
0.024787
0.017879
0.019127
0.040114
0.018695
0.019041
0.019179
0.018952
0.019633
0.041909
0.029557
0.029725
0.01897
0.029325
0.020113
0.041422
0.019192
0.019753
0.01972
0.019472
0.019656
0.040933
0.028997
0.020244
0.025575
0.019617
0.019267
0.040525
0.018009
0.019075
0.019071
0.019427
0.019022
0.040405
0.029116
0.023592
0.023315
0.02341
0.02402
0.048226
0.017306
0.027343
0.017989
0.018961
0.019342
0.039021
0.029274
0.019264
0.018882
0.018271
0.018834
0.040185
0.028588
0.019602
0.019325
0.018907
0.019544
0.040563
0.019199
0.018288
0.018778
0.019093
0.019468
0.040712
0.019034
0.018983
0.01921
0.018879
0.019072
0.03995
0.018886
0.02655
0.02484
0.019641
0.018558
0.041626
0.017741
0.019548
0.018133
0.017639
0.018285
0.040044
0.02115
0.020322
0.020161
0.021407
0.020533
0.063562
0.019763
0.021947
0.026703
0.020462
0.034158
0.048432
0.020043
0.020152
0.019737
0.032006
0.020544
0.040114
0.021083
0.018929
