1.2084
0.14886
0.082547
0.076894
0.09362
0.082028
0.050034
0.049487
0.048531
0.022856
0.021771
0.034492
0.022098
0.022857
0.05246
0.024514
0.022981
0.024856
0.024156
0.022055
0.051517
0.022344
0.028586
0.025197
0.022439
0.022756
0.047081
0.030108
0.029584
0.026221
0.032194
0.033056
0.068913
0.022513
0.032587
0.036373
0.024559
0.023129
0.04719
0.02332
0.022286
0.021435
0.023096
0.027224
0.046012
0.026026
0.023014
0.023089
0.022277
0.023533
0.046482
0.020918
0.022389
0.03524
0.025211
0.02136
0.048404
0.021696
0.021191
0.022181
0.022214
0.021437
0.043692
0.02192
0.026366
0.021226
0.021651
0.021496
0.046297
0.022615
0.022715
0.022017
0.022406
0.021603
0.057591
0.021107
0.022454
0.020584
0.022312
0.021953
0.049206
0.02108
0.029007
0.035422
0.022932
0.02162
0.049358
0.022779
0.022952
0.022444
0.023149
0.022531
0.047595
0.022588
0.020954
0.022861
0.02314
0.025662
0.054491
0.025237
0.021947
0.022245
0.026769
0.02161
0.050694
0.021847
0.021319
0.021206
0.038261
0.022206
0.046759
0.020983
0.023573
0.020531
0.021942
0.022123
0.055909
0.02286
0.022345
0.022987
0.022489
0.023392
0.048403
0.031702
0.024391
0.023283
0.02327
0.02267
0.046107
0.029597
0.023542
0.022903
0.0232
0.023316
0.045438
0.022299
0.023788
0.036191
0.035231
0.022717
0.050729
0.024161
0.035844
0.026629
0.023066
0.021613
0.042809
0.023783
0.022963
0.02332
0.023274
0.036876
0.054223
0.023161
0.022504
0.022052
0.022672
0.021499
0.044909
0.022248
0.021155
0.021496
0.021369
0.022645
0.04669
0.034395
0.023145
0.022807
0.020993
0.021961
0.045425
0.023568
0.029038
0.023282
0.02333
0.023672
0.052787
0.023215
0.024607
0.023735
0.02416
0.024765
0.054367
0.026904
0.023913
0.025347
0.023619
0.021941
0.045812
0.021518
0.022173
0.022999
0.023097
0.021734
0.045303
0.021593
0.024393
0.021665
0.023754
0.023043
0.045022
0.03234
0.021548
0.022936
0.022627
0.023606
0.04911
0.021765
0.021387
0.021823
0.022532
0.021239
0.043735
0.021809
0.02309
0.023056
0.02318
0.023095
0.044171
0.023174
0.022966
0.021696
0.022807
0.022792
0.044521
0.021272
0.022112
0.038474
0.022509
0.023462
0.055032
0.023049
0.023638
0.026195
0.024862
0.022927
0.058084
0.027604
0.024115
0.02326
0.022245
0.024767
0.061457
0.036508
0.0238
0.02322
0.023919
0.024355
0.042771
0.019741
0.02164
0.036626
0.023868
0.024085
0.046368
0.022894
0.02054
0.031002
0.023678
0.023907
0.049892
0.023695
0.02094
0.020058
0.022115
0.022971
0.047692
0.020772
0.026366
0.02324
0.021644
0.024031
0.053085
0.02455
0.023804
0.026048
0.023588
0.024085
0.053628
0.023363
0.023354
0.023791
0.024082
0.023351
0.054456
0.031939
0.026523
0.024891
0.032776
0.023174
0.050688
0.021526
0.022316
0.022791
0.021412
0.021979
0.044994
0.021542
0.022258
0.021773
0.022036
0.022179
0.044893
0.037409
0.022938
0.020721
0.022522
0.021182
0.044657
0.022831
0.021132
0.021929
0.022331
0.021009
0.045427
0.02119
0.020522
0.023312
0.022985
0.023579
0.04386
0.022272
0.0223
0.022589
0.021507
0.022647
0.04453
0.023719
0.023795
0.023517
0.022873
0.02283
0.047357
0.020621
0.035562
0.023601
0.022504
0.022915
0.044058
0.032717
0.021961
0.022804
0.022061
0.020842
0.04391
0.021546
0.027688
0.020816
0.022861
0.021354
0.044038
0.022537
0.021646
0.02152
0.02939
0.023038
0.043373
0.022437
0.022676
0.022245
0.02313
0.022641
0.044985
0.022773
0.03029
