0.000165
0.30261
0.003851
0.003953
0.004365
0.004056
0.003762
0.004597
0.008138
0.006675
0.006731
0.005435
0.005662
0.005557
0.003861
0.003903
0.004018
0.003977
0.003825
0.004002
0.004085
0.00488
0.003867
0.003733
0.003942
0.004822
0.005121
0.008408
0.007253
0.004382
0.006603
0.007792
0.004917
0.007465
0.005324
0.006065
0.007071
0.00521
0.007479
0.003866
0.003656
0.003589
0.008215
0.005017
0.00533
0.008735
0.00708
0.00562
0.004452
0.00519
0.003863
0.003682
0.003894
0.0043
0.00575
0.003635
0.0041
0.003734
0.006509
0.003688
0.003599
0.003724
0.00358
0.003942
0.004039
0.003857
0.004026
0.003851
0.003676
0.003565
0.003818
0.00431
0.003698
0.003878
0.003832
0.003716
0.003727
0.003826
0.003963
0.00386
0.003581
0.003593
0.003624
0.00395
0.003948
0.004243
0.003789
0.003893
0.00368
0.003979
0.003707
0.004156
0.004207
0.003992
0.003817
0.003599
0.004273
0.003807
0.003605
0.003778
0.004798
0.003751
0.003592
0.003681
0.004388
0.003957
0.003796
0.0038
0.003995
0.003594
0.003803
0.003617
0.003486
0.003542
0.003469
0.003457
0.003811
0.003975
0.004504
0.004437
0.003856
0.004097
0.003893
0.003895
0.004899
0.004014
0.003556
0.003686
0.003536
0.003567
0.003768
0.003829
0.004229
0.004186
0.003818
0.004429
0.004098
0.003489
0.003579
0.003934
0.004284
0.00353
0.003516
0.003436
0.00365
0.003932
0.003655
0.00394
0.004599
0.004131
0.007599
0.00724
0.007752
0.006554
0.005569
0.005098
0.004261
0.00398
0.004712
0.006981
0.005941
0.005482
0.005389
0.004529
0.004311
0.003823
0.003303
0.003366
0.003496
0.003638
0.003529
0.003589
0.004647
0.004168
0.003563
0.003609
0.003611
0.003438
0.003354
0.003462
0.003725
0.003651
0.00344
0.00341
0.003577
0.003702
0.003878
0.003833
0.003979
0.003639
0.003622
0.003623
0.003662
0.003534
0.003566
0.003719
0.004154
0.003901
0.004419
0.003624
0.003651
0.003569
0.003594
0.003696
0.003927
0.00373
0.003556
0.00362
0.003752
0.003992
0.003819
0.00423
0.0038
0.00401
0.004387
0.007495
0.007686
0.007559
0.006696
0.006055
0.004943
0.003829
0.004012
0.004147
0.003943
0.004069
0.003732
0.00407
0.004025
0.003806
0.004261
0.007061
0.006242
0.006249
0.005808
0.004985
0.004828
0.004136
0.004427
0.004201
0.003894
0.003958
0.003694
0.003658
0.003742
0.004001
0.004665
0.007378
0.007596
0.005693
0.004863
0.004714
0.00412
0.004028
0.004381
0.00376
0.004129
0.007675
0.006291
0.006253
0.006738
0.005841
0.005421
0.004175
0.004359
0.003776
0.004441
0.003876
0.003764
0.003736
0.003998
0.004772
0.003997
0.004738
0.006092
0.005295
0.005697
0.007857
0.004724
0.003911
0.003929
0.003719
0.00366
0.003534
0.003643
0.003518
0.003736
0.00416
0.007194
0.006243
0.005883
0.004914
0.00476
0.004797
0.004083
0.003796
0.004218
0.003851
0.004406
0.004254
0.003882
0.004301
0.004662
0.004021
0.004413
0.003981
0.003959
0.005908
0.007111
0.005261
0.004764
0.005076
0.004045
0.003746
0.004135
0.00476
0.007412
0.00766
0.005608
0.004555
0.00481
0.004149
0.004005
0.00361
0.004397
0.004049
0.00357
0.003527
0.003534
0.003596
0.003436
0.003502
0.003818
0.004221
0.003936
0.003836
0.004065
0.003612
0.003653
0.003821
0.007382
0.006729
0.006872
0.006881
0.005819
0.007031
0.007253
0.005701
0.006395
0.004858
0.004937
0.003891
0.004456
0.005899
0.005023
0.004482
0.004846
0.004249
0.004097
0.004505
0.003823
0.004202
0.004887
0.004848
0.004527
0.003573
0.003846
0.004592
0.003921
0.004346
0.004762
0.00466
0.004236
0.004368
0.007602
0.008476
0.007379
0.005317
0.004502
0.00371
0.005409
0.005874
0.006157
0.006433
0.006925
0.006027
0.005934
0.004794
0.004733
0.00367
0.003941
0.00379
0.003892
0.004053
0.003859
0.003748
0.003749
0.003672
0.003569
0.00346
0.003524
0.003711
