1.2291
0.14632
0.083738
0.075361
NaN
0.096638
0.083367
NaN
0.054533
0.050932
0.048512
0.025952
0.024225
0.026129
0.02618
0.039327
0.062591
0.030146
0.038749
0.025329
0.026001
0.024912
0.047479
0.02631
0.02388
0.024607
0.024684
0.025568
0.04775
0.030468
0.026669
0.033498
0.036077
0.035587
0.060732
NaN
0.036193
0.029799
0.026355
0.025674
0.025117
0.048612
0.026044
0.026197
0.033305
0.0251
0.026289
0.047568
0.024963
0.026462
0.024072
0.02587
0.025129
0.054043
0.026518
0.033678
0.026014
0.024693
0.029082
0.047911
0.028538
0.026074
0.023913
0.025813
0.025299
0.04593
0.023671
0.025978
0.025614
0.025762
0.024525
0.048567
0.023908
0.026758
0.024689
0.023902
0.024338
0.046018
0.02842
0.024912
0.024464
0.024309
0.024731
0.047261
0.023415
0.034479
0.025537
0.026924
0.027332
0.052986
0.026666
0.026708
0.026124
0.026061
0.026037
0.053867
0.027674
0.026722
0.025108
0.028075
0.026391
0.05284
0.026121
0.026458
0.033541
0.023696
0.025195
0.043682
0.023262
0.023664
0.023714
0.024734
0.027627
0.046652
0.023625
0.023499
0.024767
0.026633
0.035186
0.048088
0.024208
0.023636
0.023562
0.037097
0.02378
0.049188
0.023987
0.023787
0.034413
0.022991
0.032257
0.046616
0.023978
0.030607
0.035225
0.022563
0.023665
0.044557
0.025311
0.025073
0.023904
0.024024
0.023999
0.051434
0.023812
0.024583
0.024119
0.024547
0.024091
0.044713
0.02349
0.023238
0.023986
0.025587
0.023548
0.051313
0.023595
0.024358
0.025434
0.023282
0.023909
0.048917
0.023941
0.032253
0.02366
0.024375
0.024977
0.047395
0.023868
0.023802
0.037741
0.024009
0.043875
0.046879
0.02452
0.025327
0.024036
0.023147
0.023616
0.055083
0.024181
0.035658
0.035977
0.022514
0.023851
0.045012
0.023046
0.023293
0.024059
0.023674
0.023889
0.046343
0.02621
0.029762
0.024785
0.024932
0.024057
0.059024
0.024068
0.023922
0.026004
0.023915
NaN
NaN
NaN
NaN
1.2202
0.14773
0.087772
0.071009
0.099844
NaN
0.080977
NaN
0.055798
0.052348
0.048706
0.022708
0.023035
0.023242
0.02331
0.02289
0.050474
0.022946
0.022806
0.02315
0.022341
0.022458
0.062097
0.033046
0.023927
0.022628
0.021926
0.028399
0.056894
NaN
0.026499
0.023012
0.024011
0.051438
0.032085
0.07783
0.027691
0.031895
0.025026
0.024906
0.02234
0.045607
0.029685
0.024139
0.0236
0.023022
0.023589
0.047162
0.023566
0.02496
0.030272
NaN
NaN
NaN
NaN
1.2308
0.15307
0.086568
0.082761
NaN
0.091448
0.077998
NaN
0.06241
0.049781
0.061281
NaN
0.023692
0.023756
0.023052
0.023924
0.027508
0.060283
0.025846
0.022467
0.023885
0.023181
0.036511
0.046775
0.026756
0.022538
0.043253
0.023471
0.030273
0.0502
0.034012
