0.000131
0.22652
0.006693
0.006019
0.00728
0.00689
0.00596
0.00652
0.006008
0.006038
0.006232
0.005959
0.00624
0.006059
0.00601
0.00659
0.006219
0.006195
0.00636
0.006389
0.006773
0.006389
0.005963
0.0063
0.00628
0.006267
0.006139
0.006149
0.006004
0.006233
0.006151
0.006251
0.006688
0.006375
0.006341
0.006054
0.006754
0.006152
0.006109
0.006059
0.006279
0.006169
0.006081
0.006514
0.006213
0.006073
0.006324
NaN
NaN
NaN
NaN
0.00016
0.23473
0.010299
0.007466
0.006553
0.006191
0.006261
0.006109
0.0061
0.006222
0.006127
0.006507
0.006229
0.00599
0.006209
0.006512
0.007807
0.006546
0.006983
0.006178
0.007321
0.006191
0.006534
0.006088
0.0062
0.006686
0.00626
0.006255
0.006059
0.005818
0.006013
0.005993
0.005936
0.005681
0.006381
0.006126
0.006643
0.005954
0.006439
0.006218
0.005819
0.006195
0.00605
0.006029
0.005911
0.006181
0.006064
0.005977
0.006303
0.006166
0.006085
0.00601
0.00609
0.005979
0.006384
0.006791
0.006211
0.006049
0.006058
0.006064
0.006047
0.006237
0.00598
0.00593
0.006386
0.006206
0.005905
0.006052
0.006017
0.005839
0.005962
0.005944
0.009626
0.013325
0.009378
0.007832
0.00617
0.006037
0.006118
0.006403
0.006081
0.006053
NaN
NaN
NaN
NaN
0.00016
0.22921
0.007214
0.006949
0.006657
0.006602
0.006752
0.006991
NaN
NaN
NaN
NaN
0.000176
0.24731
0.007371
0.007174
0.008005
0.006892
0.006708
0.006807
NaN
NaN
NaN
NaN
0.000151
0.23533
0.007504
0.007342
0.007087
0.007117
0.007216
0.007759
0.007401
0.00767
NaN
NaN
NaN
NaN
0.000157
0.24848
0.010037
0.008134
0.007942
0.00833
0.007507
0.007438
0.00754
0.007482
0.007428
0.00775
0.007644
0.007735
0.007476
0.007437
0.007653
0.007637
0.008108
0.008487
0.008042
0.008287
NaN
NaN
NaN
NaN
0.000227
0.2505
0.01891
0.015305
0.016761
0.015309
0.015759
0.0153
0.014489
0.015305
0.016279
0.015787
0.01586
0.015769
0.016277
0.015106
0.015009
0.014173
NaN
NaN
NaN
NaN
0.000165
0.2353
0.015702
0.014835
0.015124
0.014908
0.014974
0.015223
0.015706
0.015263
0.015564
0.015403
0.01497
0.016001
0.01805
0.016684
NaN
