0.000128
0.3119
0.003187
0.002041
0.002928
0.003986
0.002803
0.002595
0.00314
0.003031
0.011148
0.005777
0.004959
0.005814
0.003146
0.003285
0.003248
0.003948
0.00688
0.003802
0.003691
0.002706
0.003195
0.003201
0.004239
0.00521
0.004845
0.004894
0.00233
0.002906
0.002904
0.0024
0.00204
0.002516
0.002979
0.002378
0.003319
0.003142
0.003622
0.003699
0.004539
0.00355
0.003442
0.002655
0.0023
0.002619
0.002384
0.00336
0.003027
0.003086
0.00278
0.001901
0.002204
0.001863
0.001903
0.002096
0.002158
0.003366
0.003216
0.006394
0.003959
0.00383
NaN
NaN
NaN
NaN
0.000154
0.21534
0.004553
0.003037
0.003028
0.002623
0.002304
0.002569
0.002411
0.003289
0.003716
0.003643
0.003742
0.003648
0.003435
0.003494
0.002968
0.00248
0.002361
0.002392
0.002828
0.001937
0.002056
0.002273
0.00217
0.0027
0.002476
0.002175
0.001921
0.001859
0.002429
0.001929
0.001948
0.00226
0.002104
0.002128
0.0019
0.001839
0.002067
0.002384
0.001836
0.002134
0.001931
0.001884
0.001941
0.001897
0.002121
0.001942
0.001956
0.002118
0.002054
0.003423
0.002137
0.002689
0.003478
0.003501
0.003535
0.003498
0.002595
0.002703
0.002824
0.002594
0.003167
0.002908
0.002263
0.002316
0.002204
0.00218
0.002529
0.003506
0.002382
0.002653
0.002662
0.002454
0.002559
0.002342
0.002415
0.002571
0.002381
0.002338
0.002452
0.002385
0.00235
0.002759
0.002516
0.002359
0.002383
0.002547
0.002231
0.002251
0.002234
0.002586
0.002212
0.002518
0.002461
0.002396
0.002237
0.002137
0.002545
0.002151
0.002264
0.002603
0.003339
0.003543
0.003441
0.003534
0.003444
0.003259
0.002648
0.002649
0.002324
0.002436
0.002761
0.002377
0.002332
0.002315
0.002284
0.002181
0.002394
0.002423
0.002119
0.002154
0.002937
0.003623
0.003318
0.003329
0.003701
0.003527
0.003221
0.002816
0.00253
0.00256
0.002572
0.002809
0.002693
0.002665
0.002476
0.002544
0.003128
0.003199
0.003044
0.002602
0.002484
0.002581
0.002648
0.002363
0.002279
0.002371
0.002779
0.002218
0.002172
0.002281
0.003374
0.003288
0.003543
0.003452
0.003555
0.003172
0.003515
0.003696
0.003452
0.003574
0.003094
0.002527
0.00247
0.003093
0.002799
0.002317
NaN
NaN
NaN
NaN
0.000173
0.21543
0.002671
0.002541
0.002883
0.002548
0.002458
0.002485
0.00256
0.00249
0.002437
0.002727
0.002689
