1.0836
0.13521
0.077381
0.05628
0.082625
NaN
0.076634
0.044181
0.038584
0.047706
0.023973
0.018564
0.020725
0.017354
0.018534
0.040509
0.019358
0.018273
0.019292
0.018962
0.025571
0.04879
0.024099
0.017399
0.019898
0.017856
0.019542
0.045863
0.01832
0.035747
0.018525
0.034339
0.020981
0.048117
0.029527
0.028851
0.0183
0.020285
0.018528
0.046566
0.024015
0.023883
0.024716
0.022912
0.019117
0.039256
0.019337
0.019844
0.019422
0.017316
0.019761
0.038261
0.018793
0.029274
0.036058
0.019868
0.020479
0.053948
0.020727
0.022061
0.021854
0.020556
0.023513
0.043248
0.030979
0.020803
0.018853
0.019721
0.019472
0.042485
0.024003
0.019838
0.019559
0.019826
0.020045
0.039182
0.019263
0.031279
0.019438
0.018955
0.018854
0.036042
0.019116
0.020522
0.019282
0.019477
0.017659
0.03697
0.017491
0.017519
0.019231
0.01775
0.017487
0.055244
0.019086
0.019286
0.019222
0.027986
0.017727
0.043907
0.016753
0.016478
0.017021
0.032588
0.019016
0.042743
0.016963
0.01802
0.018657
0.018089
0.017471
0.04513
0.023711
0.018431
0.018485
0.019217
0.01928
0.043821
0.026202
0.020424
0.026567
0.019955
0.019508
0.05413
NaN
0.019952
0.031892
0.020398
0.028221
0.017455
0.03913
0.016757
0.017353
0.016804
0.019266
0.01937
0.048618
0.018688
0.027316
0.01806
0.016899
0.017113
0.03795
0.016954
0.01865
0.018798
0.019221
0.017819
0.037028
0.017607
0.018009
0.018073
0.017482
0.019353
0.043137
0.023736
