1.0102
0.14443
0.076813
0.062145
0.087745
0.075073
0.04381
0.05171
0.04171
0.024789
0.028598
0.023995
0.021263
0.020679
0.048559
0.021653
0.02436
0.022621
0.020977
0.021033
0.0383
0.020579
0.021169
0.020402
0.020765
0.020806
0.042822
0.022316
0.025937
0.021318
0.031335
0.025238
0.048672
0.045313
0.034773
0.043575
0.027489
0.023206
0.040032
0.035064
0.024211
0.025183
0.023937
0.020801
0.037672
0.025206
0.02046
0.022721
0.02063
0.021527
0.038111
0.022508
0.02105
0.030255
0.023064
0.020874
0.038784
0.023275
0.024492
0.022825
0.023598
0.023444
0.039669
0.023432
0.021601
0.021638
0.023458
0.021073
0.041977
0.021414
0.02186
0.020678
0.021866
0.021123
0.046124
0.028247
0.023195
0.023917
0.022924
0.026041
0.03751
0.020736
0.024009
0.021693
0.022522
0.022208
0.038697
0.022109
0.023601
0.021719
0.021714
0.022369
0.04153
0.021897
0.021186
0.021886
0.022517
0.023929
0.043876
0.023559
0.020463
0.026555
0.023743
0.043001
0.040142
0.051024
0.040623
0.022975
0.022292
0.021236
0.040043
0.025332
0.022681
0.02299
0.022325
0.031335
0.035817
0.020917
0.022333
0.020309
0.021769
0.020441
0.043241
0.023382
0.023759
0.020266
0.022387
0.020204
0.034876
0.019968
0.020019
0.020301
0.020396
0.020642
0.036362
0.022307
0.031212
0.020285
0.020887
0.021767
0.037926
0.02112
0.020432
0.020784
0.020857
0.020658
0.037593
0.039246
0.021385
0.020369
0.021196
0.026695
0.037457
0.02287
0.021548
0.021186
0.020545
0.021167
0.037749
0.021283
0.021695
0.020817
0.022029
0.020762
0.041121
0.023934
0.021682
0.021859
0.021342
0.021345
0.036165
0.021302
0.021515
0.030919
0.026408
0.021031
0.036316
0.02454
0.021473
0.022179
0.02078
0.021165
0.037308
0.0204
0.020923
0.021783
0.02123
0.054217
0.038048
0.029673
0.022623
0.022814
0.021616
0.021767
0.036308
0.021971
0.02043
0.025871
0.022247
0.021735
0.036513
0.021745
0.022058
0.021689
0.023525
0.022001
0.0399
0.022908
0.020922
0.020982
0.021824
0.020702
0.048125
0.02179
0.020449
0.020957
0.021319
0.021314
0.050658
0.020793
0.02196
0.021933
0.020214
0.020246
0.040136
0.021383
0.021586
0.029304
0.020962
0.022742
0.040835
0.021561
0.020611
0.020751
0.032912
0.019944
0.036588
0.020915
0.021466
0.022387
0.020281
0.02102
0.035072
0.029144
0.024352
0.022484
0.020926
0.021256
0.040629
0.020744
0.022632
0.031065
0.023096
0.022051
0.057924
0.02932
0.021646
0.023156
0.020009
0.033074
0.035542
0.024096
0.023129
0.020391
0.019617
0.019759
0.046902
0.021741
0.026753
0.020352
0.01997
0.020053
0.037736
0.021924
0.023276
0.020417
0.020633
0.021892
0.039618
0.020537
0.021654
0.020409
0.037767
0.020704
0.035967
0.022231
0.021325
0.021278
0.020769
0.020488
0.035894
0.020634
0.020857
0.020849
0.022018
0.022928
0.036671
0.020987
0.021146
0.035514
0.021086
0.021939
0.03509
0.02938
0.023535
0.022329
0.025408
0.021743
0.035295
0.020413
0.022449
0.020396
0.02098
0.025498
0.035116
0.019956
0.020334
0.020062
0.02108
0.021021
0.037989
0.01978
0.020038
0.019881
0.021363
0.020243
0.03826
0.022598
0.021645
0.021589
0.021389
0.022175
0.041511
0.036812
0.021832
0.022182
0.02848
0.033651
0.036899
0.023527
0.020919
0.021655
0.020645
0.021554
0.036485
0.022933
0.022891
0.020683
0.02079
0.021041
0.036404
0.020985
0.021823
0.020688
0.021796
