0.000183
0.22397
0.002597
0.001856
0.002061
0.002277
0.002157
0.002032
0.002089
0.002025
0.002027
0.002521
0.001964
0.001955
0.002529
0.002012
0.002038
0.002801
0.0033
0.003565
0.003481
0.003433
0.003379
0.003534
0.00374
0.003344
NaN
NaN
NaN
NaN
0.000144
0.21004
0.002846
0.002452
0.002079
0.00214
0.003215
0.003221
0.003189
NaN
NaN
NaN
NaN
3.3e-05
0.22968
0.00248
0.00249
0.002118
0.002158
0.002426
0.003635
0.002226
NaN
NaN
NaN
NaN
0.000102
0.209
0.00226
0.002603
0.002401
0.002288
0.002535
0.002485
0.002092
NaN
NaN
NaN
NaN
0.000103
0.21428
0.002118
0.002048
NaN
NaN
NaN
NaN
0.000166
0.22076
0.002121
0.002141
NaN
NaN
NaN
NaN
0.000225
0.22205
0.002716
0.002416
0.002316
0.002452
0.003305
0.002847
0.002971
0.003042
0.002201
0.002198
0.002892
0.002453
0.002215
0.002411
0.003048
0.002732
0.002295
0.002157
0.002678
0.002203
NaN
NaN
NaN
NaN
0.00022
0.23228
0.002333
0.002803
0.00219
0.002279
0.002317
0.002523
0.00206
0.002436
0.002649
0.002422
0.002859
0.002986
0.002385
0.00214
0.002119
0.002676
0.002098
0.002328
0.002571
0.003536
0.002454
0.002286
0.002201
0.002676
0.002156
0.002233
0.002406
0.002193
0.002312
0.002444
0.002107
0.00264
0.002297
0.002439
0.002951
0.002748
0.002435
0.002166
0.002861
0.003318
0.003631
0.003011
0.00219
0.002255
0.004074
0.002557
NaN
NaN
NaN
NaN
0.000373
0.25719
0.002571
0.004914
0.005939
0.006276
0.004285
0.003746
0.003202
0.003432
0.003102
0.00346
0.003884
0.003695
0.003009
0.003415
0.003215
0.004229
0.003076
0.003774
0.003406
0.003501
NaN
NaN
NaN
NaN
0.000141
0.21385
0.001807
0.002178
0.001875
0.001908
0.002316
0.001865
0.001985
0.001972
NaN
NaN
NaN
NaN
0.000302
0.23256
0.002512
0.002067
0.002038
0.002783
0.003559
0.003459
0.003562
0.003297
NaN
NaN
NaN
NaN
0.000168
0.21574
0.002293
0.003082
0.00252
0.002648
0.001988
0.002288
0.002476
0.002316
NaN
NaN
NaN
NaN
0.000293
0.24133
0.00194
0.002348
0.001988
0.001828
0.001815
0.001737
0.002644
0.003507
NaN
NaN
NaN
NaN
0.000207
0.21743
0.001796
0.001788
0.002279
0.001781
0.001819
0.001913
0.001833
0.002435
NaN
NaN
NaN
NaN
0.00018
0.28337
0.001996
0.003306
0.002966
0.002756
0.00413
0.002125
0.001792
0.002531
NaN
NaN
NaN
NaN
0.000143
0.22276
0.002922
0.002919
0.003675
0.003394
0.003394
0.00356
0.003348
0.003523
0.003369
0.003593
0.003736
0.003204
0.003375
0.003318
0.003462
0.003365
0.003309
0.00287
