0.000148
0.226
0.000811
0.000801
0.000839
0.000782
0.000763
0.000758
0.000815
0.000777
0.000762
0.000833
0.000868
0.000825
0.000765
0.000828
0.000795
0.000798
0.000821
0.000797
0.000815
0.000811
0.000802
0.000788
0.000773
0.000828
0.000812
0.000789
0.000798
0.000812
0.000795
0.000764
0.000833
0.000801
0.000825
0.000831
0.000842
0.000801
0.000825
0.000875
0.00083
0.000819
0.000744
0.00083
0.000824
0.000813
0.001794
0.00197
0.001708
0.001811
0.001754
0.001739
0.001696
0.001573
0.001648
0.001592
0.001653
0.001463
0.001414
0.001383
0.001431
0.00138
0.001463
0.001314
0.001324
0.001337
0.001315
0.001375
0.001182
0.001228
0.001163
0.001197
0.001223
0.001207
0.001198
0.001143
0.001177
0.001123
0.001161
0.001186
0.00117
0.001166
0.001139
0.001185
0.001217
0.001241
0.001164
0.001128
0.001131
0.00109
0.0012
0.001373
0.001168
0.001023
0.001017
0.001028
0.001098
0.001077
0.001018
0.001011
0.001014
0.000934
0.001016
0.000931
0.000953
0.001035
0.00095
0.000899
0.00109
0.00092
0.000946
0.000954
0.000898
0.000907
0.000854
0.000811
0.000777
0.000842
0.000924
0.000843
0.000823
0.000916
0.000843
0.000778
0.000834
0.00083
0.0008
0.000785
0.000833
0.000824
0.000787
0.00076
0.000872
0.000838
0.000815
0.000849
0.000877
0.000873
0.000855
0.000821
0.000819
0.000815
0.00088
0.000808
0.000851
0.000975
0.000864
0.000855
0.000853
0.000951
0.000866
0.000826
0.000895
0.000924
0.000865
0.000992
0.000949
0.00096
0.00094
0.000911
0.000885
0.000912
0.000912
0.000936
0.000919
0.00089
0.000804
0.000792
0.000881
0.000823
0.000838
0.000792
0.000822
0.00082
0.000832
0.000913
0.000816
0.000801
0.000871
0.000842
0.000803
0.000882
0.000874
0.000869
0.000843
0.000843
0.000799
0.000805
0.000798
0.000897
0.000885
0.000841
0.000955
0.000918
0.000886
0.001222
0.000853
0.000887
0.000947
0.000845
0.000833
0.000841
0.000871
0.00087
0.000887
0.000966
0.000835
0.00081
0.000842
0.000804
0.000771
0.000774
0.000837
0.000835
0.000794
0.000823
0.000809
0.000773
0.000813
0.00083
0.000775
0.000832
0.000839
0.000805
0.000803
