0.000123
0.21511
0.004315
0.003659
0.004618
0.003786
0.004316
0.003977
0.003759
0.0037
0.003647
0.003997
0.00405
0.004316
0.003887
0.00406
0.004107
0.003904
0.003841
0.004376
0.003944
0.003912
0.004004
0.003998
0.004172
0.003853
0.003705
0.003889
0.003702
0.003858
0.004104
0.003784
0.004683
0.004115
0.003742
0.003843
0.003924
0.003842
0.003973
0.004287
0.003725
0.004946
0.003932
0.004727
0.003928
0.00413
0.004646
0.004156
0.003844
0.00395
0.004199
0.003862
0.004147
0.004341
0.004045
0.003867
0.003928
0.004023
0.003897
0.004879
0.003997
0.003948
0.003912
0.003999
0.004895
0.00426
0.003991
0.004094
0.004036
0.004518
0.00404
0.004223
0.004145
0.003908
0.00448
0.00414
0.0041
0.004243
0.004117
0.005184
0.007913
0.007027
0.006556
0.005496
0.007665
0.007109
0.00608
0.005096
0.005146
0.004204
0.004443
0.004047
0.004176
0.003959
0.003875
0.004102
0.004183
0.004672
0.004187
0.004115
0.003871
0.004054
0.004451
0.004011
0.004065
0.0056
0.004215
0.003984
0.003793
0.004057
0.004321
0.004529
0.003929
0.003916
0.004245
0.00415
0.007979
0.007221
0.006608
0.005365
0.004635
0.00425
0.004071
0.004546
0.004119
0.004095
0.003904
0.003909
0.003775
0.004406
0.003849
0.004107
0.004073
0.004191
0.004688
0.00434
0.00427
0.004208
0.004742
0.004144
0.004201
0.004035
0.004227
0.004227
0.003895
0.004143
0.004416
0.00389
0.004788
0.004791
0.007896
0.006215
0.006587
0.005239
0.004099
0.0047
0.004387
0.004345
0.004414
0.004274
0.004275
0.004034
0.004215
0.003978
0.004539
0.004269
0.004469
0.004076
0.00447
0.004702
0.00449
0.003998
0.004211
0.003902
0.004481
0.003946
0.003943
0.003934
0.004523
0.004198
0.004321
0.003871
0.003676
0.004525
0.003931
0.003893
0.00491
0.003902
0.004062
0.003902
0.003841
0.003714
0.003597
0.003943
0.004788
0.007612
0.007215
0.005652
0.005343
0.004477
0.004425
0.004887
0.003939
0.004362
0.004168
0.004014
0.003879
0.003773
0.003745
0.003802
0.004181
0.003717
0.003687
0.003748
0.003959
0.003869
0.003684
0.003787
0.003776
0.004012
0.003673
0.003964
0.003964
0.003963
0.003858
0.003772
0.004222
0.00416
0.004256
0.003934
0.004
0.004094
0.004201
0.003748
0.003691
0.003718
0.003888
0.003966
0.003724
0.004104
0.004169
0.003795
0.003812
0.003678
0.003791
0.003919
0.003918
0.003746
0.003698
0.00386
0.004113
0.00373
0.003863
0.003596
0.003644
0.003674
0.003627
0.00371
0.003925
0.003741
0.004368
0.003751
0.003805
0.003779
0.003983
0.003861
0.003795
0.004492
0.004682
0.003883
0.004414
0.003981
0.003915
0.004084
0.004591
0.007504
0.007214
0.005772
0.005422
0.005235
0.004226
0.004231
0.004144
0.00401
0.004331
0.004411
0.004672
0.004096
0.003668
0.003859
0.004305
0.004228
0.00417
0.004353
0.004251
0.004384
0.003901
0.005247
0.007529
0.007045
0.006124
0.004825
0.004767
0.004222
0.004853
0.0039
0.003919
0.004278
0.003982
0.004645
0.004011
0.004127
0.004245
0.004428
0.004032
0.004115
0.004251
0.004833
0.004031
0.004624
0.005979
0.005225
0.004492
0.0043
0.004003
0.005133
0.003902
0.005053
0.004733
0.00428
0.004571
0.00438
0.004691
0.003905
0.003791
0.003828
0.003853
0.004849
0.003752
0.003923
0.004369
0.006046
0.005407
0.00464
0.00525
0.004018
0.004036
0.00441
0.003858
0.003885
0.004013
0.005129
0.006117
0.004598
0.004864
0.005234
0.005079
0.003881
0.004453
0.005307
0.004421
0.004693
0.004522
0.003741
0.003957
0.004041
0.004488
0.004959
0.005032
0.003927
0.004054
0.004135
0.003864
0.00436
0.004219
0.004201
0.003984
0.003894
0.004297
0.004996
0.004371
0.004468
0.00489
0.004481
0.004419
0.004533
0.006488
0.005948
0.004669
0.004814
0.004552
0.004981
0.007046
0.006005
0.004506
0.004566
0.005179
0.007058
0.004792
0.003921
0.003872
0.005092
0.004532
0.006604
0.005507
0.00498
0.007282
0.007611
0.007847
0.00726
0.005482
0.005441
0.004759
0.004378
0.004176
0.004277
0.004195
0.004016
0.006039
0.008614
0.007301
0.00565
0.004719
0.005721
0.005296
0.004173
0.003936
0.004568
0.004213
0.004366
0.004704
0.00385
0.004498
0.003719
0.003738
0.00367
0.004379
0.004105
0.00375
0.004063
0.003673
0.003794
0.003716
0.003777
0.003789
0.004753
0.004832
0.00382
0.003689
0.004176
0.003674
0.004248
0.004386
0.004083
0.003817
0.003773
0.003684
0.003852
0.004941
0.004168
0.003652
0.003749
0.00413
0.003831
0.003871
0.003752
0.004898
0.004168
0.004059
0.003905
0.004013
0.004184
0.003695
0.003902
0.003858
0.004054
0.00369
0.003625
0.003657
0.003834
0.004388
0.003726
0.003804
0.003688
0.004252
0.003823
0.003954
0.004227
0.004197
0.00402
0.004143
0.004189
0.004948
0.004173
0.003957
0.003822
0.004084
0.004077
0.003931
0.004125
0.003945
0.0045
0.004272
0.003894
0.004418
0.005294
0.004966
0.007585
0.007156
0.006739
0.005314
0.005298
0.004249
0.004605
0.005617
0.004406
0.00447
0.004538
0.004262
0.006135
0.004429
0.004306
0.005012
0.004611
0.004377
0.00406
0.004829
0.004264
0.00376
0.003745
0.004075
0.004257
0.003958
0.004083
0.003917
0.003891
0.004011
0.004395
0.003932
0.004526
0.004377
NaN
NaN
NaN
NaN
0.000168
0.43074
0.004829
0.004037
0.004024
0.004913
0.004392
0.003568
0.003897
0.007612
0.007161
0.005453
0.005045
0.004626
0.004566
0.004415
0.004472
0.009419
0.006919
0.005556
0.006073
0.007823
0.007762
0.005881
0.00557
0.004794
0.004931
0.004054
0.0039
0.003696
0.003795
0.0047
0.007349
0.007767
0.006112
0.005283
0.005079
0.004326
0.004108
0.003778
0.00365
0.003673
0.003901
0.003741
0.00418
0.003974
0.003874
0.003959
0.003899
0.003984
0.004027
0.004764
0.00742
0.007006
0.006829
0.005203
0.005136
0.00444
0.004434
0.003904
0.004307
0.004015
0.003818
0.003888
0.004057
0.004854
0.004153
0.003867
0.003636
0.003847
0.005292
0.007415
0.006722
0.006014
0.004677
0.004528
0.003987
0.004154
0.004055
0.004063
0.004282
0.00396
0.003617
0.003684
0.004044
0.004418
0.003872
0.003697
0.004614
0.004068
0.003923
0.004618
0.00497
0.0037
0.003624
0.003658
0.003656
0.003714
0.003717
0.004145
0.004115
0.003994
0.003879
0.003919
0.003873
0.003782
0.004399
0.00809
0.007377
0.005856
0.005562
0.004995
0.004731
0.004061
0.003847
0.003877
0.004016
0.004206
0.008188
0.008789
0.007684
0.0069
0.005954
0.005209
0.00415
0.004648
0.003897
0.003715
0.004418
0.007522
0.007757
0.005695
0.005276
0.004887
0.00417
0.00399
0.00405
0.003632
0.003636
0.004214
0.004012
0.003973
0.004513
0.007405
0.006622
0.005794
0.004586
0.004609
0.00418
0.004315
0.004281
0.003741
0.003733
0.004607
0.007656
0.006708
0.006149
0.004581
0.00451
0.004296
0.004626
0.003919
0.003712
0.003646
0.004309
0.003933
0.004165
0.00413
0.003868
0.00394
0.00449
0.004426
0.003823
0.003819
0.003991
0.004465
0.003941
0.003932
0.004253
0.003702
0.003627
0.004133
0.003931
0.003943
0.003974
0.004214
0.004255
0.003769
0.004147
0.003899
0.003918
0.003898
0.004775
0.004243
0.004855
0.003902
0.004373
