1
1103.0000,617.0000,1143.0000,617.0000,1143.0000,664.0000,1103.0000,664.0000
1104.0000,594.0000,1143.0000,594.0000,1143.0000,639.0000,1104.0000,639.0000
2
0
0
0
0
1
917.0000,618.0000,972.0000,618.0000,972.0000,679.0000,917.0000,679.0000
906.0000,612.0000,965.0000,612.0000,965.0000,676.0000,906.0000,676.0000
880.0000,602.0000,940.0000,602.0000,940.0000,666.0000,880.0000,666.0000
864.0000,587.0000,921.0000,587.0000,921.0000,650.0000,864.0000,650.0000
858.0000,591.0000,914.0000,591.0000,914.0000,652.0000,858.0000,652.0000
840.0000,569.0000,896.0000,569.0000,896.0000,630.0000,840.0000,630.0000
844.0000,571.0000,900.0000,571.0000,900.0000,633.0000,844.0000,633.0000
833.0000,566.0000,889.0000,566.0000,889.0000,627.0000,833.0000,627.0000
817.0000,562.0000,873.0000,562.0000,873.0000,623.0000,817.0000,623.0000
791.0000,574.0000,849.0000,574.0000,849.0000,638.0000,791.0000,638.0000
790.0000,575.0000,848.0000,575.0000,848.0000,638.0000,790.0000,638.0000
798.0000,563.0000,856.0000,563.0000,856.0000,626.0000,798.0000,626.0000
799.0000,560.0000,856.0000,560.0000,856.0000,622.0000,799.0000,622.0000
799.0000,558.0000,855.0000,558.0000,855.0000,619.0000,799.0000,619.0000
800.0000,559.0000,855.0000,559.0000,855.0000,619.0000,800.0000,619.0000
782.0000,566.0000,838.0000,566.0000,838.0000,627.0000,782.0000,627.0000
787.0000,548.0000,843.0000,548.0000,843.0000,609.0000,787.0000,609.0000
792.0000,531.0000,847.0000,531.0000,847.0000,591.0000,792.0000,591.0000
800.0000,532.0000,854.0000,532.0000,854.0000,590.0000,800.0000,590.0000
791.0000,547.0000,846.0000,547.0000,846.0000,606.0000,791.0000,606.0000
798.0000,529.0000,854.0000,529.0000,854.0000,590.0000,798.0000,590.0000
802.0000,523.0000,858.0000,523.0000,858.0000,584.0000,802.0000,584.0000
801.0000,513.0000,858.0000,513.0000,858.0000,575.0000,801.0000,575.0000
799.0000,503.0000,854.0000,503.0000,854.0000,563.0000,799.0000,563.0000
791.0000,501.0000,849.0000,501.0000,849.0000,564.0000,791.0000,564.0000
784.0000,497.0000,842.0000,497.0000,842.0000,561.0000,784.0000,561.0000
772.0000,497.0000,831.0000,497.0000,831.0000,562.0000,772.0000,562.0000
743.0000,478.0000,801.0000,478.0000,801.0000,542.0000,743.0000,542.0000
730.0000,478.0000,788.0000,478.0000,788.0000,542.0000,730.0000,542.0000
760.0000,472.0000,819.0000,472.0000,819.0000,536.0000,760.0000,536.0000
732.0000,493.0000,791.0000,493.0000,791.0000,557.0000,732.0000,557.0000
2
0
0
0
0
1
607.0000,466.0000,643.0000,466.0000,643.0000,481.0000,607.0000,481.0000
583.0000,462.0000,619.0000,462.0000,619.0000,478.0000,583.0000,478.0000
557.0000,459.0000,594.0000,459.0000,594.0000,475.0000,557.0000,475.0000
530.0000,456.0000,567.0000,456.0000,567.0000,471.0000,530.0000,471.0000
502.0000,453.0000,537.0000,453.0000,537.0000,468.0000,502.0000,468.0000
468.0000,452.0000,503.0000,452.0000,503.0000,468.0000,468.0000,468.0000
438.0000,449.0000,473.0000,449.0000,473.0000,464.0000,438.0000,464.0000
405.0000,448.0000,440.0000,448.0000,440.0000,463.0000,405.0000,463.0000
369.0000,447.0000,405.0000,447.0000,405.0000,462.0000,369.0000,462.0000
333.0000,446.0000,368.0000,446.0000,368.0000,462.0000,333.0000,462.0000
292.0000,445.0000,328.0000,445.0000,328.0000,461.0000,292.0000,461.0000
249.0000,446.0000,285.0000,446.0000,285.0000,461.0000,249.0000,461.0000
208.0000,448.0000,242.0000,448.0000,242.0000,463.0000,208.0000,463.0000
167.0000,448.0000,201.0000,448.0000,201.0000,463.0000,167.0000,463.0000
2
0
0
