0.000134,0.000145,0.000125,0,0,0,0,0,0,0,0,0,0,0,0
0.21496,0.22013,0.22846,0,0,0,0,0,0,0,0,0,0,0,0
0.003658,0.003437,0.003707,0,0,0,0,0,0,0,0,0,0,0,0
0.003206,0.003396,0.003091,0,0,0,0,0,0,0,0,0,0,0,0
0.00322,0.003196,0.003627,0,0,0,0,0,0,0,0,0,0,0,0
0.003462,0.003163,0.003263,0,0,0,0,0,0,0,0,0,0,0,0
0.003565,0.003261,0.003453,0,0,0,0,0,0,0,0,0,0,0,0
0.003549,0.003335,0.003297,0,0,0,0,0,0,0,0,0,0,0,0
0.003297,0.003458,0.003488,0,0,0,0,0,0,0,0,0,0,0,0
0.003291,0.003286,0.003609,0,0,0,0,0,0,0,0,0,0,0,0
0.003555,0.004232,0.004274,0,0,0,0,0,0,0,0,0,0,0,0
0.003567,0.006218,0.003427,0,0,0,0,0,0,0,0,0,0,0,0
0.003604,0.007577,0.003363,0,0,0,0,0,0,0,0,0,0,0,0
0.003359,0.00554,0.003374,0,0,0,0,0,0,0,0,0,0,0,0
0.003369,0.005629,0.004364,0,0,0,0,0,0,0,0,0,0,0,0
0.003383,0.004624,0.004358,0,0,0,0,0,0,0,0,0,0,0,0
0.004449,0.004237,0.003657,0,0,0,0,0,0,0,0,0,0,0,0
0.003527,0.004185,0.003754,0,0,0,0,0,0,0,0,0,0,0,0
0.003465,0.004418,0.003377,0,0,0,0,0,0,0,0,0,0,0,0
0.003262,0.003381,0.003473,0,0,0,0,0,0,0,0,0,0,0,0
0.003636,0.003495,0.003486,0,0,0,0,0,0,0,0,0,0,0,0
0.003508,0.003423,0.003301,0,0,0,0,0,0,0,0,0,0,0,0
0.004155,0.003519,0.003522,0,0,0,0,0,0,0,0,0,0,0,0
0.007068,0.003554,0.00338,0,0,0,0,0,0,0,0,0,0,0,0
0.005736,0.003223,0.003421,0,0,0,0,0,0,0,0,0,0,0,0
0.006424,0.003411,0.003156,0,0,0,0,0,0,0,0,0,0,0,0
0.00623,0.003479,0.003171,0,0,0,0,0,0,0,0,0,0,0,0
0.004928,0.003344,0.003252,0,0,0,0,0,0,0,0,0,0,0,0
0.006004,0.003416,0.003508,0,0,0,0,0,0,0,0,0,0,0,0
0.006953,0.003455,0.003294,0,0,0,0,0,0,0,0,0,0,0,0
0.005376,0.003344,0.003176,0,0,0,0,0,0,0,0,0,0,0,0
0.005035,0.003585,0.004437,0,0,0,0,0,0,0,0,0,0,0,0
0.004244,0.003476,0.0035,0,0,0,0,0,0,0,0,0,0,0,0
0.004128,0.003332,0.003514,0,0,0,0,0,0,0,0,0,0,0,0
0.0036,0.003425,0.003575,0,0,0,0,0,0,0,0,0,0,0,0
0.003564,0.003438,0.003594,0,0,0,0,0,0,0,0,0,0,0,0
0.003442,0.003618,0.003457,0,0,0,0,0,0,0,0,0,0,0,0
0.003347,0.003407,0.003286,0,0,0,0,0,0,0,0,0,0,0,0
0.003348,0.003495,0.003227,0,0,0,0,0,0,0,0,0,0,0,0
0.003753,0.003511,0.003335,0,0,0,0,0,0,0,0,0,0,0,0
0.003432,0.003187,0.004117,0,0,0,0,0,0,0,0,0,0,0,0
0.003385,0.003867,0.003484,0,0,0,0,0,0,0,0,0,0,0,0
NaN,NaN,NaN,0,0,0,0,0,0,0,0,0,0,0,0
NaN,NaN,NaN,0,0,0,0,0,0,0,0,0,0,0,0
NaN,NaN,NaN,0,0,0,0,0,0,0,0,0,0,0,0
NaN,NaN,NaN,0,0,0,0,0,0,0,0,0,0,0,0
0.00018,0.000154,0.000173,0,0,0,0,0,0,0,0,0,0,0,0
0.26115,0.23068,0.22365,0,0,0,0,0,0,0,0,0,0,0,0
0.004365,0.003469,0.00355,0,0,0,0,0,0,0,0,0,0,0,0
0.004147,0.00319,0.003396,0,0,0,0,0,0,0,0,0,0,0,0
0.003765,0.003163,0.003254,0,0,0,0,0,0,0,0,0,0,0,0
0.003607,0.003108,0.003494,0,0,0,0,0,0,0,0,0,0,0,0
0.003665,0.003179,0.003742,0,0,0,0,0,0,0,0,0,0,0,0
0.003729,0.003488,0.003744,0,0,0,0,0,0,0,0,0,0,0,0
0.003913,0.003511,0.003435,0,0,0,0,0,0,0,0,0,0,0,0
0.003699,0.003357,0.004076,0,0,0,0,0,0,0,0,0,0,0,0
0.00417,0.003442,0.004695,0,0,0,0,0,0,0,0,0,0,0,0
0.003676,0.003401,0.003807,0,0,0,0,0,0,0,0,0,0,0,0
0.003449,0.003529,0.003757,0,0,0,0,0,0,0,0,0,0,0,0
0.004756,0.003354,0.003991,0,0,0,0,0,0,0,0,0,0,0,0
0.004408,0.003623,0.003772,0,0,0,0,0,0,0,0,0,0,0,0
0.005897,0.003347,0.004363,0,0,0,0,0,0,0,0,0,0,0,0
0.00368,0.003338,0.0036,0,0,0,0,0,0,0,0,0,0,0,0
0.003325,0.003533,0.003619,0,0,0,0,0,0,0,0,0,0,0,0
0.004105,0.003525,0.004907,0,0,0,0,0,0,0,0,0,0,0,0
0.002942,0.003149,0.003344,0,0,0,0,0,0,0,0,0,0,0,0
0.00315,0.003626,0.003366,0,0,0,0,0,0,0,0,0,0,0,0
0.003527,0.003284,0.003645,0,0,0,0,0,0,0,0,0,0,0,0
0.004889,0.003602,0.003542,0,0,0,0,0,0,0,0,0,0,0,0
0.008172,0.003315,0.003897,0,0,0,0,0,0,0,0,0,0,0,0
0.005554,0.003581,0.003828,0,0,0,0,0,0,0,0,0,0,0,0
0.005555,0.003544,0.003401,0,0,0,0,0,0,0,0,0,0,0,0
0.004378,0.003485,0.003388,0,0,0,0,0,0,0,0,0,0,0,0
0.004721,0.003461,0.003393,0,0,0,0,0,0,0,0,0,0,0,0
0.005032,0.003152,0.003407,0,0,0,0,0,0,0,0,0,0,0,0
0.006284,0.003379,0.003825,0,0,0,0,0,0,0,0,0,0,0,0
0.00636,0.003365,0.004071,0,0,0,0,0,0,0,0,0,0,0,0
0.005221,0.003552,0.00383,0,0,0,0,0,0,0,0,0,0,0,0
0.004934,0.003307,0.003932,0,0,0,0,0,0,0,0,0,0,0,0
0.004601,0.00371,0.003436,0,0,0,0,0,0,0,0,0,0,0,0
0.004173,0.0033,0.00348,0,0,0,0,0,0,0,0,0,0,0,0
0.00371,0.003309,0.0036,0,0,0,0,0,0,0,0,0,0,0,0
0.003689,0.003406,0.003581,0,0,0,0,0,0,0,0,0,0,0,0
0.003416,0.003374,0.00478,0,0,0,0,0,0,0,0,0,0,0,0
0.003199,0.003424,0.003843,0,0,0,0,0,0,0,0,0,0,0,0
0.003579,0.003332,0.004819,0,0,0,0,0,0,0,0,0,0,0,0
0.003253,0.004394,0.013574,0,0,0,0,0,0,0,0,0,0,0,0
0.003444,0.005833,0.003152,0,0,0,0,0,0,0,0,0,0,0,0
0.004111,0.005717,0.003274,0,0,0,0,0,0,0,0,0,0,0,0
0.003688,0.005821,0.003344,0,0,0,0,0,0,0,0,0,0,0,0
0.002934,0.005755,0.003573,0,0,0,0,0,0,0,0,0,0,0,0
0.003001,0.005589,0.003708,0,0,0,0,0,0,0,0,0,0,0,0
0.003137,0.005855,0.003743,0,0,0,0,0,0,0,0,0,0,0,0
0.003545,0.004664,0.004044,0,0,0,0,0,0,0,0,0,0,0,0
0.003351,0.004318,0.003167,0,0,0,0,0,0,0,0,0,0,0,0
0.00391,0.003922,0.003405,0,0,0,0,0,0,0,0,0,0,0,0
0.003543,0.004007,0.003404,0,0,0,0,0,0,0,0,0,0,0,0
0.003151,0.003478,0.003184,0,0,0,0,0,0,0,0,0,0,0,0
0.003387,0.003562,0.003694,0,0,0,0,0,0,0,0,0,0,0,0
0.004007,0.003224,0.003626,0,0,0,0,0,0,0,0,0,0,0,0
0.006267,0.003067,0.003589,0,0,0,0,0,0,0,0,0,0,0,0
0.006433,0.003272,0.003417,0,0,0,0,0,0,0,0,0,0,0,0
0.006892,0.00324,0.003734,0,0,0,0,0,0,0,0,0,0,0,0
0.004298,0.003207,0.00383,0,0,0,0,0,0,0,0,0,0,0,0
0.004476,0.003222,0.004423,0,0,0,0,0,0,0,0,0,0,0,0
0.003767,0.003129,0.003874,0,0,0,0,0,0,0,0,0,0,0,0
0.003513,0.003136,0.003645,0,0,0,0,0,0,0,0,0,0,0,0
0.003957,0.00337,0.003597,0,0,0,0,0,0,0,0,0,0,0,0
0.003446,0.003397,0.003976,0,0,0,0,0,0,0,0,0,0,0,0
0.00552,0.004219,0.00463,0,0,0,0,0,0,0,0,0,0,0,0
0.003312,0.006252,0.004009,0,0,0,0,0,0,0,0,0,0,0,0
0.003323,0.005696,0.003922,0,0,0,0,0,0,0,0,0,0,0,0
0.003148,0.006099,0.003756,0,0,0,0,0,0,0,0,0,0,0,0
0.003195,0.004426,0.004243,0,0,0,0,0,0,0,0,0,0,0,0
0.003262,0.004353,0.006049,0,0,0,0,0,0,0,0,0,0,0,0
0.003631,0.00364,0.004407,0,0,0,0,0,0,0,0,0,0,0,0
0.003708,0.003825,0.003815,0,0,0,0,0,0,0,0,0,0,0,0
0.005183,0.003562,0.00364,0,0,0,0,0,0,0,0,0,0,0,0
0.003166,0.003314,0.00332,0,0,0,0,0,0,0,0,0,0,0,0
0.004476,0.003922,0.003696,0,0,0,0,0,0,0,0,0,0,0,0
0.003227,0.006619,0.003773,0,0,0,0,0,0,0,0,0,0,0,0
0.0032,0.005655,0.004267,0,0,0,0,0,0,0,0,0,0,0,0
0.003754,0.005317,0.004274,0,0,0,0,0,0,0,0,0,0,0,0
0.006894,0.004587,0.003535,0,0,0,0,0,0,0,0,0,0,0,0
0.006333,0.004483,0.003608,0,0,0,0,0,0,0,0,0,0,0,0
0.005603,0.004705,0.003526,0,0,0,0,0,0,0,0,0,0,0,0
0.005238,0.006207,0.003312,0,0,0,0,0,0,0,0,0,0,0,0
0.00493,0.006897,0.003543,0,0,0,0,0,0,0,0,0,0,0,0
0.006083,0.005341,0.003763,0,0,0,0,0,0,0,0,0,0,0,0
0.006321,0.005111,0.006249,0,0,0,0,0,0,0,0,0,0,0,0
0.005971,0.004218,0.004472,0,0,0,0,0,0,0,0,0,0,0,0
0.006938,0.00419,0.004191,0,0,0,0,0,0,0,0,0,0,0,0
0.008635,0.003618,0.004252,0,0,0,0,0,0,0,0,0,0,0,0
0.005566,0.003652,0.004554,0,0,0,0,0,0,0,0,0,0,0,0
0.004731,0.003533,0.003238,0,0,0,0,0,0,0,0,0,0,0,0
0.004497,0.003428,0.003637,0,0,0,0,0,0,0,0,0,0,0,0
0.005212,0.003439,0.00348,0,0,0,0,0,0,0,0,0,0,0,0
0.003812,0.003201,0.003612,0,0,0,0,0,0,0,0,0,0,0,0
0.003685,0.003272,0.003458,0,0,0,0,0,0,0,0,0,0,0,0
0.003484,0.003154,0.003705,0,0,0,0,0,0,0,0,0,0,0,0
0.004165,0.003195,0.003763,0,0,0,0,0,0,0,0,0,0,0,0
0.004201,0.003386,0.003482,0,0,0,0,0,0,0,0,0,0,0,0
0.00348,0.003319,0.003414,0,0,0,0,0,0,0,0,0,0,0,0
0.003447,0.003349,0.003368,0,0,0,0,0,0,0,0,0,0,0,0
0.003511,0.003312,0.003433,0,0,0,0,0,0,0,0,0,0,0,0
0.003449,0.00315,0.003392,0,0,0,0,0,0,0,0,0,0,0,0
0.003264,0.003316,0.003539,0,0,0,0,0,0,0,0,0,0,0,0
0.003322,0.003344,0.004045,0,0,0,0,0,0,0,0,0,0,0,0
0.004252,0.003197,0.003419,0,0,0,0,0,0,0,0,0,0,0,0
0.004177,0.00322,0.003291,0,0,0,0,0,0,0,0,0,0,0,0
0.003751,0.00337,0.003242,0,0,0,0,0,0,0,0,0,0,0,0
0.003672,0.003412,0.003178,0,0,0,0,0,0,0,0,0,0,0,0
0.003475,0.003467,0.003367,0,0,0,0,0,0,0,0,0,0,0,0
0.003311,0.003352,0.003815,0,0,0,0,0,0,0,0,0,0,0,0
0.003758,0.003516,0.003618,0,0,0,0,0,0,0,0,0,0,0,0
0.003294,0.003444,0.003255,0,0,0,0,0,0,0,0,0,0,0,0
0.003596,0.003544,0.003219,0,0,0,0,0,0,0,0,0,0,0,0
0.003567,0.003373,0.003268,0,0,0,0,0,0,0,0,0,0,0,0
0.003595,0.003546,0.003327,0,0,0,0,0,0,0,0,0,0,0,0
0.003367,0.004062,0.003212,0,0,0,0,0,0,0,0,0,0,0,0
0.003197,0.006348,0.003322,0,0,0,0,0,0,0,0,0,0,0,0
0.00384,0.005836,0.003348,0,0,0,0,0,0,0,0,0,0,0,0
0.006437,0.005759,0.004253,0,0,0,0,0,0,0,0,0,0,0,0
0.007339,0.004842,0.003654,0,0,0,0,0,0,0,0,0,0,0,0
0.006922,0.004811,0.003441,0,0,0,0,0,0,0,0,0,0,0,0
0.005411,0.004348,0.00329,0,0,0,0,0,0,0,0,0,0,0,0
0.005299,0.003834,0.003448,0,0,0,0,0,0,0,0,0,0,0,0
0.004917,0.003643,0.003256,0,0,0,0,0,0,0,0,0,0,0,0
0.004353,0.003318,0.003997,0,0,0,0,0,0,0,0,0,0,0,0
0.003727,0.003354,0.003415,0,0,0,0,0,0,0,0,0,0,0,0
0.00381,0.003346,0.00602,0,0,0,0,0,0,0,0,0,0,0,0
0.003468,0.003467,0.0069,0,0,0,0,0,0,0,0,0,0,0,0
0.003307,0.003579,0.009746,0,0,0,0,0,0,0,0,0,0,0,0
0.003229,0.003388,0.006316,0,0,0,0,0,0,0,0,0,0,0,0
0.003173,0.003457,0.004896,0,0,0,0,0,0,0,0,0,0,0,0
0.003217,0.003677,0.005049,0,0,0,0,0,0,0,0,0,0,0,0
0.003238,0.003736,0.004302,0,0,0,0,0,0,0,0,0,0,0,0
0.003592,0.00357,0.006206,0,0,0,0,0,0,0,0,0,0,0,0
0.003349,0.003433,0.004688,0,0,0,0,0,0,0,0,0,0,0,0
0.003278,0.003629,0.003727,0,0,0,0,0,0,0,0,0,0,0,0
0.003313,0.00328,0.003586,0,0,0,0,0,0,0,0,0,0,0,0
0.00325,0.003469,0.003352,0,0,0,0,0,0,0,0,0,0,0,0
0.003154,0.003368,0.004276,0,0,0,0,0,0,0,0,0,0,0,0
0.003367,0.003349,0.00341,0,0,0,0,0,0,0,0,0,0,0,0
0.003603,0.003324,0.00561,0,0,0,0,0,0,0,0,0,0,0,0
0.003391,0.003513,0.011932,0,0,0,0,0,0,0,0,0,0,0,0
0.003484,0.003592,0.005903,0,0,0,0,0,0,0,0,0,0,0,0
0.006506,0.003439,0.007281,0,0,0,0,0,0,0,0,0,0,0,0
0.005937,0.003333,0.005979,0,0,0,0,0,0,0,0,0,0,0,0
0.005843,0.00358,0.004821,0,0,0,0,0,0,0,0,0,0,0,0
0.004399,0.003384,0.004425,0,0,0,0,0,0,0,0,0,0,0,0
0.004509,0.003359,0.003953,0,0,0,0,0,0,0,0,0,0,0,0
0.006643,0.003277,0.003907,0,0,0,0,0,0,0,0,0,0,0,0
0.006323,0.004073,0.003606,0,0,0,0,0,0,0,0,0,0,0,0
0.005565,0.003647,0.003604,0,0,0,0,0,0,0,0,0,0,0,0
0.004866,0.003494,0.004689,0,0,0,0,0,0,0,0,0,0,0,0
0.004405,0.003571,0.006691,0,0,0,0,0,0,0,0,0,0,0,0
0.003803,0.003557,0.006299,0,0,0,0,0,0,0,0,0,0,0,0
0.004447,0.003538,0.005526,0,0,0,0,0,0,0,0,0,0,0,0
0.006295,0.003352,0.005372,0,0,0,0,0,0,0,0,0,0,0,0
0.006501,0.003314,0.004644,0,0,0,0,0,0,0,0,0,0,0,0
0.005331,0.00348,0.00431,0,0,0,0,0,0,0,0,0,0,0,0
0.006564,0.003674,0.004487,0,0,0,0,0,0,0,0,0,0,0,0
0.006724,0.003496,0.004093,0,0,0,0,0,0,0,0,0,0,0,0
0.006466,0.00345,0.003964,0,0,0,0,0,0,0,0,0,0,0,0
0.005115,0.003535,0.003595,0,0,0,0,0,0,0,0,0,0,0,0
0.004793,0.003628,0.003554,0,0,0,0,0,0,0,0,0,0,0,0
0.004334,0.003377,0.006731,0,0,0,0,0,0,0,0,0,0,0,0
0.003934,0.003461,0.006266,0,0,0,0,0,0,0,0,0,0,0,0
0.004246,0.003512,0.005927,0,0,0,0,0,0,0,0,0,0,0,0
0.006354,0.003552,0.005871,0,0,0,0,0,0,0,0,0,0,0,0
0.006158,0.003874,0.008051,0,0,0,0,0,0,0,0,0,0,0,0
0.005057,0.003404,0.005587,0,0,0,0,0,0,0,0,0,0,0,0
0.004883,0.003403,0.005792,0,0,0,0,0,0,0,0,0,0,0,0
0.004761,0.003369,0.005815,0,0,0,0,0,0,0,0,0,0,0,0
0.006191,0.004417,0.006656,0,0,0,0,0,0,0,0,0,0,0,0
0.006059,0.003453,0.006532,0,0,0,0,0,0,0,0,0,0,0,0
0.005412,0.004313,0.005223,0,0,0,0,0,0,0,0,0,0,0,0
0.005057,0.00396,0.00526,0,0,0,0,0,0,0,0,0,0,0,0
0.0042,0.003725,0.004508,0,0,0,0,0,0,0,0,0,0,0,0
0.004299,0.003672,0.00428,0,0,0,0,0,0,0,0,0,0,0,0
0.004602,0.003933,0.004133,0,0,0,0,0,0,0,0,0,0,0,0
0.006379,0.003513,0.003346,0,0,0,0,0,0,0,0,0,0,0,0
0.006259,0.003758,0.003382,0,0,0,0,0,0,0,0,0,0,0,0
0.005103,0.003507,0.003392,0,0,0,0,0,0,0,0,0,0,0,0
0.005306,0.003209,0.003472,0,0,0,0,0,0,0,0,0,0,0,0
0.00421,0.003833,0.003342,0,0,0,0,0,0,0,0,0,0,0,0
0.004167,0.003713,0.003262,0,0,0,0,0,0,0,0,0,0,0,0
0.003764,0.003697,0.00331,0,0,0,0,0,0,0,0,0,0,0,0
0.003851,0.003546,0.003739,0,0,0,0,0,0,0,0,0,0,0,0
0.003457,0.003377,0.003409,0,0,0,0,0,0,0,0,0,0,0,0
0.003393,0.003692,0.003341,0,0,0,0,0,0,0,0,0,0,0,0
0.003596,0.004633,0.003183,0,0,0,0,0,0,0,0,0,0,0,0
0.003399,0.003993,0.003251,0,0,0,0,0,0,0,0,0,0,0,0
0.003617,0.003849,0.003304,0,0,0,0,0,0,0,0,0,0,0,0
0.003444,0.00417,0.003432,0,0,0,0,0,0,0,0,0,0,0,0
0.003823,0.004202,0.003485,0,0,0,0,0,0,0,0,0,0,0,0
0.004321,0.003705,0.003251,0,0,0,0,0,0,0,0,0,0,0,0
0.003594,0.003895,0.003136,0,0,0,0,0,0,0,0,0,0,0,0
0.003661,0.003429,0.003325,0,0,0,0,0,0,0,0,0,0,0,0
0.00424,0.003557,0.003348,0,0,0,0,0,0,0,0,0,0,0,0
0.006809,0.003553,0.003193,0,0,0,0,0,0,0,0,0,0,0,0
0.006943,0.003375,0.003409,0,0,0,0,0,0,0,0,0,0,0,0
0.005965,0.003347,0.00332,0,0,0,0,0,0,0,0,0,0,0,0
0.006376,0.003381,0.006403,0,0,0,0,0,0,0,0,0,0,0,0
0.007379,0.003616,0.006655,0,0,0,0,0,0,0,0,0,0,0,0
0.008579,0.003477,0.006337,0,0,0,0,0,0,0,0,0,0,0,0
0.004991,0.0034,0.005337,0,0,0,0,0,0,0,0,0,0,0,0
0.004962,0.003551,0.005201,0,0,0,0,0,0,0,0,0,0,0,0
0.00518,0.003607,0.004342,0,0,0,0,0,0,0,0,0,0,0,0
0.006384,0.003471,0.004101,0,0,0,0,0,0,0,0,0,0,0,0
0.00607,0.003539,0.003596,0,0,0,0,0,0,0,0,0,0,0,0
0.005307,0.003469,0.003631,0,0,0,0,0,0,0,0,0,0,0,0
0.004637,0.003593,0.003448,0,0,0,0,0,0,0,0,0,0,0,0
0.004023,0.003737,0.003272,0,0,0,0,0,0,0,0,0,0,0,0
0.004226,0.00372,0.003489,0,0,0,0,0,0,0,0,0,0,0,0
0.003606,0.003422,0.003424,0,0,0,0,0,0,0,0,0,0,0,0
0.003618,0.00344,0.004257,0,0,0,0,0,0,0,0,0,0,0,0
0.003336,0.003603,0.006102,0,0,0,0,0,0,0,0,0,0,0,0
0.003242,0.003427,0.005889,0,0,0,0,0,0,0,0,0,0,0,0
0.00351,0.003692,0.004989,0,0,0,0,0,0,0,0,0,0,0,0
0.003387,0.003551,0.004747,0,0,0,0,0,0,0,0,0,0,0,0
0.003141,0.003468,0.004059,0,0,0,0,0,0,0,0,0,0,0,0
0.00399,0.003478,0.004294,0,0,0,0,0,0,0,0,0,0,0,0
0.003379,0.003436,0.003714,0,0,0,0,0,0,0,0,0,0,0,0
0.003302,0.003396,0.003554,0,0,0,0,0,0,0,0,0,0,0,0
0.00345,0.003361,0.003154,0,0,0,0,0,0,0,0,0,0,0,0
0.003672,0.00352,0.003108,0,0,0,0,0,0,0,0,0,0,0,0
0.00351,0.003804,0.003628,0,0,0,0,0,0,0,0,0,0,0,0
0.003368,0.003286,0.003325,0,0,0,0,0,0,0,0,0,0,0,0
0.003716,0.003558,0.003433,0,0,0,0,0,0,0,0,0,0,0,0
0.003892,0.003753,0.003899,0,0,0,0,0,0,0,0,0,0,0,0
0.003642,0.004031,0.004671,0,0,0,0,0,0,0,0,0,0,0,0
0.003692,0.004415,0.004492,0,0,0,0,0,0,0,0,0,0,0,0
0.00371,0.00362,0.004672,0,0,0,0,0,0,0,0,0,0,0,0
0.004285,0.003253,0.003258,0,0,0,0,0,0,0,0,0,0,0,0
0.00676,0.004008,0.003815,0,0,0,0,0,0,0,0,0,0,0,0
0.005853,0.00428,0.003333,0,0,0,0,0,0,0,0,0,0,0,0
0.006421,0.003722,0.003278,0,0,0,0,0,0,0,0,0,0,0,0
0.006542,0.004314,0.003631,0,0,0,0,0,0,0,0,0,0,0,0
0.006695,0.004,0.003523,0,0,0,0,0,0,0,0,0,0,0,0
0.006282,0.003894,0.0034,0,0,0,0,0,0,0,0,0,0,0,0
0.005254,0.003764,0.003707,0,0,0,0,0,0,0,0,0,0,0,0
0.004466,0.003768,0.00483,0,0,0,0,0,0,0,0,0,0,0,0
0.00457,0.003937,0.004362,0,0,0,0,0,0,0,0,0,0,0,0
0.003715,0.003597,0.003573,0,0,0,0,0,0,0,0,0,0,0,0
0.003496,0.003503,0.005102,0,0,0,0,0,0,0,0,0,0,0,0
0.003689,0.003427,0.005542,0,0,0,0,0,0,0,0,0,0,0,0
0.003426,0.00358,0.005546,0,0,0,0,0,0,0,0,0,0,0,0
0.003804,0.003621,0.004012,0,0,0,0,0,0,0,0,0,0,0,0
0.003643,0.003323,0.004092,0,0,0,0,0,0,0,0,0,0,0,0
0.004765,0.003587,0.004312,0,0,0,0,0,0,0,0,0,0,0,0
0.006428,0.003418,0.005409,0,0,0,0,0,0,0,0,0,0,0,0
0.005922,0.003398,0.007724,0,0,0,0,0,0,0,0,0,0,0,0
0.005073,0.003476,0.005929,0,0,0,0,0,0,0,0,0,0,0,0
0.004193,0.003359,0.005079,0,0,0,0,0,0,0,0,0,0,0,0
0.004772,0.003433,0.005009,0,0,0,0,0,0,0,0,0,0,0,0
0.004037,0.003446,0.004753,0,0,0,0,0,0,0,0,0,0,0,0
0.003894,0.003582,0.004815,0,0,0,0,0,0,0,0,0,0,0,0
0.003916,0.003396,0.007456,0,0,0,0,0,0,0,0,0,0,0,0
0.003511,0.003516,0.006195,0,0,0,0,0,0,0,0,0,0,0,0
0.003399,0.003368,0.008181,0,0,0,0,0,0,0,0,0,0,0,0
0.003603,0.003461,0.004765,0,0,0,0,0,0,0,0,0,0,0,0
0.003532,0.003354,0.003703,0,0,0,0,0,0,0,0,0,0,0,0
0.003608,0.003401,0.003466,0,0,0,0,0,0,0,0,0,0,0,0
0.004327,0.003722,0.003567,0,0,0,0,0,0,0,0,0,0,0,0
0.003794,0.003556,0.004654,0,0,0,0,0,0,0,0,0,0,0,0
0.004453,0.003323,0.003622,0,0,0,0,0,0,0,0,0,0,0,0
0.003195,0.003595,0.003316,0,0,0,0,0,0,0,0,0,0,0,0
0.003249,0.003471,0.003498,0,0,0,0,0,0,0,0,0,0,0,0
0.003277,0.003572,0.003789,0,0,0,0,0,0,0,0,0,0,0,0
0.00325,0.005007,0.003776,0,0,0,0,0,0,0,0,0,0,0,0
0.003387,0.004038,0.006738,0,0,0,0,0,0,0,0,0,0,0,0
0.00379,0.003329,0.007071,0,0,0,0,0,0,0,0,0,0,0,0
0.004257,0.003268,0.006555,0,0,0,0,0,0,0,0,0,0,0,0
0.003222,0.004067,0.004965,0,0,0,0,0,0,0,0,0,0,0,0
0.004089,0.004198,0.004917,0,0,0,0,0,0,0,0,0,0,0,0
0.004034,0.003825,0.003914,0,0,0,0,0,0,0,0,0,0,0,0
0.00392,0.003428,0.004259,0,0,0,0,0,0,0,0,0,0,0,0
0.00341,0.003616,0.003555,0,0,0,0,0,0,0,0,0,0,0,0
0.003487,0.003812,0.003457,0,0,0,0,0,0,0,0,0,0,0,0
0.003274,0.004059,0.003529,0,0,0,0,0,0,0,0,0,0,0,0
0.004122,0.003835,0.00369,0,0,0,0,0,0,0,0,0,0,0,0
0.005064,0.004383,0.003521,0,0,0,0,0,0,0,0,0,0,0,0
0.003321,0.003691,0.003636,0,0,0,0,0,0,0,0,0,0,0,0
0.003306,0.003706,0.004299,0,0,0,0,0,0,0,0,0,0,0,0
0.003412,0.003461,0.003346,0,0,0,0,0,0,0,0,0,0,0,0
0.003975,0.003374,0.003195,0,0,0,0,0,0,0,0,0,0,0,0
0.004499,0.003459,0.003291,0,0,0,0,0,0,0,0,0,0,0,0
0.003713,0.003356,0.0032,0,0,0,0,0,0,0,0,0,0,0,0
0.003181,0.003438,0.003271,0,0,0,0,0,0,0,0,0,0,0,0
0.003377,0.003554,0.00319,0,0,0,0,0,0,0,0,0,0,0,0
0.003444,0.003496,0.00352,0,0,0,0,0,0,0,0,0,0,0,0
0.003357,0.003617,0.003543,0,0,0,0,0,0,0,0,0,0,0,0
0.004148,0.003537,0.003313,0,0,0,0,0,0,0,0,0,0,0,0
0.006432,0.003767,0.003121,0,0,0,0,0,0,0,0,0,0,0,0
0.005953,0.003797,0.003491,0,0,0,0,0,0,0,0,0,0,0,0
0.005262,0.003745,0.00337,0,0,0,0,0,0,0,0,0,0,0,0
0.004773,0.003821,0.003491,0,0,0,0,0,0,0,0,0,0,0,0
0.004241,0.004195,0.00342,0,0,0,0,0,0,0,0,0,0,0,0
0.004053,0.003753,0.003527,0,0,0,0,0,0,0,0,0,0,0,0
0.005306,0.003994,0.003404,0,0,0,0,0,0,0,0,0,0,0,0
0.006259,0.006968,0.003623,0,0,0,0,0,0,0,0,0,0,0,0
0.005481,0.006558,0.003415,0,0,0,0,0,0,0,0,0,0,0,0
0.005322,0.006112,0.00337,0,0,0,0,0,0,0,0,0,0,0,0
0.00469,0.005592,0.003439,0,0,0,0,0,0,0,0,0,0,0,0
0.004463,0.004464,0.003396,0,0,0,0,0,0,0,0,0,0,0,0
0.003976,0.004243,0.003981,0,0,0,0,0,0,0,0,0,0,0,0
0.003657,0.003985,0.003361,0,0,0,0,0,0,0,0,0,0,0,0
0.003356,0.003664,0.003571,0,0,0,0,0,0,0,0,0,0,0,0
0.003204,0.004003,0.004576,0,0,0,0,0,0,0,0,0,0,0,0
0.003319,0.003797,0.007352,0,0,0,0,0,0,0,0,0,0,0,0
0.003119,0.003662,0.005724,0,0,0,0,0,0,0,0,0,0,0,0
0.00327,0.00339,0.006772,0,0,0,0,0,0,0,0,0,0,0,0
0.003822,0.003416,0.00514,0,0,0,0,0,0,0,0,0,0,0,0
0.006997,0.003499,0.003802,0,0,0,0,0,0,0,0,0,0,0,0
0.006147,0.003349,0.003676,0,0,0,0,0,0,0,0,0,0,0,0
0.005093,0.007209,0.003761,0,0,0,0,0,0,0,0,0,0,0,0
0.005288,0.003733,0.004387,0,0,0,0,0,0,0,0,0,0,0,0
0.004249,0.003299,0.003566,0,0,0,0,0,0,0,0,0,0,0,0
0.004233,0.004401,0.003338,0,0,0,0,0,0,0,0,0,0,0,0
0.004072,0.004087,0.00343,0,0,0,0,0,0,0,0,0,0,0,0
0.003253,0.003743,0.003251,0,0,0,0,0,0,0,0,0,0,0,0
0.003272,0.003364,0.003759,0,0,0,0,0,0,0,0,0,0,0,0
0.003179,0.00316,0.00359,0,0,0,0,0,0,0,0,0,0,0,0
