1
43.0000,601.0000,127.0000,601.0000,127.0000,652.0000,43.0000,652.0000
48.0000,606.0000,132.0000,606.0000,132.0000,656.0000,48.0000,656.0000
60.0000,607.0000,144.0000,607.0000,144.0000,657.0000,60.0000,657.0000
60.0000,607.0000,144.0000,607.0000,144.0000,657.0000,60.0000,657.0000
60.0000,607.0000,144.0000,607.0000,144.0000,657.0000,60.0000,657.0000
64.0000,607.0000,146.0000,607.0000,146.0000,657.0000,64.0000,657.0000
106.0000,601.0000,189.0000,601.0000,189.0000,651.0000,106.0000,651.0000
138.0000,596.0000,221.0000,596.0000,221.0000,646.0000,138.0000,646.0000
138.0000,596.0000,221.0000,596.0000,221.0000,646.0000,138.0000,646.0000
2
0
0
0
0
1
467.0000,587.0000,592.0000,587.0000,592.0000,642.0000,467.0000,642.0000
495.0000,588.0000,620.0000,588.0000,620.0000,644.0000,495.0000,644.0000
527.0000,589.0000,652.0000,589.0000,652.0000,645.0000,527.0000,645.0000
527.0000,589.0000,652.0000,589.0000,652.0000,645.0000,527.0000,645.0000
527.0000,589.0000,652.0000,589.0000,652.0000,645.0000,527.0000,645.0000
552.0000,589.0000,676.0000,589.0000,676.0000,644.0000,552.0000,644.0000
600.0000,588.0000,725.0000,588.0000,725.0000,643.0000,600.0000,643.0000
614.0000,585.0000,741.0000,585.0000,741.0000,642.0000,614.0000,642.0000
614.0000,585.0000,741.0000,585.0000,741.0000,642.0000,614.0000,642.0000
623.0000,585.0000,750.0000,585.0000,750.0000,641.0000,623.0000,641.0000
653.0000,578.0000,785.0000,578.0000,785.0000,637.0000,653.0000,637.0000
678.0000,572.0000,811.0000,572.0000,811.0000,631.0000,678.0000,631.0000
694.0000,564.0000,828.0000,564.0000,828.0000,623.0000,694.0000,623.0000
676.0000,575.0000,809.0000,575.0000,809.0000,634.0000,676.0000,634.0000
2
0
0
0
0
1
727.0000,390.0000,796.0000,390.0000,796.0000,460.0000,727.0000,460.0000
717.0000,387.0000,787.0000,387.0000,787.0000,458.0000,717.0000,458.0000
717.0000,387.0000,787.0000,387.0000,787.0000,458.0000,717.0000,458.0000
699.0000,381.0000,770.0000,381.0000,770.0000,453.0000,699.0000,453.0000
699.0000,381.0000,770.0000,381.0000,770.0000,453.0000,699.0000,453.0000
700.0000,377.0000,767.0000,377.0000,767.0000,446.0000,700.0000,446.0000
683.0000,374.0000,751.0000,374.0000,751.0000,443.0000,683.0000,443.0000
676.0000,377.0000,744.0000,377.0000,744.0000,446.0000,676.0000,446.0000
676.0000,377.0000,744.0000,377.0000,744.0000,446.0000,676.0000,446.0000
666.0000,377.0000,736.0000,377.0000,736.0000,448.0000,666.0000,448.0000
655.0000,376.0000,725.0000,376.0000,725.0000,447.0000,655.0000,447.0000
655.0000,376.0000,725.0000,376.0000,725.0000,446.0000,655.0000,446.0000
656.0000,375.0000,726.0000,375.0000,726.0000,446.0000,656.0000,446.0000
658.0000,375.0000,728.0000,375.0000,728.0000,446.0000,658.0000,446.0000
658.0000,374.0000,731.0000,374.0000,731.0000,448.0000,658.0000,448.0000
673.0000,374.0000,746.0000,374.0000,746.0000,448.0000,673.0000,448.0000
675.0000,373.0000,749.0000,373.0000,749.0000,448.0000,675.0000,448.0000
690.0000,377.0000,764.0000,377.0000,764.0000,452.0000,690.0000,452.0000
712.0000,373.0000,785.0000,373.0000,785.0000,447.0000,712.0000,447.0000
718.0000,372.0000,791.0000,372.0000,791.0000,446.0000,718.0000,446.0000
724.0000,371.0000,798.0000,371.0000,798.0000,446.0000,724.0000,446.0000
743.0000,369.0000,816.0000,369.0000,816.0000,442.0000,743.0000,442.0000
743.0000,368.0000,817.0000,368.0000,817.0000,443.0000,743.0000,443.0000
744.0000,369.0000,816.0000,369.0000,816.0000,442.0000,744.0000,442.0000
745.0000,370.0000,817.0000,370.0000,817.0000,443.0000,745.0000,443.0000
747.0000,370.0000,819.0000,370.0000,819.0000,443.0000,747.0000,443.0000
746.0000,370.0000,819.0000,370.0000,819.0000,443.0000,746.0000,443.0000
746.0000,370.0000,819.0000,370.0000,819.0000,444.0000,746.0000,444.0000
746.0000,370.0000,819.0000,370.0000,819.0000,444.0000,746.0000,444.0000
745.0000,370.0000,818.0000,370.0000,818.0000,444.0000,745.0000,444.0000
746.0000,371.0000,818.0000,371.0000,818.0000,445.0000,746.0000,445.0000
746.0000,371.0000,818.0000,371.0000,818.0000,444.0000,746.0000,444.0000
746.0000,371.0000,816.0000,371.0000,816.0000,443.0000,746.0000,443.0000
738.0000,371.0000,809.0000,371.0000,809.0000,444.0000,738.0000,444.0000
723.0000,371.0000,794.0000,371.0000,794.0000,443.0000,723.0000,443.0000
712.0000,370.0000,784.0000,370.0000,784.0000,443.0000,712.0000,443.0000
677.0000,372.0000,749.0000,372.0000,749.0000,445.0000,677.0000,445.0000
659.0000,372.0000,731.0000,372.0000,731.0000,445.0000,659.0000,445.0000
635.0000,370.0000,708.0000,370.0000,708.0000,444.0000,635.0000,444.0000
596.0000,373.0000,668.0000,373.0000,668.0000,446.0000,596.0000,446.0000
586.0000,371.0000,658.0000,371.0000,658.0000,444.0000,586.0000,444.0000
565.0000,369.0000,638.0000,369.0000,638.0000,443.0000,565.0000,443.0000
568.0000,370.0000,641.0000,370.0000,641.0000,444.0000,568.0000,444.0000
570.0000,369.0000,642.0000,369.0000,642.0000,443.0000,570.0000,443.0000
490.0000,361.0000,562.0000,361.0000,562.0000,434.0000,490.0000,434.0000
434.0000,369.0000,508.0000,369.0000,508.0000,444.0000,434.0000,444.0000
444.0000,360.0000,518.0000,360.0000,518.0000,435.0000,444.0000,435.0000
443.0000,366.0000,517.0000,366.0000,517.0000,442.0000,443.0000,442.0000
445.0000,366.0000,519.0000,366.0000,519.0000,441.0000,445.0000,441.0000
445.0000,366.0000,520.0000,366.0000,520.0000,442.0000,445.0000,442.0000
445.0000,365.0000,519.0000,365.0000,519.0000,441.0000,445.0000,441.0000
445.0000,366.0000,520.0000,366.0000,520.0000,442.0000,445.0000,442.0000
436.0000,356.0000,513.0000,356.0000,513.0000,434.0000,436.0000,434.0000
463.0000,362.0000,540.0000,362.0000,540.0000,440.0000,463.0000,440.0000
500.0000,363.0000,576.0000,363.0000,576.0000,440.0000,500.0000,440.0000
542.0000,364.0000,618.0000,364.0000,618.0000,442.0000,542.0000,442.0000
598.0000,367.0000,674.0000,367.0000,674.0000,443.0000,598.0000,443.0000
623.0000,365.0000,699.0000,365.0000,699.0000,442.0000,623.0000,442.0000
632.0000,364.0000,708.0000,364.0000,708.0000,441.0000,632.0000,441.0000
659.0000,363.0000,736.0000,363.0000,736.0000,440.0000,659.0000,440.0000
686.0000,361.0000,763.0000,361.0000,763.0000,439.0000,686.0000,439.0000
733.0000,365.0000,811.0000,365.0000,811.0000,444.0000,733.0000,444.0000
770.0000,362.0000,848.0000,362.0000,848.0000,440.0000,770.0000,440.0000
773.0000,361.0000,851.0000,361.0000,851.0000,440.0000,773.0000,440.0000
781.0000,359.0000,859.0000,359.0000,859.0000,438.0000,781.0000,438.0000
781.0000,359.0000,859.0000,359.0000,859.0000,438.0000,781.0000,438.0000
803.0000,355.0000,880.0000,355.0000,880.0000,433.0000,803.0000,433.0000
816.0000,336.0000,894.0000,336.0000,894.0000,415.0000,816.0000,415.0000
823.0000,310.0000,902.0000,310.0000,902.0000,390.0000,823.0000,390.0000
802.0000,292.0000,881.0000,292.0000,881.0000,372.0000,802.0000,372.0000
816.0000,281.0000,896.0000,281.0000,896.0000,362.0000,816.0000,362.0000
833.0000,237.0000,914.0000,237.0000,914.0000,319.0000,833.0000,319.0000
834.0000,226.0000,914.0000,226.0000,914.0000,307.0000,834.0000,307.0000
823.0000,228.0000,903.0000,228.0000,903.0000,309.0000,823.0000,309.0000
807.0000,225.0000,886.0000,225.0000,886.0000,305.0000,807.0000,305.0000
796.0000,214.0000,873.0000,214.0000,873.0000,292.0000,796.0000,292.0000
790.0000,214.0000,866.0000,214.0000,866.0000,292.0000,790.0000,292.0000
809.0000,216.0000,885.0000,216.0000,885.0000,293.0000,809.0000,293.0000
821.0000,217.0000,897.0000,217.0000,897.0000,293.0000,821.0000,293.0000
829.0000,208.0000,904.0000,208.0000,904.0000,285.0000,829.0000,285.0000
841.0000,211.0000,916.0000,211.0000,916.0000,287.0000,841.0000,287.0000
867.0000,212.0000,941.0000,212.0000,941.0000,287.0000,867.0000,287.0000
899.0000,210.0000,973.0000,210.0000,973.0000,285.0000,899.0000,285.0000
905.0000,222.0000,979.0000,222.0000,979.0000,297.0000,905.0000,297.0000
914.0000,215.0000,988.0000,215.0000,988.0000,289.0000,914.0000,289.0000
867.0000,201.0000,941.0000,201.0000,941.0000,276.0000,867.0000,276.0000
2
0
0
0
0
1
917.0000,114.0000,981.0000,114.0000,981.0000,179.0000,917.0000,179.0000
932.0000,107.0000,997.0000,107.0000,997.0000,173.0000,932.0000,173.0000
925.0000,105.0000,992.0000,105.0000,992.0000,172.0000,925.0000,172.0000
925.0000,105.0000,992.0000,105.0000,992.0000,172.0000,925.0000,172.0000
925.0000,105.0000,992.0000,105.0000,992.0000,172.0000,925.0000,172.0000
920.0000,108.0000,983.0000,108.0000,983.0000,172.0000,920.0000,172.0000
885.0000,110.0000,948.0000,110.0000,948.0000,174.0000,885.0000,174.0000
870.0000,112.0000,934.0000,112.0000,934.0000,176.0000,870.0000,176.0000
870.0000,112.0000,934.0000,112.0000,934.0000,176.0000,870.0000,176.0000
871.0000,113.0000,931.0000,113.0000,931.0000,174.0000,871.0000,174.0000
840.0000,113.0000,900.0000,113.0000,900.0000,173.0000,840.0000,173.0000
819.0000,112.0000,879.0000,112.0000,879.0000,173.0000,819.0000,173.0000
794.0000,111.0000,856.0000,111.0000,856.0000,173.0000,794.0000,173.0000
776.0000,110.0000,838.0000,110.0000,838.0000,174.0000,776.0000,174.0000
771.0000,110.0000,836.0000,110.0000,836.0000,176.0000,771.0000,176.0000
761.0000,110.0000,825.0000,110.0000,825.0000,175.0000,761.0000,175.0000
731.0000,108.0000,795.0000,108.0000,795.0000,174.0000,731.0000,174.0000
718.0000,107.0000,784.0000,107.0000,784.0000,174.0000,718.0000,174.0000
720.0000,108.0000,786.0000,108.0000,786.0000,175.0000,720.0000,175.0000
731.0000,109.0000,796.0000,109.0000,796.0000,175.0000,731.0000,175.0000
728.0000,111.0000,794.0000,111.0000,794.0000,178.0000,728.0000,178.0000
723.0000,111.0000,788.0000,111.0000,788.0000,177.0000,723.0000,177.0000
715.0000,110.0000,777.0000,110.0000,777.0000,173.0000,715.0000,173.0000
713.0000,110.0000,777.0000,110.0000,777.0000,176.0000,713.0000,176.0000
712.0000,111.0000,776.0000,111.0000,776.0000,176.0000,712.0000,176.0000
684.0000,108.0000,747.0000,108.0000,747.0000,173.0000,684.0000,173.0000
683.0000,109.0000,747.0000,109.0000,747.0000,174.0000,683.0000,174.0000
671.0000,110.0000,735.0000,110.0000,735.0000,175.0000,671.0000,175.0000
645.0000,107.0000,710.0000,107.0000,710.0000,174.0000,645.0000,174.0000
631.0000,107.0000,697.0000,107.0000,697.0000,174.0000,631.0000,174.0000
622.0000,108.0000,690.0000,108.0000,690.0000,176.0000,622.0000,176.0000
622.0000,108.0000,689.0000,108.0000,689.0000,176.0000,622.0000,176.0000
