1.5056
0.15865
0.10149
0.071957
0.10567
NaN
NaN
0.087393
0.055656
0.062725
NaN
NaN
NaN
NaN
NaN
1.2521
0.15245
0.089626
0.073231
0.10291
NaN
NaN
0.083574
0.053086
0.066891
NaN
0.067552
0.036446
0.03208
0.03199
0.032516
NaN
NaN
NaN
NaN
1.2387
0.16099
0.093136
0.075834
NaN
0.10557
NaN
0.083937
0.057043
0.058269
NaN
0.059902
0.034978
0.03948
0.030254
0.031061
0.032502
0.075923
0.035816
0.031356
0.030616
0.033589
0.03025
0.055277
0.030662
0.041834
0.035666
0.031738
0.029327
0.056935
NaN
0.031561
0.032077
0.03616
0.042035
0.036019
0.067684
0.032441
0.039864
0.028883
0.029917
0.03133
0.056098
0.031744
0.029698
0.040292
0.029667
0.028872
0.056551
0.030952
0.035695
0.028849
0.048374
0.032111
0.058491
0.031486
0.038892
0.04163
0.035728
0.036006
0.05553
0.043184
0.03623
0.029809
0.032492
0.034803
0.064402
NaN
0.037075
0.033976
0.034511
0.046421
0.032884
0.062152
0.03132
0.030939
0.028658
0.03533
0.03172
0.062988
0.028816
0.030057
0.032269
0.032807
0.02924
0.053414
0.032535
0.028785
NaN
NaN
NaN
NaN
1.2077
0.15506
0.092436
0.07369
0.10274
NaN
NaN
0.07989
0.064255
0.062103
NaN
0.056277
0.029539
0.03538
0.027289
0.031669
0.030804
0.054226
0.027842
0.028624
0.0302
0.03164
0.027706
0.063485
0.034735
0.031739
0.030069
0.030003
0.029627
0.054759
0.040081
0.028762
0.030583
