0.000148
0.23408
0.006579
0.005922
0.005944
0.006433
0.005374
0.005921
0.007796
0.005945
0.005832
0.005126
0.005821
0.009147
0.005686
0.00533
0.005263
0.005443
0.007341
0.005452
0.005077
0.005315
0.005506
0.007465
0.005502
0.005329
0.005221
0.005256
0.006366
0.005439
0.006116
0.00527
0.005304
0.005442
0.005482
0.005387
0.0056
0.005164
0.005729
0.005352
0.00557
0.005814
0.005944
0.005729
0.005268
0.005598
0.005373
0.005798
0.005437
0.00564
0.006275
0.006461
0.005806
0.005979
0.006214
0.006098
0.005221
0.005684
0.005291
0.005596
0.005165
0.005502
0.005322
0.005308
0.005475
0.00579
0.005238
0.005119
0.006123
0.005625
0.005208
0.005311
0.005798
0.00571
0.00607
0.006723
0.005305
0.005718
0.005211
0.005427
0.005129
0.005302
0.005133
0.00512
0.005283
0.005252
0.005902
0.005318
0.005487
0.005119
0.00518
0.00529
0.005691
0.005394
0.005235
0.005178
0.005265
0.005286
0.005098
0.005259
0.005633
0.005617
0.005163
0.005737
0.005203
0.005528
0.005263
0.005424
0.005109
0.005147
0.00605
0.005274
0.005648
0.005281
0.005774
0.005227
0.006219
0.00704
0.005492
0.005271
0.005397
0.005686
0.005278
0.005482
0.005155
0.006098
0.005046
0.005063
0.005733
0.005702
0.00561
