1.0298
0.14252
0.087392
0.061446
0.087584
NaN
0.075756
0.055592
NaN
0.049487
0.039618
0.032082
0.023431
0.024364
0.023621
0.022837
0.050262
0.03612
0.021932
0.025177
0.024915
0.022261
0.043974
0.023417
0.031204
0.02842
0.030903
0.022857
0.038586
0.03533
0.023687
0.024259
0.031551
0.029073
0.043813
0.029489
0.030971
0.028431
0.022784
0.023421
0.040019
0.024027
0.022375
0.023788
0.025006
0.022982
0.043927
0.027688
0.021589
0.023911
0.022721
0.021346
0.039833
0.025581
0.023832
0.036059
0.023208
0.024403
0.038975
0.02329
0.035867
0.022492
0.021565
0.022085
0.039293
0.023753
0.026375
0.025703
0.024299
0.024077
0.040969
0.030463
0.026065
0.024801
0.021811
0.02349
0.040947
0.024035
0.022045
0.023211
0.023695
0.023525
0.039647
0.025311
0.023836
0.023642
0.023983
0.02349
0.043349
0.023643
0.023355
0.025126
0.023927
0.023664
0.044058
0.024469
0.025522
0.024291
0.026944
0.023179
0.043367
0.02301
0.024757
0.033897
0.022947
0.023161
0.048913
0.023153
0.023981
0.023235
0.031942
0.023612
0.038752
0.024657
0.026758
0.023116
0.023081
0.023089
0.037757
0.028715
0.022672
0.022569
0.022587
0.024897
0.037914
0.034895
0.021995
0.024562
0.024103
0.02325
0.037244
0.0249
0.024993
0.034085
0.021469
0.022058
0.039493
0.02538
0.025125
0.022639
0.022056
0.022323
0.039584
0.022208
0.021977
0.023822
0.023408
0.026277
0.041631
0.021912
0.023747
0.025687
0.021715
0.022305
0.049661
0.022944
0.02236
0.023944
0.02299
0.023274
0.040457
0.022973
0.022874
0.02199
0.022226
0.025831
0.038786
0.022866
0.021787
0.022621
0.022831
0.022035
0.03769
0.023663
0.02199
0.022047
0.02226
0.025345
0.044438
0.035648
0.023938
0.024408
0.024663
0.025157
0.040515
0.025038
0.025083
0.023195
0.02296
0.023398
0.041304
0.023739
0.02229
0.02277
0.023252
0.022672
0.038596
0.026718
0.022087
0.022218
0.022792
0.023455
0.041192
0.022551
0.036446
0.022643
0.023709
0.022461
0.039155
0.023896
0.02302
0.021829
0.022118
0.021627
0.043485
0.021721
0.023513
0.027417
0.021339
0.024128
0.04152
0.021838
0.024542
0.022992
0.024801
0.021459
0.038354
0.023762
0.021789
0.021109
0.021421
0.031071
0.041283
0.022671
0.031035
0.02243
0.024131
0.023149
0.038771
0.02422
0.02322
0.021547
0.026217
0.022821
0.047412
0.023345
0.023369
0.023515
0.027711
0.024065
0.045956
0.0241
0.038866
0.02835
0.0236
0.023201
0.039639
0.023017
0.023837
0.023493
0.024208
0.032735
0.038002
0.032958
0.022395
0.022877
0.022007
0.023017
0.040789
0.020937
0.022117
0.022253
0.023487
0.031672
0.044094
0.024791
0.02908
0.023644
0.024243
0.023331
0.043388
0.022392
0.022149
0.023266
0.022772
0.024349
0.05023
0.023339
0.023562
0.037007
0.035202
0.022614
0.043143
0.022237
0.023125
0.022308
0.022767
0.023994
0.043032
0.035505
0.023133
0.0228
0.023229
0.021859
0.042902
0.024595
0.023574
0.022671
0.025102
0.024298
0.044793
0.023384
0.023585
0.023115
0.043436
0.022041
0.043339
0.023026
0.022472
0.033732
0.021575
0.024472
0.038453
0.024112
0.02415
0.035103
0.021923
0.022344
0.037238
0.025314
0.022586
0.021707
0.022017
0.022041
0.038936
0.029303
0.023081
0.023256
0.023068
0.023826
0.041224
0.023793
0.021714
0.024528
0.035964
