1.2184,1.3388,1.3285,0,0,0,0,0,0,0,0,0,0,0,0
0.16805,0.15502,0.14246,0,0,0,0,0,0,0,0,0,0,0,0
0.096268,0.091769,0.08177,0,0,0,0,0,0,0,0,0,0,0,0
0.087344,0.074476,0.064439,0,0,0,0,0,0,0,0,0,0,0,0
0.091024,0.097963,0.098392,0,0,0,0,0,0,0,0,0,0,0,0
0.084267,0.085393,0.082218,0,0,0,0,0,0,0,0,0,0,0,0
0.051017,0.056632,0.061713,0,0,0,0,0,0,0,0,0,0,0,0
0.055259,0.052722,0.047301,0,0,0,0,0,0,0,0,0,0,0,0
0.067299,0.048942,0.049408,0,0,0,0,0,0,0,0,0,0,0,0
0.031007,0.022396,0.024701,0,0,0,0,0,0,0,0,0,0,0,0
0.027128,0.022401,0.023915,0,0,0,0,0,0,0,0,0,0,0,0
0.021587,0.024853,0.023573,0,0,0,0,0,0,0,0,0,0,0,0
0.021874,0.021256,0.024151,0,0,0,0,0,0,0,0,0,0,0,0
0.021286,0.022001,0.025086,0,0,0,0,0,0,0,0,0,0,0,0
0.068249,0.053598,0.066196,0,0,0,0,0,0,0,0,0,0,0,0
0.045073,0.021399,0.021684,0,0,0,0,0,0,0,0,0,0,0,0
0.021703,0.021808,0.023025,0,0,0,0,0,0,0,0,0,0,0,0
0.021136,0.039887,0.02121,0,0,0,0,0,0,0,0,0,0,0,0
0.033108,0.021496,0.021784,0,0,0,0,0,0,0,0,0,0,0,0
0.031392,0.022127,0.022798,0,0,0,0,0,0,0,0,0,0,0,0
0.054825,0.044841,0.045076,0,0,0,0,0,0,0,0,0,0,0,0
0.022041,0.020732,0.022059,0,0,0,0,0,0,0,0,0,0,0,0
0.021931,0.021781,0.022684,0,0,0,0,0,0,0,0,0,0,0,0
0.0239,0.021688,0.023177,0,0,0,0,0,0,0,0,0,0,0,0
0.02494,0.020946,0.023075,0,0,0,0,0,0,0,0,0,0,0,0
0.032314,0.021558,0.022403,0,0,0,0,0,0,0,0,0,0,0,0
0.050242,0.045586,0.052875,0,0,0,0,0,0,0,0,0,0,0,0
0.050557,0.022258,0.021487,0,0,0,0,0,0,0,0,0,0,0,0
0.023199,0.023062,0.032555,0,0,0,0,0,0,0,0,0,0,0,0
0.054612,0.028382,0.0261,0,0,0,0,0,0,0,0,0,0,0,0
0.031932,0.032377,0.033667,0,0,0,0,0,0,0,0,0,0,0,0
0.030857,0.028188,0.033472,0,0,0,0,0,0,0,0,0,0,0,0
0.05973,0.052231,0.060065,0,0,0,0,0,0,0,0,0,0,0,0
0.036226,0.032526,0.035752,0,0,0,0,0,0,0,0,0,0,0,0
0.040817,0.028238,0.030757,0,0,0,0,0,0,0,0,0,0,0,0
0.045421,0.021625,0.023131,0,0,0,0,0,0,0,0,0,0,0,0
0.035429,0.021962,0.03037,0,0,0,0,0,0,0,0,0,0,0,0
0.020856,0.021926,0.021034,0,0,0,0,0,0,0,0,0,0,0,0
0.04629,0.04387,0.04688,0,0,0,0,0,0,0,0,0,0,0,0
0.03117,0.022334,0.022619,0,0,0,0,0,0,0,0,0,0,0,0
0.021777,0.022311,0.021803,0,0,0,0,0,0,0,0,0,0,0,0
0.021904,0.035503,0.021834,0,0,0,0,0,0,0,0,0,0,0,0
0.040969,0.035883,0.024436,0,0,0,0,0,0,0,0,0,0,0,0
0.036615,0.037298,0.028563,0,0,0,0,0,0,0,0,0,0,0,0
0.051356,0.052107,0.056044,0,0,0,0,0,0,0,0,0,0,0,0
0.040593,0.033246,0.022572,0,0,0,0,0,0,0,0,0,0,0,0
0.02926,0.022497,0.025436,0,0,0,0,0,0,0,0,0,0,0,0
0.036691,0.025435,0.022358,0,0,0,0,0,0,0,0,0,0,0,0
0.025028,0.036198,0.023244,0,0,0,0,0,0,0,0,0,0,0,0
0.022311,0.02174,0.022347,0,0,0,0,0,0,0,0,0,0,0,0
0.04809,0.048372,0.047384,0,0,0,0,0,0,0,0,0,0,0,0
0.036494,0.028226,0.031276,0,0,0,0,0,0,0,0,0,0,0,0
0.028294,0.020871,0.020692,0,0,0,0,0,0,0,0,0,0,0,0
0.029042,0.026783,0.026722,0,0,0,0,0,0,0,0,0,0,0,0
0.023597,0.031877,0.021544,0,0,0,0,0,0,0,0,0,0,0,0
0.029047,0.023471,0.020668,0,0,0,0,0,0,0,0,0,0,0,0
0.05415,0.052288,0.055288,0,0,0,0,0,0,0,0,0,0,0,0
0.031451,0.030762,0.023701,0,0,0,0,0,0,0,0,0,0,0,0
0.034956,0.038806,0.02106,0,0,0,0,0,0,0,0,0,0,0,0
0.030311,0.023494,0.026025,0,0,0,0,0,0,0,0,0,0,0,0
0.025999,0.020934,0.025372,0,0,0,0,0,0,0,0,0,0,0,0
0.027416,0.022531,0.031692,0,0,0,0,0,0,0,0,0,0,0,0
0.062828,0.045523,0.046169,0,0,0,0,0,0,0,0,0,0,0,0
0.022761,0.022819,0.03079,0,0,0,0,0,0,0,0,0,0,0,0
0.021646,0.022961,0.023931,0,0,0,0,0,0,0,0,0,0,0,0
0.022411,0.022452,0.02491,0,0,0,0,0,0,0,0,0,0,0,0
0.022248,0.021575,0.022971,0,0,0,0,0,0,0,0,0,0,0,0
0.021033,0.021731,0.022021,0,0,0,0,0,0,0,0,0,0,0,0
0.047131,0.054797,0.047574,0,0,0,0,0,0,0,0,0,0,0,0
0.022665,0.022805,0.022014,0,0,0,0,0,0,0,0,0,0,0,0
0.039048,0.021858,0.02378,0,0,0,0,0,0,0,0,0,0,0,0
0.021259,0.021753,0.03194,0,0,0,0,0,0,0,0,0,0,0,0
0.026498,0.02332,0.024321,0,0,0,0,0,0,0,0,0,0,0,0
0.020853,0.031221,0.021468,0,0,0,0,0,0,0,0,0,0,0,0
0.047562,0.048274,0.047292,0,0,0,0,0,0,0,0,0,0,0,0
0.04378,0.020282,0.021569,0,0,0,0,0,0,0,0,0,0,0,0
0.021554,0.021604,0.022766,0,0,0,0,0,0,0,0,0,0,0,0
0.026209,0.023393,0.032084,0,0,0,0,0,0,0,0,0,0,0,0
0.023545,0.022387,0.022757,0,0,0,0,0,0,0,0,0,0,0,0
0.02215,0.022638,0.022616,0,0,0,0,0,0,0,0,0,0,0,0
0.057786,0.046861,0.052559,0,0,0,0,0,0,0,0,0,0,0,0
0.022674,0.022331,0.022167,0,0,0,0,0,0,0,0,0,0,0,0
0.027789,0.024193,0.025533,0,0,0,0,0,0,0,0,0,0,0,0
0.023978,0.023441,0.022943,0,0,0,0,0,0,0,0,0,0,0,0
0.028846,0.024969,0.022453,0,0,0,0,0,0,0,0,0,0,0,0
0.022288,0.022125,0.027849,0,0,0,0,0,0,0,0,0,0,0,0
0.052058,0.046615,0.045249,0,0,0,0,0,0,0,0,0,0,0,0
0.021951,0.021146,0.023706,0,0,0,0,0,0,0,0,0,0,0,0
0.024168,0.022547,0.027796,0,0,0,0,0,0,0,0,0,0,0,0
0.022817,0.023091,0.023815,0,0,0,0,0,0,0,0,0,0,0,0
0.021686,0.021676,0.021787,0,0,0,0,0,0,0,0,0,0,0,0
0.020587,0.022538,0.022301,0,0,0,0,0,0,0,0,0,0,0,0
0.066592,0.052507,0.046188,0,0,0,0,0,0,0,0,0,0,0,0
0.021957,0.022497,0.021445,0,0,0,0,0,0,0,0,0,0,0,0
0.020599,0.025547,0.022754,0,0,0,0,0,0,0,0,0,0,0,0
0.021897,0.022055,0.023906,0,0,0,0,0,0,0,0,0,0,0,0
0.023234,0.022505,0.026342,0,0,0,0,0,0,0,0,0,0,0,0
0.033844,0.027795,0.025353,0,0,0,0,0,0,0,0,0,0,0,0
0.047976,0.045324,0.045116,0,0,0,0,0,0,0,0,0,0,0,0
0.020779,0.021746,0.023662,0,0,0,0,0,0,0,0,0,0,0,0
0.023032,0.021889,0.024133,0,0,0,0,0,0,0,0,0,0,0,0
0.026598,0.022196,0.027326,0,0,0,0,0,0,0,0,0,0,0,0
0.024744,0.022819,0.023768,0,0,0,0,0,0,0,0,0,0,0,0
0.022189,0.022905,0.022792,0,0,0,0,0,0,0,0,0,0,0,0
0.066242,0.044893,0.054902,0,0,0,0,0,0,0,0,0,0,0,0
0.033439,0.021177,0.025367,0,0,0,0,0,0,0,0,0,0,0,0
0.023305,0.030397,0.025624,0,0,0,0,0,0,0,0,0,0,0,0
0.027438,0.021821,0.024445,0,0,0,0,0,0,0,0,0,0,0,0
0.022085,0.021689,0.024106,0,0,0,0,0,0,0,0,0,0,0,0
0.034304,0.021991,0.025672,0,0,0,0,0,0,0,0,0,0,0,0
0.051233,0.047301,0.056755,0,0,0,0,0,0,0,0,0,0,0,0
0.022244,0.021147,0.024047,0,0,0,0,0,0,0,0,0,0,0,0
0.022349,0.022642,0.033803,0,0,0,0,0,0,0,0,0,0,0,0
0.023593,0.022727,0.024028,0,0,0,0,0,0,0,0,0,0,0,0
0.040705,0.02179,0.025007,0,0,0,0,0,0,0,0,0,0,0,0
0.023133,0.029918,0.025473,0,0,0,0,0,0,0,0,0,0,0,0
0.046459,0.044866,0.055492,0,0,0,0,0,0,0,0,0,0,0,0
0.021979,0.023862,0.029388,0,0,0,0,0,0,0,0,0,0,0,0
0.041459,0.023421,0.02759,0,0,0,0,0,0,0,0,0,0,0,0
0.023427,0.024525,0.037272,0,0,0,0,0,0,0,0,0,0,0,0
0.025496,0.023542,0.022509,0,0,0,0,0,0,0,0,0,0,0,0
0.032297,0.022439,0.020633,0,0,0,0,0,0,0,0,0,0,0,0
0.049001,0.067312,0.04555,0,0,0,0,0,0,0,0,0,0,0,0
0.025041,0.023197,0.022838,0,0,0,0,0,0,0,0,0,0,0,0
0.023366,0.025002,0.024094,0,0,0,0,0,0,0,0,0,0,0,0
0.022284,0.023835,0.022184,0,0,0,0,0,0,0,0,0,0,0,0
0.023257,0.02324,0.022474,0,0,0,0,0,0,0,0,0,0,0,0
0.023456,0.024602,0.022316,0,0,0,0,0,0,0,0,0,0,0,0
0.062228,0.062449,0.046005,0,0,0,0,0,0,0,0,0,0,0,0
0.029511,0.031994,0.027669,0,0,0,0,0,0,0,0,0,0,0,0
0.026038,0.023838,0.022086,0,0,0,0,0,0,0,0,0,0,0,0
0.029985,0.024287,0.021854,0,0,0,0,0,0,0,0,0,0,0,0
0.028403,0.024372,0.022519,0,0,0,0,0,0,0,0,0,0,0,0
0.035365,0.040534,0.023065,0,0,0,0,0,0,0,0,0,0,0,0
0.050215,0.050064,0.043914,0,0,0,0,0,0,0,0,0,0,0,0
0.021857,0.033812,0.02224,0,0,0,0,0,0,0,0,0,0,0,0
0.024275,0.022336,0.021798,0,0,0,0,0,0,0,0,0,0,0,0
0.025499,0.027588,0.024457,0,0,0,0,0,0,0,0,0,0,0,0
0.025603,0.02266,0.023944,0,0,0,0,0,0,0,0,0,0,0,0
0.02802,0.022986,0.023781,0,0,0,0,0,0,0,0,0,0,0,0
0.059868,0.046611,0.045822,0,0,0,0,0,0,0,0,0,0,0,0
0.034061,0.021648,0.021576,0,0,0,0,0,0,0,0,0,0,0,0
0.024096,0.022088,0.033839,0,0,0,0,0,0,0,0,0,0,0,0
0.032333,0.021624,0.020884,0,0,0,0,0,0,0,0,0,0,0,0
0.027797,0.022086,0.026108,0,0,0,0,0,0,0,0,0,0,0,0
0.023171,0.020902,0.02101,0,0,0,0,0,0,0,0,0,0,0,0
0.049979,0.04652,0.047817,0,0,0,0,0,0,0,0,0,0,0,0
0.049205,0.021829,0.030317,0,0,0,0,0,0,0,0,0,0,0,0
0.022317,0.02136,0.022967,0,0,0,0,0,0,0,0,0,0,0,0
0.030644,0.022666,0.024549,0,0,0,0,0,0,0,0,0,0,0,0
0.024539,0.022167,0.02597,0,0,0,0,0,0,0,0,0,0,0,0
0.031214,0.036445,0.024236,0,0,0,0,0,0,0,0,0,0,0,0
0.060627,0.062365,0.047875,0,0,0,0,0,0,0,0,0,0,0,0
0.022883,0.035763,0.023758,0,0,0,0,0,0,0,0,0,0,0,0
0.022069,0.02083,0.027255,0,0,0,0,0,0,0,0,0,0,0,0
0.023094,0.026837,0.020536,0,0,0,0,0,0,0,0,0,0,0,0
0.02274,0.023115,0.027654,0,0,0,0,0,0,0,0,0,0,0,0
0.023155,0.022623,0.020561,0,0,0,0,0,0,0,0,0,0,0,0
0.061829,0.052338,0.044282,0,0,0,0,0,0,0,0,0,0,0,0
0.028357,0.023169,0.020737,0,0,0,0,0,0,0,0,0,0,0,0
0.024079,0.023492,0.023188,0,0,0,0,0,0,0,0,0,0,0,0
0.022214,0.022471,0.02437,0,0,0,0,0,0,0,0,0,0,0,0
0.037374,0.025196,0.024469,0,0,0,0,0,0,0,0,0,0,0,0
0.022324,0.024693,0.023068,0,0,0,0,0,0,0,0,0,0,0,0
0.053343,0.047806,0.053902,0,0,0,0,0,0,0,0,0,0,0,0
0.023268,0.020882,0.022032,0,0,0,0,0,0,0,0,0,0,0,0
0.042781,0.020974,0.021103,0,0,0,0,0,0,0,0,0,0,0,0
0.042212,0.022135,0.020818,0,0,0,0,0,0,0,0,0,0,0,0
0.02548,0.023822,0.022018,0,0,0,0,0,0,0,0,0,0,0,0
0.023949,0.022756,0.021992,0,0,0,0,0,0,0,0,0,0,0,0
0.075495,0.047069,0.044376,0,0,0,0,0,0,0,0,0,0,0,0
0.023762,0.021359,0.020818,0,0,0,0,0,0,0,0,0,0,0,0
0.024639,0.021706,0.022063,0,0,0,0,0,0,0,0,0,0,0,0
0.02202,0.022232,0.020688,0,0,0,0,0,0,0,0,0,0,0,0
0.026539,0.020623,0.021852,0,0,0,0,0,0,0,0,0,0,0,0
0.021084,0.022735,0.023233,0,0,0,0,0,0,0,0,0,0,0,0
0.060147,0.045502,0.049302,0,0,0,0,0,0,0,0,0,0,0,0
0.036165,0.021396,0.028217,0,0,0,0,0,0,0,0,0,0,0,0
0.029025,0.023336,0.022332,0,0,0,0,0,0,0,0,0,0,0,0
0.022394,0.021271,0.022264,0,0,0,0,0,0,0,0,0,0,0,0
0.021814,0.021605,0.023454,0,0,0,0,0,0,0,0,0,0,0,0
0.022442,0.034054,0.022995,0,0,0,0,0,0,0,0,0,0,0,0
0.053964,0.060446,0.044077,0,0,0,0,0,0,0,0,0,0,0,0
0.023609,0.023464,0.021695,0,0,0,0,0,0,0,0,0,0,0,0
0.03705,0.023564,0.021083,0,0,0,0,0,0,0,0,0,0,0,0
0.061574,0.024329,0.021684,0,0,0,0,0,0,0,0,0,0,0,0
0.039993,0.024312,0.022225,0,0,0,0,0,0,0,0,0,0,0,0
0.023542,0.023324,0.022283,0,0,0,0,0,0,0,0,0,0,0,0
0.043456,0.055349,0.045913,0,0,0,0,0,0,0,0,0,0,0,0
0.026228,0.023784,0.020715,0,0,0,0,0,0,0,0,0,0,0,0
0.021318,0.023691,0.02224,0,0,0,0,0,0,0,0,0,0,0,0
0.022281,0.025705,0.022152,0,0,0,0,0,0,0,0,0,0,0,0
0.031079,0.024682,0.021527,0,0,0,0,0,0,0,0,0,0,0,0
0.023888,0.024067,0.022056,0,0,0,0,0,0,0,0,0,0,0,0
0.050983,0.058282,0.043247,0,0,0,0,0,0,0,0,0,0,0,0
0.032524,0.023625,0.026551,0,0,0,0,0,0,0,0,0,0,0,0
0.02241,0.025,0.02155,0,0,0,0,0,0,0,0,0,0,0,0
0.039078,0.022488,0.0221,0,0,0,0,0,0,0,0,0,0,0,0
0.040688,0.023255,0.023263,0,0,0,0,0,0,0,0,0,0,0,0
0.022251,0.021395,0.021157,0,0,0,0,0,0,0,0,0,0,0,0
0.043914,0.052905,0.045004,0,0,0,0,0,0,0,0,0,0,0,0
0.022414,0.037589,0.021747,0,0,0,0,0,0,0,0,0,0,0,0
0.021863,0.023243,0.02566,0,0,0,0,0,0,0,0,0,0,0,0
0.031093,0.022288,0.021302,0,0,0,0,0,0,0,0,0,0,0,0
0.021716,0.027392,0.026018,0,0,0,0,0,0,0,0,0,0,0,0
0.022467,0.022051,0.022017,0,0,0,0,0,0,0,0,0,0,0,0
0.052033,0.054134,0.050113,0,0,0,0,0,0,0,0,0,0,0,0
0.033115,0.02251,0.026182,0,0,0,0,0,0,0,0,0,0,0,0
0.038596,0.022792,0.020342,0,0,0,0,0,0,0,0,0,0,0,0
0.025003,0.02188,0.020624,0,0,0,0,0,0,0,0,0,0,0,0
0.039981,0.021029,0.021705,0,0,0,0,0,0,0,0,0,0,0,0
0.035416,0.02095,0.033327,0,0,0,0,0,0,0,0,0,0,0,0
0.045169,0.052346,0.04983,0,0,0,0,0,0,0,0,0,0,0,0
0.026405,0.020757,0.021381,0,0,0,0,0,0,0,0,0,0,0,0
0.022605,0.022234,0.024386,0,0,0,0,0,0,0,0,0,0,0,0
0.022388,0.021173,0.02498,0,0,0,0,0,0,0,0,0,0,0,0
0.021439,0.023971,0.021433,0,0,0,0,0,0,0,0,0,0,0,0
0.038047,0.021835,0.020928,0,0,0,0,0,0,0,0,0,0,0,0
0.065506,0.046539,0.046903,0,0,0,0,0,0,0,0,0,0,0,0
0.031916,0.029282,0.021982,0,0,0,0,0,0,0,0,0,0,0,0
0.020941,0.024548,0.022508,0,0,0,0,0,0,0,0,0,0,0,0
0.03101,0.023095,0.02344,0,0,0,0,0,0,0,0,0,0,0,0
0.031278,0.023339,0.024222,0,0,0,0,0,0,0,0,0,0,0,0
0.022384,0.022186,0.023165,0,0,0,0,0,0,0,0,0,0,0,0
0.0596,0.044947,0.048284,0,0,0,0,0,0,0,0,0,0,0,0
0.023137,0.021669,0.022078,0,0,0,0,0,0,0,0,0,0,0,0
0.033102,0.021137,0.020868,0,0,0,0,0,0,0,0,0,0,0,0
0.024087,0.02334,0.022175,0,0,0,0,0,0,0,0,0,0,0,0
0.03606,0.021067,0.02079,0,0,0,0,0,0,0,0,0,0,0,0
0.021572,0.022081,0.023296,0,0,0,0,0,0,0,0,0,0,0,0
0.045044,0.045115,0.043655,0,0,0,0,0,0,0,0,0,0,0,0
0.033891,0.03174,0.02209,0,0,0,0,0,0,0,0,0,0,0,0
0.024577,0.023991,0.032632,0,0,0,0,0,0,0,0,0,0,0,0
0.032969,0.023577,0.022753,0,0,0,0,0,0,0,0,0,0,0,0
0.036451,0.021178,0.024216,0,0,0,0,0,0,0,0,0,0,0,0
0.040925,0.021376,0.021965,0,0,0,0,0,0,0,0,0,0,0,0
0.054453,0.05431,0.045054,0,0,0,0,0,0,0,0,0,0,0,0
0.021831,0.021739,0.022203,0,0,0,0,0,0,0,0,0,0,0,0
0.033315,0.022921,0.022206,0,0,0,0,0,0,0,0,0,0,0,0
0.041525,0.022398,0.021268,0,0,0,0,0,0,0,0,0,0,0,0
0.029889,0.022474,0.020332,0,0,0,0,0,0,0,0,0,0,0,0
0.034664,0.023561,0.022975,0,0,0,0,0,0,0,0,0,0,0,0
0.047685,0.047722,0.054993,0,0,0,0,0,0,0,0,0,0,0,0
0.022246,0.021849,0.022492,0,0,0,0,0,0,0,0,0,0,0,0
0.023385,0.021895,0.020973,0,0,0,0,0,0,0,0,0,0,0,0
0.022388,0.02457,0.020549,0,0,0,0,0,0,0,0,0,0,0,0
0.027598,0.023436,0.032657,0,0,0,0,0,0,0,0,0,0,0,0
0.025478,0.023304,0.023974,0,0,0,0,0,0,0,0,0,0,0,0
0.049409,0.052828,0.044197,0,0,0,0,0,0,0,0,0,0,0,0
0.024076,0.023486,0.02257,0,0,0,0,0,0,0,0,0,0,0,0
0.021543,0.022879,0.020641,0,0,0,0,0,0,0,0,0,0,0,0
0.025169,0.025422,0.032644,0,0,0,0,0,0,0,0,0,0,0,0
0.0215,0.032133,0.024744,0,0,0,0,0,0,0,0,0,0,0,0
0.025939,0.023178,0.021551,0,0,0,0,0,0,0,0,0,0,0,0
0.048542,0.044945,0.048199,0,0,0,0,0,0,0,0,0,0,0,0
0.038412,0.022452,0.021072,0,0,0,0,0,0,0,0,0,0,0,0
0.021506,0.020832,0.030673,0,0,0,0,0,0,0,0,0,0,0,0
0.023707,0.034666,0.02403,0,0,0,0,0,0,0,0,0,0,0,0
0.053991,0.021801,0.024542,0,0,0,0,0,0,0,0,0,0,0,0
0.024022,0.021593,0.031124,0,0,0,0,0,0,0,0,0,0,0,0
0.053074,0.054248,0.051378,0,0,0,0,0,0,0,0,0,0,0,0
0.023418,0.023748,0.035776,0,0,0,0,0,0,0,0,0,0,0,0
0.023217,0.020985,0.024046,0,0,0,0,0,0,0,0,0,0,0,0
0.023627,0.022219,0.022703,0,0,0,0,0,0,0,0,0,0,0,0
0.022923,0.022027,0.022229,0,0,0,0,0,0,0,0,0,0,0,0
0.042697,0.021367,0.021829,0,0,0,0,0,0,0,0,0,0,0,0
0.051717,0.045039,0.046838,0,0,0,0,0,0,0,0,0,0,0,0
0.023635,0.02098,0.019747,0,0,0,0,0,0,0,0,0,0,0,0
0.033267,0.022571,0.021965,0,0,0,0,0,0,0,0,0,0,0,0
0.02226,0.022259,0.021134,0,0,0,0,0,0,0,0,0,0,0,0
0.039231,0.021175,0.021901,0,0,0,0,0,0,0,0,0,0,0,0
0.02236,0.022411,0.032501,0,0,0,0,0,0,0,0,0,0,0,0
0.054268,0.052022,0.048906,0,0,0,0,0,0,0,0,0,0,0,0
0.031447,0.025019,0.021416,0,0,0,0,0,0,0,0,0,0,0,0
0.022693,0.021873,0.02154,0,0,0,0,0,0,0,0,0,0,0,0
0.021948,0.022969,0.021632,0,0,0,0,0,0,0,0,0,0,0,0
0.021404,0.021944,0.020746,0,0,0,0,0,0,0,0,0,0,0,0
0.020847,0.023018,0.022892,0,0,0,0,0,0,0,0,0,0,0,0
0.045939,0.043666,0.048304,0,0,0,0,0,0,0,0,0,0,0,0
0.022227,0.0213,0.026208,0,0,0,0,0,0,0,0,0,0,0,0
0.029126,0.020708,0.022513,0,0,0,0,0,0,0,0,0,0,0,0
0.04102,0.031592,0.024353,0,0,0,0,0,0,0,0,0,0,0,0
0.021894,0.023023,0.036766,0,0,0,0,0,0,0,0,0,0,0,0
0.023113,0.025229,0.022569,0,0,0,0,0,0,0,0,0,0,0,0
0.049686,0.049431,0.052707,0,0,0,0,0,0,0,0,0,0,0,0
0.040486,0.021073,0.032564,0,0,0,0,0,0,0,0,0,0,0,0
0.023698,0.021813,0.022936,0,0,0,0,0,0,0,0,0,0,0,0
0.029062,0.025143,0.024246,0,0,0,0,0,0,0,0,0,0,0,0
0.020566,0.026934,0.022934,0,0,0,0,0,0,0,0,0,0,0,0
0.02947,0.023534,0.022258,0,0,0,0,0,0,0,0,0,0,0,0
0.049716,0.045533,0.0445,0,0,0,0,0,0,0,0,0,0,0,0
0.032115,0.022225,0.022321,0,0,0,0,0,0,0,0,0,0,0,0
0.022415,0.02915,0.02136,0,0,0,0,0,0,0,0,0,0,0,0
0.029377,0.021235,0.022085,0,0,0,0,0,0,0,0,0,0,0,0
0.024319,0.021001,0.022272,0,0,0,0,0,0,0,0,0,0,0,0
0.021947,0.021476,0.022223,0,0,0,0,0,0,0,0,0,0,0,0
0.046196,0.042776,0.044499,0,0,0,0,0,0,0,0,0,0,0,0
0.021177,0.027821,0.021246,0,0,0,0,0,0,0,0,0,0,0,0
0.04655,0.020271,0.021743,0,0,0,0,0,0,0,0,0,0,0,0
0.021891,0.021068,0.022877,0,0,0,0,0,0,0,0,0,0,0,0
0.034043,0.021583,0.023018,0,0,0,0,0,0,0,0,0,0,0,0
0.023411,0.027616,0.032326,0,0,0,0,0,0,0,0,0,0,0,0
0.056157,0.050379,0.054243,0,0,0,0,0,0,0,0,0,0,0,0
0.022695,0.020044,0.032277,0,0,0,0,0,0,0,0,0,0,0,0
0.037449,0.022787,0.023801,0,0,0,0,0,0,0,0,0,0,0,0
0.021735,0.021234,0.022631,0,0,0,0,0,0,0,0,0,0,0,0
0.020903,0.021337,0.022808,0,0,0,0,0,0,0,0,0,0,0,0
0.026585,0.022336,0.023437,0,0,0,0,0,0,0,0,0,0,0,0
0.066547,0.044999,0.053085,0,0,0,0,0,0,0,0,0,0,0,0
0.035504,0.022189,0.023095,0,0,0,0,0,0,0,0,0,0,0,0
0.027703,0.022774,0.023137,0,0,0,0,0,0,0,0,0,0,0,0
0.035586,0.026112,0.023809,0,0,0,0,0,0,0,0,0,0,0,0
0.042864,0.021354,0.024123,0,0,0,0,0,0,0,0,0,0,0,0
0.024916,0.022854,0.02234,0,0,0,0,0,0,0,0,0,0,0,0
0.075994,0.045555,0.054782,0,0,0,0,0,0,0,0,0,0,0,0
0.023876,0.021128,0.024368,0,0,0,0,0,0,0,0,0,0,0,0
0.033349,0.021168,0.025688,0,0,0,0,0,0,0,0,0,0,0,0
0.031481,0.021811,0.028216,0,0,0,0,0,0,0,0,0,0,0,0
0.031992,0.022445,0.02618,0,0,0,0,0,0,0,0,0,0,0,0
0.048838,0.023004,0.02249,0,0,0,0,0,0,0,0,0,0,0,0
0.04845,0.056029,0.0438,0,0,0,0,0,0,0,0,0,0,0,0
0.030693,0.020485,0.02226,0,0,0,0,0,0,0,0,0,0,0,0
0.029098,0.021902,0.020983,0,0,0,0,0,0,0,0,0,0,0,0
0.036644,0.022762,0.022588,0,0,0,0,0,0,0,0,0,0,0,0
0.024601,0.032234,0.022786,0,0,0,0,0,0,0,0,0,0,0,0
0.048195,0.022517,0.020789,0,0,0,0,0,0,0,0,0,0,0,0
0.053548,0.046522,0.056386,0,0,0,0,0,0,0,0,0,0,0,0
0.029242,0.023414,0.025024,0,0,0,0,0,0,0,0,0,0,0,0
0.02383,0.022761,0.02313,0,0,0,0,0,0,0,0,0,0,0,0
0.022608,0.021617,0.021622,0,0,0,0,0,0,0,0,0,0,0,0
0.058636,0.022551,0.026088,0,0,0,0,0,0,0,0,0,0,0,0
0.033809,0.020684,0.020903,0,0,0,0,0,0,0,0,0,0,0,0
0.04577,0.045697,0.047046,0,0,0,0,0,0,0,0,0,0,0,0
0.023337,0.0218,0.02097,0,0,0,0,0,0,0,0,0,0,0,0
0.038627,0.025027,0.031093,0,0,0,0,0,0,0,0,0,0,0,0
0.023342,0.031261,0.024272,0,0,0,0,0,0,0,0,0,0,0,0
0.023366,0.022036,0.02276,0,0,0,0,0,0,0,0,0,0,0,0
0.022944,0.021557,0.021569,0,0,0,0,0,0,0,0,0,0,0,0
0.046197,0.049243,0.046926,0,0,0,0,0,0,0,0,0,0,0,0
0.024905,0.022379,0.030011,0,0,0,0,0,0,0,0,0,0,0,0
0.035,0.021985,0.021906,0,0,0,0,0,0,0,0,0,0,0,0
0.023377,0.022509,0.025527,0,0,0,0,0,0,0,0,0,0,0,0
0.040999,0.022278,0.022889,0,0,0,0,0,0,0,0,0,0,0,0
0.022749,0.020939,0.021199,0,0,0,0,0,0,0,0,0,0,0,0
0.046372,0.045532,0.046054,0,0,0,0,0,0,0,0,0,0,0,0
0.02191,0.020887,0.021045,0,0,0,0,0,0,0,0,0,0,0,0
0.037008,0.021868,0.021882,0,0,0,0,0,0,0,0,0,0,0,0
0.036109,0.02464,0.020276,0,0,0,0,0,0,0,0,0,0,0,0
0.022325,0.022285,0.029063,0,0,0,0,0,0,0,0,0,0,0,0
0.02499,0.021245,0.023966,0,0,0,0,0,0,0,0,0,0,0,0
0.045249,0.044379,0.04457,0,0,0,0,0,0,0,0,0,0,0,0
0.036572,0.022009,0.024104,0,0,0,0,0,0,0,0,0,0,0,0
0.021033,0.022142,0.022388,0,0,0,0,0,0,0,0,0,0,0,0
0.022065,0.022729,0.02167,0,0,0,0,0,0,0,0,0,0,0,0
0.020716,0.021327,0.032694,0,0,0,0,0,0,0,0,0,0,0,0
0.04656,0.031007,0.024963,0,0,0,0,0,0,0,0,0,0,0,0
0.048558,0.049839,0.04761,0,0,0,0,0,0,0,0,0,0,0,0
0.025051,0.021296,0.021148,0,0,0,0,0,0,0,0,0,0,0,0
0.020891,0.020487,0.02075,0,0,0,0,0,0,0,0,0,0,0,0
0.027119,0.021419,0.021033,0,0,0,0,0,0,0,0,0,0,0,0
0.022155,0.021833,0.035027,0,0,0,0,0,0,0,0,0,0,0,0
0.021425,0.021205,0.021996,0,0,0,0,0,0,0,0,0,0,0,0
0.043794,0.042235,0.045215,0,0,0,0,0,0,0,0,0,0,0,0
0.021988,0.023806,0.02993,0,0,0,0,0,0,0,0,0,0,0,0
0.037035,0.021785,0.023753,0,0,0,0,0,0,0,0,0,0,0,0
