0.000131
0.21774
0.003264
0.00308
0.002957
0.002978
0.00318
0.003086
0.003224
0.003292
0.003216
0.00407
0.003375
0.003544
0.003303
0.003466
0.003248
0.003214
0.003307
0.005018
0.003554
0.003309
0.003192
0.003069
0.004114
0.003042
0.003101
0.00308
0.003467
0.003386
0.003459
0.003084
0.002932
0.002938
0.003004
0.003199
0.00546
0.003376
0.003184
0.003306
0.003229
0.003104
0.002955
0.003172
0.003091
0.003005
0.003384
0.003697
0.003423
0.003324
0.003625
0.00351
0.00363
0.003402
0.00362
0.003422
0.003673
0.003447
0.003582
0.003349
0.003458
0.003388
0.003618
0.003786
0.003665
0.004277
0.002998
0.002977
0.003411
0.003811
0.003429
0.003407
0.003696
0.003613
0.003528
0.00357
0.003526
0.003558
0.003459
0.003589
0.003477
0.003555
0.003523
0.003609
0.003518
0.003543
0.003662
0.003364
0.003558
0.003552
0.003853
0.004972
0.005856
0.004629
0.004624
0.003998
0.003557
0.003706
0.00319
0.003069
0.002977
0.002848
0.00294
0.003113
0.003092
0.003562
0.003683
0.00347
0.004213
0.005618
0.005109
0.005563
0.004345
0.004441
0.003575
0.003414
0.00343
0.003614
0.004038
0.005645
0.005308
0.004458
0.004343
0.003565
0.003595
0.003279
0.003211
0.00327
0.00299
0.004077
0.006499
0.005701
0.004805
0.004427
0.00354
0.003533
0.003216
0.003267
0.003203
0.003126
0.003622
0.003537
0.003544
0.003661
0.003886
0.005672
0.0053
0.00526
0.00434
0.004448
0.003373
0.003877
0.00349
0.003177
0.004399
0.005806
0.005249
0.004755
0.004282
0.003955
0.003833
0.004274
0.003654
0.003555
0.00359
0.003489
0.003532
0.003644
0.003448
0.003521
0.004149
0.005807
0.006525
0.00549
0.004192
