0.000136
0.21487
0.009656
0.008136
0.006413
0.005909
0.005363
0.004762
0.005289
0.004664
0.004983
0.00482
0.004746
0.004752
0.004972
0.004626
0.004724
0.005237
0.009582
0.0077
0.009884
0.008445
0.006806
0.005953
0.004697
0.004811
0.005384
0.004762
0.004583
0.004667
0.0046
0.004608
0.004517
0.004529
0.004507
0.004676
0.00512
0.00466
0.004643
0.004651
0.004609
0.004699
0.004732
0.004655
0.004659
0.004823
0.005488
0.00979
0.007665
0.006275
0.0058
0.00465
0.004606
0.004967
0.004589
0.004827
0.005141
0.005042
0.00459
0.004957
0.004691
0.004708
0.004761
0.00484
0.00489
0.004944
0.004929
0.004869
0.00486
0.004729
0.004625
0.004576
0.005262
0.009871
0.008054
0.006585
0.005383
0.004997
0.004756
0.004825
0.004837
0.004841
0.004916
0.004897
0.005059
0.005063
0.005603
0.004931
0.004855
0.005147
0.004945
0.004968
0.005237
0.005119
0.005737
0.004646
0.004682
0.005536
0.004787
0.004914
0.004606
0.00457
0.004664
0.004715
0.00461
0.004632
0.004604
0.00519
0.009732
0.009544
0.011628
0.008611
0.007291
0.005442
0.004789
0.004752
0.005048
0.004989
0.004474
0.004461
0.005208
0.004586
0.004606
0.005145
0.004858
0.004851
0.00512
0.004629
0.004531
