1.2012
0.14742
0.082862
0.066676
0.096701
NaN
0.084138
NaN
0.05166
0.052324
0.05007
0.023123
0.024836
0.022972
0.022353
0.023591
0.052851
0.031166
0.023228
0.024834
0.02208
0.022405
0.055324
0.024572
0.024406
0.025239
0.024442
0.033925
0.057009
0.026459
0.023528
0.02387
0.033571
0.029183
0.055209
0.030888
0.027523
0.032646
0.025474
0.023967
0.048672
0.035917
0.025949
0.035322
0.036063
0.036212
0.047455
0.026694
0.023197
0.022832
0.02684
0.032393
0.055314
NaN
0.023543
0.025752
0.02481
0.025929
0.030416
0.060871
0.023633
0.023526
0.023292
0.023181
0.027163
0.048373
0.027
0.023356
0.025569
0.028095
0.022439
0.059748
0.02286
0.026584
0.023063
0.021775
0.022287
0.046041
0.03345
0.021917
0.022437
0.021802
0.021988
0.045922
0.020731
0.022545
0.021582
0.021432
0.022142
0.044328
0.022339
0.022065
0.022151
0.021447
0.021828
0.052438
0.023161
0.023453
0.020972
0.023315
0.022194
0.05895
0.022244
0.022589
0.021719
0.022206
0.023091
0.04386
0.023513
0.025921
0.021462
0.023543
0.022809
0.046408
0.023006
0.023537
0.022561
0.022171
0.033086
0.058662
0.031147
0.024402
0.023479
0.023185
0.024577
0.055439
0.024277
0.023073
0.022842
0.021967
0.024091
0.044326
0.023039
0.023088
0.023494
0.023436
0.023114
0.045086
0.022379
0.023349
0.022151
0.021954
0.022655
0.046598
0.023137
0.022466
0.022681
0.023322
0.023122
0.047668
0.021896
