0.000139
0.23624
0.007261
0.006435
0.006911
0.006505
0.006271
0.006376
0.007066
0.007163
0.006789
0.00661
0.006382
0.006482
0.006427
0.00679
0.006576
0.006565
0.007032
0.006569
0.007162
0.006279
0.006485
0.006757
0.0065
0.006411
0.006382
0.006253
0.006324
0.006387
0.00674
0.006474
0.006452
0.006376
0.006849
0.007424
0.006579
0.006538
0.006579
0.006353
0.006553
0.006327
0.006269
0.006866
0.007071
0.006646
0.006296
0.006884
0.00625
0.006461
0.006373
0.006527
0.007017
0.006372
0.006401
0.006518
0.007378
0.01505
0.009881
0.00781
0.007311
0.009225
0.008065
0.007138
0.007209
0.007085
0.007474
0.006981
0.006383
0.006691
0.006833
0.007098
0.007045
0.006458
0.006427
0.00652
0.006724
0.006797
0.007119
0.006459
0.006639
0.006475
0.006529
0.006489
0.006496
0.008306
0.007255
0.007507
0.007105
0.00673
0.007061
0.00711
0.006506
0.006745
0.006408
0.00654
0.006255
0.00641
0.006757
0.006684
0.006648
0.006891
0.006954
0.006927
0.006754
0.006937
0.009446
0.00711
0.007143
0.007392
0.00667
0.007143
0.007512
0.006759
0.007207
0.006741
0.006815
0.00674
0.006839
0.006483
0.006695
0.006655
0.006552
0.006448
0.006366
0.00658
0.006947
0.006755
0.006809
0.007529
0.007438
0.008525
0.007117
0.006912
0.007436
0.007642
0.007005
0.007409
0.007429
0.006667
0.006786
0.006499
0.006557
0.006587
0.00702
0.006859
0.006509
0.007171
0.006912
0.006779
0.007069
0.008134
0.008056
0.007254
0.006856
0.007905
0.007182
0.007224
0.007138
0.006749
