1.2305
0.15992
0.093459
0.07687
0.10688
0.092942
0.062957
0.060354
0.06111
0.031046
0.027519
0.02756
0.02723
0.02847
0.062504
0.025438
0.029008
0.031823
0.025675
0.025945
0.052013
0.025107
0.025576
0.025802
0.025537
0.025115
0.051635
0.025952
0.027386
0.028587
0.035988
0.036541
0.059104
0.028184
0.033774
0.026781
0.032563
0.027555
0.050536
0.030345
0.031102
0.025816
0.040626
0.026657
0.050568
0.033476
0.028803
0.030079
0.028223
0.02814
0.056631
0.027678
0.027726
0.046381
0.028682
0.027451
0.060621
0.031972
0.02596
0.026416
0.027142
0.028317
0.058809
0.026378
0.025433
0.033913
0.026208
0.025843
0.049759
0.029165
0.025041
0.025587
0.025157
0.033869
0.051103
0.025644
