1.2195
0.15156
0.077986
0.066643
0.093822
0.082826
0.055573
0.053983
0.05435
0.024177
0.024162
0.0239
0.024565
0.023894
0.062906
0.023429
0.023664
0.028112
0.02354
0.022383
0.052806
0.023613
0.020991
0.021922
0.021608
0.021766
0.04792
0.024806
0.022749
0.022308
0.037831
0.025059
0.059776
0.035348
0.036958
0.023883
0.02238
0.025458
0.052077
0.02584
0.022663
0.021353
0.023036
0.023095
0.047048
0.022087
0.022065
0.022949
0.021992
0.021899
0.044725
0.022718
0.023377
0.021732
0.021889
0.022605
0.046886
0.025296
0.023163
0.022213
0.02113
0.021941
0.04336
0.020794
0.020303
0.022106
0.021386
0.0213
0.046995
0.021052
0.020601
0.021915
0.021551
0.021225
0.050202
0.021439
0.020876
0.024492
0.0236
0.028984
0.050399
0.021613
0.026829
0.022048
0.020604
0.020777
0.053478
0.022531
0.021393
0.020522
0.021515
0.020967
0.056676
0.020736
0.020709
0.021311
0.021783
0.020584
0.052235
0.021282
0.02246
0.027836
0.020405
0.020949
0.056642
0.041551
0.026692
0.026019
0.024251
0.024744
0.054202
0.023047
0.027454
0.021711
0.025624
0.024536
0.043815
0.021242
0.031257
0.036659
0.02375
0.022836
0.049534
0.023206
0.022077
0.028424
0.020608
0.021932
0.045632
0.020188
0.020741
0.020714
0.020788
0.022939
0.051771
0.022074
0.020969
0.025205
0.02417
0.03654
0.048938
0.029435
0.021421
0.022075
0.022532
0.024144
0.054802
0.023691
0.027077
0.023691
0.023553
0.024077
0.056278
0.022183
0.023144
0.02859
0.020448
0.021841
0.043913
0.021174
0.021551
0.020612
0.02034
0.021465
0.050167
0.022422
0.02138
0.022074
0.022015
0.022029
0.043583
0.020949
0.031253
0.024264
0.022568
