0.000172
0.21935
0.003216
0.003013
0.002957
0.004434
0.003192
0.002965
0.003317
0.003024
0.003533
0.002896
0.003221
0.003022
0.003027
0.003602
0.005455
0.005759
0.004824
0.00438
0.003527
0.003562
0.003473
0.003007
0.003041
0.003325
0.00342
0.003621
0.003135
0.003379
0.003533
0.003422
0.003386
0.003319
0.003476
0.003434
0.003718
0.005641
0.005751
0.004256
0.004107
0.003783
0.003461
0.003576
0.003152
0.003028
0.002947
0.003129
0.003165
0.003772
0.003628
0.003552
0.003728
0.003265
0.003951
0.006074
0.006726
0.006285
0.00385
NaN
NaN
NaN
NaN
0.000225
0.23817
0.003443
0.00324
0.003358
0.0034
0.003128
0.003226
0.003196
0.003231
0.003273
0.003039
0.00315
0.003142
0.003312
0.003311
0.003438
0.00323
0.003386
0.003322
0.003388
0.003477
0.003434
0.003059
0.003239
0.003226
NaN
NaN
NaN
NaN
0.000166
0.21493
0.003179
0.003002
0.002858
0.002888
0.002794
0.003233
0.003359
0.003224
0.002828
0.002768
0.002901
0.002771
0.002867
0.002809
0.003339
0.003341
0.003395
0.003333
NaN
NaN
NaN
NaN
0.000189
0.22096
0.004897
0.004938
0.005286
0.004664
0.004031
0.004198
0.003475
0.003376
0.003412
0.003397
0.003367
0.002846
0.002672
0.00298
0.00286
0.003038
0.003189
0.004828
0.004745
0.004358
0.004196
0.003891
0.005081
0.004766
0.004827
0.005359
0.004495
0.004383
0.003882
0.003505
0.003365
0.003029
0.003139
0.00284
0.003039
0.002891
0.002992
0.003108
NaN
NaN
NaN
NaN
0.000178
0.20555
0.003145
0.002866
0.00315
0.002877
0.003113
0.003221
0.003118
0.003277
0.003474
0.003247
0.003286
0.003583
0.003681
0.003101
0.003474
0.003385
NaN
NaN
NaN
NaN
0.000171
0.23005
0.003096
0.003438
0.003441
0.00347
0.003241
0.003314
0.003665
0.003124
0.00345
0.00335
0.00404
0.005635
0.005412
0.005393
0.004898
0.004367
0.003719
0.003629
0.003273
0.003312
0.003314
0.003099
0.003146
0.003213
0.003198
0.003058
0.003279
0.00325
0.003365
0.003519
0.003317
0.003508
0.003275
0.003548
0.00341
0.003209
0.003311
0.003512
0.003815
0.004856
0.004633
0.004881
0.005656
0.005925
0.006629
0.005719
0.004992
0.004185
0.004118
0.003561
0.003396
0.003398
0.00304
0.002955
0.003236
0.003065
0.003137
0.003011
0.003146
0.003611
0.003206
0.003628
0.00334
NaN
NaN
NaN
NaN
0.000146
0.21153
0.003136
0.002925
0.00295
0.002476
0.002898
0.002782
0.002858
0.003053
0.00329
0.003078
0.002989
0.002896
0.002698
0.002777
0.003427
0.00386
0.003249
0.003111
0.003078
0.002897
NaN
NaN
NaN
NaN
0.00018
0.22692
0.002815
0.002794
0.002909
0.002799
0.00257
0.003259
0.002865
0.002717
0.00258
0.002625
0.002607
0.003171
0.003023
0.002852
0.002877
0.00287
0.002824
0.002832
0.002691
0.003023
0.002481
0.002531
0.002788
0.004826
0.004786
0.003585
0.003383
0.003389
0.00337
0.003897
0.0042
0.00334
0.002722
0.00286
0.003635
0.003522
0.003089
0.002535
0.002767
0.002576
0.00256
0.002742
0.002516
0.002564
0.002697
0.0026
0.002852
0.003607
0.003554
0.00484
0.004775
0.004695
0.003377
0.004104
0.004033
0.003769
0.003747
0.00372
0.003587
0.003514
0.003071
0.003107
0.003567
0.002865
0.003015
0.004769
0.005104
0.004173
0.005333
0.003524
0.00351
0.003481
0.003128
0.003097
NaN
NaN
NaN
NaN
0.000225
0.2191
0.002859
0.002535
0.003148
0.002669
0.002572
0.00252
0.002713
0.002658
0.002938
0.002891
0.002793
0.002786
0.002778
0.002608
0.003186
0.002695
0.002515
0.002685
0.002876
0.002863
0.003307
0.00488
0.004605
0.004586
0.00445
0.003668
0.003655
0.003445
0.003475
0.003485
NaN
NaN
