0.000184
0.22113
0.003072
0.00318
0.002846
0.003474
0.00305
0.003021
0.002921
0.00387
0.003298
0.003132
0.003236
0.003182
0.003217
0.003132
0.002773
0.002647
0.002803
0.002806
0.002854
0.002854
0.003204
0.00278
0.002798
0.002654
0.002913
0.003002
0.002939
0.003349
0.00334
0.003505
0.005035
0.005356
0.004679
0.00525
0.005131
0.004774
0.00414
0.004666
0.003753
0.003512
0.003455
0.003172
0.003579
0.003486
0.003503
0.00347
0.003298
0.003271
0.003707
0.002778
0.002774
0.002659
0.002734
0.002747
0.003159
0.003196
0.00271
0.002495
0.002641
0.002838
0.002894
0.002677
0.003492
0.003122
0.002623
0.002611
0.002578
0.002504
0.002981
0.003405
0.003173
0.002728
0.002485
0.002665
0.002681
0.003188
0.004938
0.005238
0.004873
0.004162
0.004216
0.003334
0.003455
0.003145
0.004133
0.003548
0.002724
0.00275
0.003062
0.003073
0.002631
0.002885
0.002675
0.002709
0.002602
0.002881
0.002762
0.002892
0.003289
0.002752
0.002711
0.002775
0.002893
0.002863
0.002788
0.003178
0.003069
0.003125
0.002786
0.002902
0.003195
0.003095
0.003158
0.002799
0.003142
0.00332
0.003362
0.002983
0.002682
0.002611
0.004023
0.002606
0.00283
0.003321
0.00324
0.003373
0.003199
0.003837
0.003205
0.003429
0.003247
0.00257
0.002528
0.002663
0.002658
0.003026
0.002784
0.002554
0.002571
NaN
NaN
NaN
NaN
0.000221
0.34018
0.003232
0.002972
0.003051
0.003515
0.003276
0.003524
0.002908
0.002646
0.002771
0.002632
0.002562
0.002868
0.0028
0.002585
0.002638
0.002776
0.002905
0.003019
0.003365
0.002827
0.002915
0.002592
0.002876
0.002967
0.002644
0.003055
0.003057
0.002631
0.002916
0.002725
0.002656
0.002508
0.002569
0.002435
0.003006
0.003254
0.002876
0.002569
0.002535
0.002615
0.002724
0.002876
0.003045
0.003051
0.002862
0.003258
0.002655
0.002481
0.002931
0.002547
0.003268
NaN
NaN
NaN
NaN
0.000168
0.21881
0.002991
0.002538
0.002496
0.002854
0.00296
0.003017
0.00324
0.002468
0.002592
NaN
NaN
NaN
NaN
0.00018
0.23563
0.003127
0.005706
0.003541
0.003187
0.003007
0.003978
0.005197
0.005465
0.0055
0.004739
0.004369
0.005129
0.005691
0.006001
0.004268
0.005372
0.004229
0.003583
0.003072
0.003136
0.003357
0.00551
0.005122
0.00363
0.003921
0.005252
0.00499
0.00498
0.004218
0.004464
0.003819
0.003314
0.003945
0.003402
0.003807
0.004774
0.006129
0.00312
0.003169
0.003505
0.004018
0.004177
0.003636
0.003941
0.006744
0.004642
0.004444
0.003965
0.00367
0.004455
0.004239
0.005116
0.007432
0.005143
0.00621
0.004451
0.004412
0.003792
0.0035
0.003296
0.003218
0.002992
0.002633
0.002824
0.002767
0.003033
0.002882
0.002578
0.002608
0.003015
0.002683
0.002707
0.002684
0.002919
0.003087
0.0052
0.005556
0.005058
0.004763
0.004678
0.005533
0.005686
0.00546
0.005221
0.004443
0.003653
0.003486
0.003767
0.003705
0.002744
0.002833
0.002682
0.003061
0.003595
0.003412
0.003517
0.003328
0.003142
0.002811
0.003942
0.003048
0.002519
0.002724
0.002585
0.002974
0.002616
0.002453
0.00261
0.002859
0.003082
0.003169
0.003014
0.002512
0.002568
0.00266
0.002973
0.002943
0.003758
0.003175
0.003416
0.003097
0.002772
0.002653
0.00271
0.002693
0.002971
0.002734
0.002497
0.002673
0.002641
0.002621
0.002889
0.005126
0.005732
0.0046
0.004562
0.004068
0.003764
0.003471
0.003075
0.006256
0.005781
0.004961
0.004204
0.003764
0.003397
0.003384
