0.000129
0.21126
0.001635
0.001716
0.002189
0.002422
0.002352
0.002547
0.002449
0.002322
0.002395
0.002663
0.002124
0.002058
0.002689
0.003634
0.003302
0.003624
0.003438
0.003393
0.002821
0.003177
0.003003
0.002869
0.002856
0.002924
0.002816
0.002498
0.00255
0.002543
0.002497
0.002428
0.002281
0.00222
0.002518
0.002205
0.002188
0.002703
0.002078
0.002072
0.00253
0.00203
0.001799
0.002011
0.001926
0.00317
0.003087
0.003434
0.003393
0.003482
0.002923
0.002421
0.002541
0.002583
0.003244
0.003362
0.003505
0.003744
0.003709
0.003226
0.003209
0.002726
0.0026
0.00268
0.002569
0.002384
0.002452
0.002071
0.00206
0.002015
0.002213
0.00193
0.002007
0.002003
0.001874
0.002369
0.001984
0.001922
0.002719
0.002146
0.0023
0.002381
0.001922
0.001838
0.001918
0.001839
0.002378
0.001726
0.001919
0.002009
0.001955
0.005897
0.001979
0.002072
0.001988
0.002045
0.002559
0.001976
0.00203
0.002262
0.001875
0.002062
0.002086
0.002256
0.002528
0.002341
0.001885
0.002411
0.001834
0.001932
0.001943
0.001823
0.002745
0.003564
0.003534
0.003253
0.002832
0.002783
0.002467
0.002396
0.002566
0.002401
0.002192
0.00296
0.002411
0.002222
0.002263
0.002313
0.002227
0.00247
0.002725
0.002427
0.002198
0.002483
0.003436
0.003298
0.003626
0.003559
0.003478
0.003336
0.00297
0.002322
0.002579
0.002446
0.002661
0.002272
0.002298
0.002522
0.002569
0.003039
0.002844
0.002836
0.00295
0.002962
0.002963
0.002725
0.002452
0.002353
0.002856
0.002383
0.00213
0.002135
0.002218
0.002231
0.002256
0.002228
0.002289
0.00212
0.002074
0.002193
0.002557
0.002024
0.002028
0.002539
0.001936
0.00201
0.003109
0.002547
0.002316
0.002044
0.001998
0.00193
0.002448
0.00196
0.002059
0.002715
0.001867
0.00235
0.002937
0.003428
0.003039
0.002299
0.002341
0.002229
0.002392
0.002299
0.002295
0.002198
0.002173
0.002164
0.002072
0.002004
0.002388
0.002057
0.001963
0.002465
0.002
0.002187
0.002434
0.001966
0.00217
0.001984
0.001971
0.002612
0.001918
0.001937
0.00196
0.002143
0.002037
0.002056
0.002153
0.002363
0.00198
0.002015
0.001943
0.001909
0.002499
0.001921
0.002007
0.002177
0.002068
0.003026
0.002347
0.001976
0.001797
0.002124
0.002181
0.002382
0.003347
0.003376
0.003224
0.002848
0.003273
0.003131
0.002955
0.002907
0.003034
0.003019
0.003007
0.002591
0.002391
0.002246
0.002423
0.002341
0.002457
0.002564
0.002019
0.001952
0.002204
0.001935
0.001945
0.001887
0.001913
0.001984
0.001896
0.00249
0.002042
0.002041
0.003088
0.00221
0.001928
0.001947
0.001838
0.002085
0.002199
0.00192
0.00244
0.001933
0.001903
0.002064
0.001905
0.002118
0.002028
0.002179
0.003023
0.002314
0.002906
0.002771
0.002774
0.00295
0.003681
0.00339
0.003425
