1.2398
0.15745
0.092068
0.071643
0.10158
NaN
0.08656
NaN
0.058774
0.058598
NaN
0.068034
0.027283
0.033814
0.03171
0.028672
0.036477
0.05909
0.026943
0.026055
0.030428
0.025468
0.027449
0.050647
0.030163
0.0262
0.027999
0.026622
0.026684
0.050578
0.030514
0.031373
0.040007
0.034816
0.030629
0.058655
0.0355
0.031741
0.030855
0.026919
0.024619
0.051937
0.025979
0.027009
0.031252
0.025576
0.035018
0.053445
0.032199
0.026758
0.028511
0.026981
0.027931
0.048963
0.027768
0.025844
0.027992
0.027426
0.035797
0.052627
0.033472
