0.000138
0.21898
0.005758
0.004932
0.005545
0.005023
0.005288
0.005216
0.005329
0.005126
0.005096
0.00498
0.005219
0.005423
0.005031
0.005157
0.005095
0.005032
0.005251
0.005179
0.005402
0.005259
0.005679
0.005797
0.006166
0.009219
0.005614
0.005367
0.00519
0.005569
0.005591
0.005086
0.00513
0.005068
0.00516
0.005023
0.005002
0.00513
0.005107
0.005095
0.005298
0.005892
0.011947
0.009501
0.007496
0.006383
0.00519
0.005441
0.00537
0.005225
0.005921
0.005216
0.005639
0.00504
0.005762
0.005198
0.005634
0.00545
0.010856
0.0067
0.010566
0.007868
0.006466
0.006152
0.011297
0.010006
0.007688
NaN
NaN
NaN
NaN
0.000157
0.22374
0.005715
0.005339
0.0051
0.005063
0.005051
0.005233
0.011027
0.008627
0.006718
0.006179
0.005197
0.005011
0.005274
0.005706
0.005307
0.011143
0.009339
0.006678
0.005724
0.006009
0.005077
0.005549
0.005167
0.00568
0.00559
0.005729
0.005097
0.005653
0.005265
0.005852
0.010811
0.008566
0.007297
0.005561
0.005403
0.005784
0.005096
0.005051
0.005826
0.004999
0.005531
0.005212
0.005262
0.005151
0.005248
0.00511
0.005065
0.005864
0.005343
0.005649
0.005223
0.005383
0.005522
0.005543
0.005159
0.005871
0.005229
0.005531
0.005299
0.005401
0.005225
0.005605
0.005236
0.005448
0.005118
0.005293
0.005027
0.00497
0.005412
0.004974
0.005038
0.005009
0.005468
0.004918
