1.3759
0.1848
0.11097
0.088468
0.11656
0.121
0.07054
0.07313
0.07258
0.045604
0.051228
0.045131
0.050205
0.06342
0.099896
0.06325
0.068585
0.046777
0.047731
0.048534
0.069653
0.04887
0.048844
0.049251
0.048177
0.048738
0.072013
0.046779
0.04685
0.046756
0.056568
0.053177
0.078032
0.05225
0.055488
0.049234
0.04591
0.052189
0.072919
0.04513
0.045938
0.046271
0.04712
0.046752
0.06678
0.044852
0.051426
0.046201
0.044637
0.055605
0.068724
0.046354
0.049842
0.044677
0.052618
0.049626
0.070626
0.04726
0.045334
0.081324
0.049782
0.050631
0.067382
0.050992
0.048884
0.044611
0.045124
0.045376
0.082799
0.053442
0.045292
0.051285
0.068645
0.071013
0.074919
0.048499
0.053001
0.045387
0.05062
0.04828
0.074542
0.050504
0.050785
0.055912
0.046359
0.045893
0.070079
0.046091
0.050436
0.051794
0.045965
0.046395
0.078205
0.046127
0.051538
0.047508
0.052212
0.059825
0.075923
0.047247
0.04635
0.052601
0.047466
0.056069
0.067766
0.045765
0.045317
0.046676
0.044946
0.04521
0.071269
0.045881
0.044887
0.050768
0.045424
0.046141
0.076262
0.045365
0.045929
0.052701
0.046166
0.046954
0.075968
0.06026
0.046585
0.046529
0.050904
0.044138
0.066929
0.045187
0.046517
0.073717
0.050668
0.055399
0.08881
0.045176
0.051519
0.04624
0.046382
0.044653
0.067417
0.04608
0.060906
0.050002
0.050097
0.044685
0.07326
0.047225
0.048154
0.049418
0.049728
0.041687
0.069433
0.047133
0.050192
0.045416
0.049666
0.071823
0.088489
0.052131
0.050584
0.051049
0.04525
0.044392
0.068691
0.050184
0.051589
0.052005
0.047774
0.048621
0.074046
0.044615
0.049794
0.048846
0.046159
0.048442
0.068795
0.05034
0.047217
0.046021
0.049518
0.070848
0.071671
0.070885
0.045912
0.045583
0.047226
0.04843
0.067377
0.050898
0.051306
0.044465
0.044366
0.045862
0.069655
0.045834
0.045569
0.045702
0.053655
0.045487
0.068368
0.054004
0.048089
0.047316
0.053107
0.046131
0.069443
0.047637
0.047473
0.04671
0.052113
0.05808
0.084065
0.050303
0.054772
0.054279
0.047882
0.048262
0.083951
0.047707
0.046009
0.05383
0.045467
0.045257
0.069626
0.044614
0.046438
0.094076
0.073311
0.063171
0.07443
0.045727
0.048003
0.046655
0.061774
0.0443
0.068914
0.045266
0.044585
0.073585
0.045974
0.045388
0.07572
0.050738
0.049955
0.04713
0.057808
0.04516
