1
659.0000,681.0000,50.0000,29.0000
659.0000,674.0000,50.0000,29.0000
658.0000,667.0000,51.0000,29.0000
660.0000,661.0000,51.0000,30.0000
663.0000,654.0000,50.0000,29.0000
663.0000,644.0000,50.0000,29.0000
668.0000,636.0000,49.0000,28.0000
672.0000,626.0000,48.0000,28.0000
677.0000,616.0000,47.0000,27.0000
682.0000,606.0000,46.0000,27.0000
688.0000,597.0000,45.0000,26.0000
692.0000,588.0000,44.0000,25.0000
695.0000,578.0000,43.0000,25.0000
699.0000,565.0000,42.0000,24.0000
722.0000,555.0000,43.0000,25.0000
727.0000,556.0000,43.0000,25.0000
730.0000,550.0000,45.0000,26.0000
2
0
0
0
0
1
727.0000,497.0000,30.0000,40.0000
731.0000,495.0000,29.0000,39.0000
737.0000,492.0000,29.0000,39.0000
742.0000,487.0000,29.0000,39.0000
746.0000,484.0000,30.0000,40.0000
755.0000,478.0000,30.0000,40.0000
750.0000,457.0000,30.0000,41.0000
751.0000,478.0000,31.0000,42.0000
758.0000,475.0000,31.0000,42.0000
766.0000,473.0000,32.0000,42.0000
765.0000,474.0000,32.0000,42.0000
2
0
0
0
0
1
817.0000,412.0000,33.0000,39.0000
819.0000,405.0000,34.0000,39.0000
822.0000,401.0000,33.0000,38.0000
831.0000,396.0000,33.0000,39.0000
826.0000,391.0000,34.0000,39.0000
824.0000,407.0000,34.0000,39.0000
831.0000,408.0000,33.0000,39.0000
833.0000,408.0000,33.0000,39.0000
810.0000,426.0000,33.0000,38.0000
2
0
0
0
0
1
865.0000,405.0000,22.0000,36.0000
864.0000,410.0000,21.0000,36.0000
862.0000,415.0000,21.0000,35.0000
860.0000,422.0000,21.0000,34.0000
859.0000,427.0000,20.0000,34.0000
854.0000,434.0000,20.0000,33.0000
852.0000,441.0000,20.0000,33.0000
849.0000,447.0000,20.0000,34.0000
840.0000,449.0000,21.0000,35.0000
833.0000,462.0000,21.0000,36.0000
848.0000,463.0000,21.0000,35.0000
854.0000,460.0000,21.0000,35.0000
2
0
0
0
0
1
785.0000,479.0000,27.0000,22.0000
778.0000,479.0000,27.0000,22.0000
772.0000,479.0000,26.0000,21.0000
764.0000,478.0000,26.0000,21.0000
758.0000,478.0000,25.0000,21.0000
751.0000,476.0000,25.0000,20.0000
743.0000,473.0000,25.0000,21.0000
736.0000,473.0000,25.0000,20.0000
728.0000,470.0000,24.0000,20.0000
723.0000,468.0000,24.0000,19.0000
716.0000,464.0000,24.0000,19.0000
710.0000,461.0000,23.0000,19.0000
704.0000,459.0000,23.0000,19.0000
697.0000,456.0000,22.0000,18.0000
690.0000,452.0000,23.0000,19.0000
685.0000,450.0000,22.0000,18.0000
682.0000,446.0000,21.0000,18.0000
675.0000,444.0000,21.0000,17.0000
672.0000,442.0000,21.0000,17.0000
665.0000,429.0000,21.0000,17.0000
660.0000,435.0000,21.0000,17.0000
665.0000,431.0000,20.0000,17.0000
667.0000,431.0000,20.0000,16.0000
664.0000,425.0000,19.0000,16.0000
655.0000,422.0000,20.0000,16.0000
652.0000,420.0000,19.0000,16.0000
648.0000,420.0000,20.0000,16.0000
647.0000,416.0000,19.0000,16.0000
645.0000,411.0000,19.0000,15.0000
642.0000,409.0000,18.0000,15.0000
640.0000,405.0000,18.0000,15.0000
638.0000,402.0000,18.0000,15.0000
637.0000,399.0000,18.0000,15.0000
637.0000,397.0000,18.0000,15.0000
636.0000,394.0000,19.0000,16.0000
637.0000,389.0000,19.0000,15.0000
639.0000,395.0000,19.0000,16.0000
637.0000,385.0000,19.0000,15.0000
638.0000,384.0000,18.0000,15.0000
