1.0422
0.13001
0.063681
0.051924
0.081254
NaN
0.064591
0.049868
0.036462
0.03663
0.024194
0.023902
0.015418
0.015666
0.015538
0.039638
0.015277
0.016169
0.015147
0.025183
0.014632
0.033453
0.015957
0.015553
0.015467
0.01544
0.016467
0.034161
0.017165
0.028631
0.015637
0.023234
0.017771
0.042745
0.023857
0.021683
0.01758
0.018977
0.024927
0.042067
0.016378
0.02664
0.015662
0.016241
0.01601
0.04743
0.024376
0.017233
0.018333
0.015062
0.020446
0.035419
0.016032
0.015425
0.019469
0.016745
0.019278
0.039316
0.019145
0.026787
0.015502
0.016003
0.015188
0.032391
0.01512
0.015609
0.01562
0.015741
0.015767
0.035289
0.019232
0.016657
0.018228
0.015316
0.015609
0.032496
0.014586
0.015081
0.01442
0.015092
0.014228
0.03174
0.014956
0.020912
0.015898
0.017053
0.015824
0.032138
0.014247
0.01384
0.01423
0.01427
0.01792
0.032405
0.01499
0.014052
0.023829
0.024122
0.016752
0.049299
0.031365
0.015929
0.01575
0.015488
0.023645
0.037559
0.015509
0.016729
0.027933
0.015568
0.016144
0.03466
0.01924
0.014914
0.015418
0.015392
0.015397
0.032513
0.02671
0.015232
0.015843
0.016355
0.015387
0.035598
0.019936
0.023566
0.019331
0.01549
0.023285
0.048243
0.015648
0.018446
0.015179
0.015698
0.015852
0.03196
0.018771
0.016596
0.016898
0.014992
0.014264
0.031986
0.015323
0.015273
0.015663
0.01566
0.016297
0.042693
0.016108
0.015207
0.015586
0.015762
0.016388
0.044434
0.017864
0.016278
0.016075
0.016277
0.016432
0.039355
0.015841
0.01576
0.01564
0.015882
0.01644
0.038158
0.018781
0.015316
0.015379
0.015344
0.014779
0.032453
0.015237
0.015669
0.015276
0.017405
0.014599
0.031298
0.01462
0.015712
0.015532
0.028858
0.024774
0.037111
0.015844
0.015662
0.0154
0.015795
0.02212
0.035002
0.01529
0.015757
0.015518
0.0156
0.014939
0.043407
0.015596
0.016033
0.016036
0.0159
0.015641
0.033004
0.015773
0.016172
0.017864
0.015686
0.015657
0.032889
0.024167
0.016211
0.015518
0.015738
0.015672
0.031728
0.025052
0.016418
0.01567
0.01926
0.023168
0.030363
0.015505
0.015635
0.014279
0.014925
0.015041
