0.000229,0.000155,0.000357,0,0,0,0,0,0,0,0,0,0,0,0
0.43758,0.23008,0.22255,0,0,0,0,0,0,0,0,0,0,0,0
0.006037,0.005126,0.005229,0,0,0,0,0,0,0,0,0,0,0,0
0.005902,0.004723,0.010933,0,0,0,0,0,0,0,0,0,0,0,0
0.004657,0.004366,0.00588,0,0,0,0,0,0,0,0,0,0,0,0
0.005613,0.004685,0.00489,0,0,0,0,0,0,0,0,0,0,0,0
0.004918,0.004994,0.00619,0,0,0,0,0,0,0,0,0,0,0,0
0.005981,0.004451,0.00466,0,0,0,0,0,0,0,0,0,0,0,0
0.005577,0.004526,0.007769,0,0,0,0,0,0,0,0,0,0,0,0
0.004766,0.004594,0.005893,0,0,0,0,0,0,0,0,0,0,0,0
0.004667,0.004489,0.00468,0,0,0,0,0,0,0,0,0,0,0,0
0.005328,0.004417,0.004807,0,0,0,0,0,0,0,0,0,0,0,0
0.004983,0.004463,0.004637,0,0,0,0,0,0,0,0,0,0,0,0
0.005068,0.004546,0.005269,0,0,0,0,0,0,0,0,0,0,0,0
0.005588,0.004578,0.004512,0,0,0,0,0,0,0,0,0,0,0,0
0.00464,0.004585,0.004889,0,0,0,0,0,0,0,0,0,0,0,0
0.004615,0.004465,0.004549,0,0,0,0,0,0,0,0,0,0,0,0
0.005368,0.005053,0.00476,0,0,0,0,0,0,0,0,0,0,0,0
0.004823,0.004633,0.005676,0,0,0,0,0,0,0,0,0,0,0,0
0.005089,0.004438,0.00474,0,0,0,0,0,0,0,0,0,0,0,0
0.004636,0.004995,0.005052,0,0,0,0,0,0,0,0,0,0,0,0
0.00454,0.004563,0.004558,0,0,0,0,0,0,0,0,0,0,0,0
0.004453,0.004471,0.004457,0,0,0,0,0,0,0,0,0,0,0,0
0.004856,0.005067,0.005294,0,0,0,0,0,0,0,0,0,0,0,0
0.004808,0.004562,0.004679,0,0,0,0,0,0,0,0,0,0,0,0
0.004661,0.004789,0.004545,0,0,0,0,0,0,0,0,0,0,0,0
0.004853,0.004947,0.006153,0,0,0,0,0,0,0,0,0,0,0,0
0.004584,0.004581,0.004767,0,0,0,0,0,0,0,0,0,0,0,0
0.004482,0.004498,0.004976,0,0,0,0,0,0,0,0,0,0,0,0
0.005929,0.004932,0.004591,0,0,0,0,0,0,0,0,0,0,0,0
0.004912,0.004464,0.004734,0,0,0,0,0,0,0,0,0,0,0,0
0.004671,0.004505,0.004974,0,0,0,0,0,0,0,0,0,0,0,0
0.004739,0.00455,0.005565,0,0,0,0,0,0,0,0,0,0,0,0
0.004655,0.004589,0.007239,0,0,0,0,0,0,0,0,0,0,0,0
0.004477,0.00451,0.0057,0,0,0,0,0,0,0,0,0,0,0,0
0.0049,0.004451,0.007294,0,0,0,0,0,0,0,0,0,0,0,0
0.0055,0.004644,0.006491,0,0,0,0,0,0,0,0,0,0,0,0
0.004995,0.00438,0.005743,0,0,0,0,0,0,0,0,0,0,0,0
0.005126,0.004561,0.01149,0,0,0,0,0,0,0,0,0,0,0,0
0.007249,0.004545,0.007722,0,0,0,0,0,0,0,0,0,0,0,0
0.004487,0.004489,0.006962,0,0,0,0,0,0,0,0,0,0,0,0
0.006023,0.004553,0.007536,0,0,0,0,0,0,0,0,0,0,0,0
0.004722,0.004483,0.005755,0,0,0,0,0,0,0,0,0,0,0,0
0.004636,0.004631,0.005646,0,0,0,0,0,0,0,0,0,0,0,0
NaN,NaN,NaN,0,0,0,0,0,0,0,0,0,0,0,0
NaN,NaN,NaN,0,0,0,0,0,0,0,0,0,0,0,0
NaN,NaN,NaN,0,0,0,0,0,0,0,0,0,0,0,0
NaN,NaN,NaN,0,0,0,0,0,0,0,0,0,0,0,0
0.00017,0.000157,0.000347,0,0,0,0,0,0,0,0,0,0,0,0
0.26541,0.22942,0.22018,0,0,0,0,0,0,0,0,0,0,0,0
0.005162,0.005009,0.005251,0,0,0,0,0,0,0,0,0,0,0,0
0.004458,0.004369,0.004676,0,0,0,0,0,0,0,0,0,0,0,0
0.005173,0.004949,0.004652,0,0,0,0,0,0,0,0,0,0,0,0
0.009587,0.004866,0.004574,0,0,0,0,0,0,0,0,0,0,0,0
0.007642,0.00428,0.004848,0,0,0,0,0,0,0,0,0,0,0,0
0.006478,0.004535,0.004588,0,0,0,0,0,0,0,0,0,0,0,0
0.006056,0.004583,0.004472,0,0,0,0,0,0,0,0,0,0,0,0
0.004566,0.004529,0.004914,0,0,0,0,0,0,0,0,0,0,0,0
0.004679,0.004544,0.004604,0,0,0,0,0,0,0,0,0,0,0,0
0.006376,0.004437,0.004403,0,0,0,0,0,0,0,0,0,0,0,0
0.005388,0.005132,0.005308,0,0,0,0,0,0,0,0,0,0,0,0
0.004628,0.004435,0.004365,0,0,0,0,0,0,0,0,0,0,0,0
0.004927,0.004502,0.004761,0,0,0,0,0,0,0,0,0,0,0,0
0.004725,0.005024,0.005169,0,0,0,0,0,0,0,0,0,0,0,0
0.00496,0.004469,0.004606,0,0,0,0,0,0,0,0,0,0,0,0
0.005221,0.004656,0.005165,0,0,0,0,0,0,0,0,0,0,0,0
0.00427,0.004523,0.004927,0,0,0,0,0,0,0,0,0,0,0,0
0.004756,0.004551,0.004811,0,0,0,0,0,0,0,0,0,0,0,0
0.004734,0.004781,0.005009,0,0,0,0,0,0,0,0,0,0,0,0
0.004551,0.004478,0.004561,0,0,0,0,0,0,0,0,0,0,0,0
0.004653,0.005116,0.005022,0,0,0,0,0,0,0,0,0,0,0,0
0.00446,0.009517,0.004854,0,0,0,0,0,0,0,0,0,0,0,0
0.005339,0.008261,0.004955,0,0,0,0,0,0,0,0,0,0,0,0
0.004706,0.006707,0.005151,0,0,0,0,0,0,0,0,0,0,0,0
0.004493,0.00569,0.005689,0,0,0,0,0,0,0,0,0,0,0,0
0.005015,0.004795,0.005869,0,0,0,0,0,0,0,0,0,0,0,0
0.004536,0.004975,0.005012,0,0,0,0,0,0,0,0,0,0,0,0
0.004658,0.00456,0.005297,0,0,0,0,0,0,0,0,0,0,0,0
0.00515,0.005161,0.004957,0,0,0,0,0,0,0,0,0,0,0,0
0.004577,0.005032,0.005193,0,0,0,0,0,0,0,0,0,0,0,0
0.005114,0.009782,0.00514,0,0,0,0,0,0,0,0,0,0,0,0
0.004968,0.007907,0.004916,0,0,0,0,0,0,0,0,0,0,0,0
0.005107,0.006684,0.005675,0,0,0,0,0,0,0,0,0,0,0,0
0.00529,0.005639,0.005116,0,0,0,0,0,0,0,0,0,0,0,0
0.004557,0.004672,0.005362,0,0,0,0,0,0,0,0,0,0,0,0
0.004719,0.004988,0.004733,0,0,0,0,0,0,0,0,0,0,0,0
0.005095,0.004545,0.004594,0,0,0,0,0,0,0,0,0,0,0,0
0.004838,0.004779,0.00515,0,0,0,0,0,0,0,0,0,0,0,0
0.004651,0.009841,0.004843,0,0,0,0,0,0,0,0,0,0,0,0
0.004657,0.0084,0.004998,0,0,0,0,0,0,0,0,0,0,0,0
0.004926,0.006581,0.004896,0,0,0,0,0,0,0,0,0,0,0,0
0.004519,0.006775,0.004754,0,0,0,0,0,0,0,0,0,0,0,0
0.004873,0.005698,0.005612,0,0,0,0,0,0,0,0,0,0,0,0
0.004919,0.005324,0.005162,0,0,0,0,0,0,0,0,0,0,0,0
0.004784,0.004703,0.00476,0,0,0,0,0,0,0,0,0,0,0,0
0.005037,0.010156,0.004802,0,0,0,0,0,0,0,0,0,0,0,0
0.004831,0.008129,0.004699,0,0,0,0,0,0,0,0,0,0,0,0
0.005443,0.007063,0.005787,0,0,0,0,0,0,0,0,0,0,0,0
0.005121,0.007056,0.009817,0,0,0,0,0,0,0,0,0,0,0,0
0.005279,0.00982,0.009717,0,0,0,0,0,0,0,0,0,0,0,0
0.005853,0.008406,0.008903,0,0,0,0,0,0,0,0,0,0,0,0
0.010383,0.007566,0.00761,0,0,0,0,0,0,0,0,0,0,0,0
0.007057,0.005803,0.006012,0,0,0,0,0,0,0,0,0,0,0,0
NaN,NaN,NaN,0,0,0,0,0,0,0,0,0,0,0,0
NaN,NaN,NaN,0,0,0,0,0,0,0,0,0,0,0,0
NaN,NaN,NaN,0,0,0,0,0,0,0,0,0,0,0,0
NaN,NaN,NaN,0,0,0,0,0,0,0,0,0,0,0,0
0.000159,0.000173,0.000175,0,0,0,0,0,0,0,0,0,0,0,0
0.33894,0.25291,0.2264,0,0,0,0,0,0,0,0,0,0,0,0
0.005744,0.00591,0.005647,0,0,0,0,0,0,0,0,0,0,0,0
0.005072,0.005913,0.005019,0,0,0,0,0,0,0,0,0,0,0,0
0.00515,0.005596,0.005048,0,0,0,0,0,0,0,0,0,0,0,0
0.00499,0.005932,0.005322,0,0,0,0,0,0,0,0,0,0,0,0
0.006532,0.005509,0.005021,0,0,0,0,0,0,0,0,0,0,0,0
0.005262,0.009562,0.005443,0,0,0,0,0,0,0,0,0,0,0,0
0.005173,0.005959,0.005045,0,0,0,0,0,0,0,0,0,0,0,0
0.0051,0.00577,0.005098,0,0,0,0,0,0,0,0,0,0,0,0
0.005257,0.005473,0.005101,0,0,0,0,0,0,0,0,0,0,0,0
0.004963,0.006155,0.005156,0,0,0,0,0,0,0,0,0,0,0,0
0.007127,0.007248,0.005367,0,0,0,0,0,0,0,0,0,0,0,0
0.00576,0.007545,0.005265,0,0,0,0,0,0,0,0,0,0,0,0
0.005413,0.007369,0.005076,0,0,0,0,0,0,0,0,0,0,0,0
0.005648,0.00748,0.005047,0,0,0,0,0,0,0,0,0,0,0,0
0.010585,0.005535,0.005989,0,0,0,0,0,0,0,0,0,0,0,0
0.007685,0.005545,0.004987,0,0,0,0,0,0,0,0,0,0,0,0
0.006215,0.005396,0.005629,0,0,0,0,0,0,0,0,0,0,0,0
0.00586,0.005456,0.005163,0,0,0,0,0,0,0,0,0,0,0,0
0.005046,0.005093,0.005472,0,0,0,0,0,0,0,0,0,0,0,0
0.005613,0.005878,0.00493,0,0,0,0,0,0,0,0,0,0,0,0
0.010169,0.009692,0.005054,0,0,0,0,0,0,0,0,0,0,0,0
0.009979,0.005334,0.004993,0,0,0,0,0,0,0,0,0,0,0,0
0.007322,0.006123,0.00508,0,0,0,0,0,0,0,0,0,0,0,0
0.006345,0.005523,0.005532,0,0,0,0,0,0,0,0,0,0,0,0
0.005784,0.005611,0.005076,0,0,0,0,0,0,0,0,0,0,0,0
0.006212,0.005587,0.005678,0,0,0,0,0,0,0,0,0,0,0,0
0.005161,0.005316,0.0052,0,0,0,0,0,0,0,0,0,0,0,0
0.005113,0.006598,0.007851,0,0,0,0,0,0,0,0,0,0,0,0
0.005442,0.005868,0.005525,0,0,0,0,0,0,0,0,0,0,0,0
0.005017,0.00527,0.005642,0,0,0,0,0,0,0,0,0,0,0,0
0.005291,0.006222,0.007618,0,0,0,0,0,0,0,0,0,0,0,0
0.005771,0.005412,0.006237,0,0,0,0,0,0,0,0,0,0,0,0
0.004986,0.006308,0.007717,0,0,0,0,0,0,0,0,0,0,0,0
0.006266,0.006251,0.006152,0,0,0,0,0,0,0,0,0,0,0,0
0.010433,0.005552,0.006188,0,0,0,0,0,0,0,0,0,0,0,0
0.007944,0.009744,0.00617,0,0,0,0,0,0,0,0,0,0,0,0
0.006814,0.005685,0.005769,0,0,0,0,0,0,0,0,0,0,0,0
0.010467,0.005601,0.007668,0,0,0,0,0,0,0,0,0,0,0,0
0.009365,0.005217,0.009084,0,0,0,0,0,0,0,0,0,0,0,0
0.008541,0.005287,0.008892,0,0,0,0,0,0,0,0,0,0,0,0
0.008003,0.005336,0.005232,0,0,0,0,0,0,0,0,0,0,0,0
0.006796,0.005635,0.005584,0,0,0,0,0,0,0,0,0,0,0,0
0.005994,0.005483,0.005528,0,0,0,0,0,0,0,0,0,0,0,0
0.006084,0.005378,0.012524,0,0,0,0,0,0,0,0,0,0,0,0
0.005278,0.005777,0.009754,0,0,0,0,0,0,0,0,0,0,0,0
0.005497,0.005403,0.006424,0,0,0,0,0,0,0,0,0,0,0,0
0.005965,0.005432,0.005394,0,0,0,0,0,0,0,0,0,0,0,0
0.005417,0.005639,0.005339,0,0,0,0,0,0,0,0,0,0,0,0
0.005324,0.005789,0.005679,0,0,0,0,0,0,0,0,0,0,0,0
0.006517,0.004983,0.005901,0,0,0,0,0,0,0,0,0,0,0,0
0.005127,0.00526,0.006784,0,0,0,0,0,0,0,0,0,0,0,0
0.005691,0.009068,0.005989,0,0,0,0,0,0,0,0,0,0,0,0
0.004995,0.005781,0.010522,0,0,0,0,0,0,0,0,0,0,0,0
0.005396,0.005903,0.011725,0,0,0,0,0,0,0,0,0,0,0,0
0.005322,0.006002,0.006543,0,0,0,0,0,0,0,0,0,0,0,0
0.004994,0.00545,0.005967,0,0,0,0,0,0,0,0,0,0,0,0
0.005057,0.005369,0.006583,0,0,0,0,0,0,0,0,0,0,0,0
0.005006,0.005318,0.00506,0,0,0,0,0,0,0,0,0,0,0,0
0.005675,0.005544,0.00595,0,0,0,0,0,0,0,0,0,0,0,0
0.004843,0.005326,0.005717,0,0,0,0,0,0,0,0,0,0,0,0
0.005612,0.007054,0.005375,0,0,0,0,0,0,0,0,0,0,0,0
0.005013,0.006364,0.005612,0,0,0,0,0,0,0,0,0,0,0,0
0.005233,0.006029,0.005054,0,0,0,0,0,0,0,0,0,0,0,0
0.005215,0.005535,0.005476,0,0,0,0,0,0,0,0,0,0,0,0
0.005352,0.005401,0.005024,0,0,0,0,0,0,0,0,0,0,0,0
0.005609,0.005271,0.005271,0,0,0,0,0,0,0,0,0,0,0,0
0.005286,0.005483,0.005631,0,0,0,0,0,0,0,0,0,0,0,0
0.006031,0.005567,0.005131,0,0,0,0,0,0,0,0,0,0,0,0
0.006007,0.005179,0.005714,0,0,0,0,0,0,0,0,0,0,0,0
0.005193,0.005417,0.00524,0,0,0,0,0,0,0,0,0,0,0,0
0.005379,0.004988,0.005253,0,0,0,0,0,0,0,0,0,0,0,0
0.005321,0.005093,0.00548,0,0,0,0,0,0,0,0,0,0,0,0
0.005388,0.005195,0.00554,0,0,0,0,0,0,0,0,0,0,0,0
0.006162,0.00526,0.005693,0,0,0,0,0,0,0,0,0,0,0,0
0.005154,0.005036,0.006566,0,0,0,0,0,0,0,0,0,0,0,0
0.005277,0.005527,0.005191,0,0,0,0,0,0,0,0,0,0,0,0
0.005059,0.004974,0.005427,0,0,0,0,0,0,0,0,0,0,0,0
0.005266,0.004821,0.005696,0,0,0,0,0,0,0,0,0,0,0,0
0.005531,0.004859,0.006319,0,0,0,0,0,0,0,0,0,0,0,0
0.004971,0.004816,0.007442,0,0,0,0,0,0,0,0,0,0,0,0
0.005645,0.004989,0.005405,0,0,0,0,0,0,0,0,0,0,0,0
0.004993,0.00484,0.005417,0,0,0,0,0,0,0,0,0,0,0,0
0.005122,0.004996,0.006306,0,0,0,0,0,0,0,0,0,0,0,0
0.004969,0.004872,0.007462,0,0,0,0,0,0,0,0,0,0,0,0
0.005005,0.005108,0.005257,0,0,0,0,0,0,0,0,0,0,0,0
0.005574,0.005261,0.005373,0,0,0,0,0,0,0,0,0,0,0,0
0.004987,0.004947,0.005354,0,0,0,0,0,0,0,0,0,0,0,0
0.004968,0.004935,0.005949,0,0,0,0,0,0,0,0,0,0,0,0
0.005113,0.004919,0.00642,0,0,0,0,0,0,0,0,0,0,0,0
0.005038,0.005036,0.005464,0,0,0,0,0,0,0,0,0,0,0,0
0.005052,0.004907,0.005674,0,0,0,0,0,0,0,0,0,0,0,0
0.005141,0.005575,0.005305,0,0,0,0,0,0,0,0,0,0,0,0
0.005539,0.004788,0.00504,0,0,0,0,0,0,0,0,0,0,0,0
0.004986,0.004816,0.005825,0,0,0,0,0,0,0,0,0,0,0,0
0.005184,0.004838,0.005078,0,0,0,0,0,0,0,0,0,0,0,0
0.004967,0.005393,0.005763,0,0,0,0,0,0,0,0,0,0,0,0
0.005096,0.005198,0.006342,0,0,0,0,0,0,0,0,0,0,0,0
0.005002,0.005328,0.005049,0,0,0,0,0,0,0,0,0,0,0,0
0.005374,0.005749,0.005017,0,0,0,0,0,0,0,0,0,0,0,0
0.005319,0.005315,0.005477,0,0,0,0,0,0,0,0,0,0,0,0
0.004855,0.005669,0.005045,0,0,0,0,0,0,0,0,0,0,0,0
0.004839,0.005637,0.005619,0,0,0,0,0,0,0,0,0,0,0,0
0.005241,0.005201,0.004954,0,0,0,0,0,0,0,0,0,0,0,0
0.005425,0.005318,0.005312,0,0,0,0,0,0,0,0,0,0,0,0
0.00505,0.006386,0.005178,0,0,0,0,0,0,0,0,0,0,0,0
0.004957,0.005207,0.005115,0,0,0,0,0,0,0,0,0,0,0,0
0.005619,0.005306,0.005044,0,0,0,0,0,0,0,0,0,0,0,0
0.0051,0.005591,0.005212,0,0,0,0,0,0,0,0,0,0,0,0
0.005383,0.005374,0.005761,0,0,0,0,0,0,0,0,0,0,0,0
0.005109,0.005464,0.005245,0,0,0,0,0,0,0,0,0,0,0,0
0.005106,0.005357,0.005835,0,0,0,0,0,0,0,0,0,0,0,0
0.004851,0.005423,0.004987,0,0,0,0,0,0,0,0,0,0,0,0
0.004901,0.005243,0.005555,0,0,0,0,0,0,0,0,0,0,0,0
0.005509,0.005403,0.005348,0,0,0,0,0,0,0,0,0,0,0,0
0.005107,0.005436,0.007043,0,0,0,0,0,0,0,0,0,0,0,0
0.005141,0.004958,0.005464,0,0,0,0,0,0,0,0,0,0,0,0
0.005399,0.005874,0.005493,0,0,0,0,0,0,0,0,0,0,0,0
0.005263,0.0058,0.00546,0,0,0,0,0,0,0,0,0,0,0,0
0.005046,0.005087,0.007187,0,0,0,0,0,0,0,0,0,0,0,0
0.005471,0.005496,0.005212,0,0,0,0,0,0,0,0,0,0,0,0
0.005007,0.005319,0.010739,0,0,0,0,0,0,0,0,0,0,0,0
0.00494,0.005605,0.006011,0,0,0,0,0,0,0,0,0,0,0,0
0.006059,0.005508,0.005256,0,0,0,0,0,0,0,0,0,0,0,0
0.010617,0.005463,0.007227,0,0,0,0,0,0,0,0,0,0,0,0
0.008008,0.006418,0.007687,0,0,0,0,0,0,0,0,0,0,0,0
0.00652,0.005498,0.006639,0,0,0,0,0,0,0,0,0,0,0,0
0.005981,0.00597,0.005925,0,0,0,0,0,0,0,0,0,0,0,0
0.005309,0.005131,0.005588,0,0,0,0,0,0,0,0,0,0,0,0
0.004912,0.005172,0.005034,0,0,0,0,0,0,0,0,0,0,0,0
0.005104,0.005219,0.00658,0,0,0,0,0,0,0,0,0,0,0,0
0.005136,0.0055,0.006143,0,0,0,0,0,0,0,0,0,0,0,0
0.00533,0.005148,0.004891,0,0,0,0,0,0,0,0,0,0,0,0
0.005075,0.005463,0.004985,0,0,0,0,0,0,0,0,0,0,0,0
0.004835,0.005846,0.006146,0,0,0,0,0,0,0,0,0,0,0,0
0.005193,0.005741,0.005337,0,0,0,0,0,0,0,0,0,0,0,0
0.00511,0.00518,0.005187,0,0,0,0,0,0,0,0,0,0,0,0
0.005026,0.005412,0.005094,0,0,0,0,0,0,0,0,0,0,0,0
0.00499,0.005322,0.005618,0,0,0,0,0,0,0,0,0,0,0,0
0.00516,0.006111,0.004967,0,0,0,0,0,0,0,0,0,0,0,0
0.00568,0.010351,0.005588,0,0,0,0,0,0,0,0,0,0,0,0
0.007668,0.010051,0.007295,0,0,0,0,0,0,0,0,0,0,0,0
NaN,NaN,NaN,0,0,0,0,0,0,0,0,0,0,0,0
NaN,NaN,NaN,0,0,0,0,0,0,0,0,0,0,0,0
NaN,NaN,NaN,0,0,0,0,0,0,0,0,0,0,0,0
NaN,NaN,NaN,0,0,0,0,0,0,0,0,0,0,0,0
0.000203,0.000148,0.000118,0,0,0,0,0,0,0,0,0,0,0,0
0.22236,0.22271,0.24193,0,0,0,0,0,0,0,0,0,0,0,0
0.005254,0.005357,0.005021,0,0,0,0,0,0,0,0,0,0,0,0
0.00459,0.004949,0.004734,0,0,0,0,0,0,0,0,0,0,0,0
0.004415,0.00489,0.004828,0,0,0,0,0,0,0,0,0,0,0,0
0.005129,0.004644,0.004899,0,0,0,0,0,0,0,0,0,0,0,0
0.004496,0.00452,0.005131,0,0,0,0,0,0,0,0,0,0,0,0
0.00433,0.00473,0.004555,0,0,0,0,0,0,0,0,0,0,0,0
0.004591,0.005361,0.004733,0,0,0,0,0,0,0,0,0,0,0,0
0.004645,0.005584,0.005283,0,0,0,0,0,0,0,0,0,0,0,0
0.004461,0.004347,0.004555,0,0,0,0,0,0,0,0,0,0,0,0
0.00521,0.005036,0.005023,0,0,0,0,0,0,0,0,0,0,0,0
0.005399,0.005275,0.004957,0,0,0,0,0,0,0,0,0,0,0,0
0.004439,0.004573,0.005743,0,0,0,0,0,0,0,0,0,0,0,0
0.004964,0.0053,0.004832,0,0,0,0,0,0,0,0,0,0,0,0
0.004698,0.004732,0.004478,0,0,0,0,0,0,0,0,0,0,0,0
0.004675,0.004441,0.004458,0,0,0,0,0,0,0,0,0,0,0,0
0.005529,0.005367,0.005012,0,0,0,0,0,0,0,0,0,0,0,0
0.004776,0.004976,0.004537,0,0,0,0,0,0,0,0,0,0,0,0
0.004593,0.005546,0.004425,0,0,0,0,0,0,0,0,0,0,0,0
0.004619,0.004812,0.00503,0,0,0,0,0,0,0,0,0,0,0,0
0.004586,0.004889,0.004768,0,0,0,0,0,0,0,0,0,0,0,0
0.004482,0.004925,0.004702,0,0,0,0,0,0,0,0,0,0,0,0
0.005229,0.00529,0.00496,0,0,0,0,0,0,0,0,0,0,0,0
0.004728,0.004874,0.004915,0,0,0,0,0,0,0,0,0,0,0,0
0.004439,0.004727,0.004495,0,0,0,0,0,0,0,0,0,0,0,0
0.00497,0.005165,0.00509,0,0,0,0,0,0,0,0,0,0,0,0
0.004478,0.005181,0.004482,0,0,0,0,0,0,0,0,0,0,0,0
0.004557,0.004986,0.004401,0,0,0,0,0,0,0,0,0,0,0,0
0.004572,0.005311,0.00508,0,0,0,0,0,0,0,0,0,0,0,0
0.004391,0.004473,0.004797,0,0,0,0,0,0,0,0,0,0,0,0
0.004435,0.005249,0.004521,0,0,0,0,0,0,0,0,0,0,0,0
0.004681,0.004987,0.004694,0,0,0,0,0,0,0,0,0,0,0,0
0.004689,0.0051,0.005117,0,0,0,0,0,0,0,0,0,0,0,0
0.004475,0.005061,0.004603,0,0,0,0,0,0,0,0,0,0,0,0
0.00458,0.004943,0.004677,0,0,0,0,0,0,0,0,0,0,0,0
0.004576,0.005545,0.00456,0,0,0,0,0,0,0,0,0,0,0,0
0.004984,0.004813,0.004557,0,0,0,0,0,0,0,0,0,0,0,0
0.005015,0.004966,0.004512,0,0,0,0,0,0,0,0,0,0,0,0
0.00482,0.004899,0.005412,0,0,0,0,0,0,0,0,0,0,0,0
0.004443,0.004561,0.004639,0,0,0,0,0,0,0,0,0,0,0,0
0.004607,0.004939,0.004923,0,0,0,0,0,0,0,0,0,0,0,0
0.004561,0.004759,0.004576,0,0,0,0,0,0,0,0,0,0,0,0
0.004545,0.004567,0.004482,0,0,0,0,0,0,0,0,0,0,0,0
0.004529,0.009555,0.004624,0,0,0,0,0,0,0,0,0,0,0,0
0.00454,0.008695,0.004947,0,0,0,0,0,0,0,0,0,0,0,0
0.004457,0.00707,0.004485,0,0,0,0,0,0,0,0,0,0,0,0
0.005042,0.005494,0.004565,0,0,0,0,0,0,0,0,0,0,0,0
0.004716,0.005552,0.004845,0,0,0,0,0,0,0,0,0,0,0,0
0.00447,0.004421,0.004746,0,0,0,0,0,0,0,0,0,0,0,0
0.005088,0.004604,0.004724,0,0,0,0,0,0,0,0,0,0,0,0
0.00453,0.005003,0.004833,0,0,0,0,0,0,0,0,0,0,0,0
0.004512,0.004426,0.004468,0,0,0,0,0,0,0,0,0,0,0,0
0.00468,0.004541,0.004699,0,0,0,0,0,0,0,0,0,0,0,0
0.004663,0.0046,0.004618,0,0,0,0,0,0,0,0,0,0,0,0
0.004524,0.004787,0.004977,0,0,0,0,0,0,0,0,0,0,0,0
0.004703,0.009438,0.004687,0,0,0,0,0,0,0,0,0,0,0,0
0.005078,0.007886,0.004751,0,0,0,0,0,0,0,0,0,0,0,0
0.004729,0.0065,0.00481,0,0,0,0,0,0,0,0,0,0,0,0
0.005797,0.007398,0.009393,0,0,0,0,0,0,0,0,0,0,0,0
0.004916,0.006863,0.00753,0,0,0,0,0,0,0,0,0,0,0,0
0.004646,0.005299,0.00631,0,0,0,0,0,0,0,0,0,0,0,0
0.004704,0.004376,0.005475,0,0,0,0,0,0,0,0,0,0,0,0
0.00463,0.005,0.004677,0,0,0,0,0,0,0,0,0,0,0,0
0.004645,0.005173,0.004573,0,0,0,0,0,0,0,0,0,0,0,0
0.005117,0.004484,0.004686,0,0,0,0,0,0,0,0,0,0,0,0
0.00449,0.004428,0.004628,0,0,0,0,0,0,0,0,0,0,0,0
0.004601,0.004391,0.004917,0,0,0,0,0,0,0,0,0,0,0,0
0.005113,0.004908,0.004982,0,0,0,0,0,0,0,0,0,0,0,0
0.004556,0.004437,0.004426,0,0,0,0,0,0,0,0,0,0,0,0
0.004478,0.004454,0.004836,0,0,0,0,0,0,0,0,0,0,0,0
0.004858,0.004531,0.004685,0,0,0,0,0,0,0,0,0,0,0,0
0.004503,0.005267,0.006338,0,0,0,0,0,0,0,0,0,0,0,0
0.004455,0.004434,0.009226,0,0,0,0,0,0,0,0,0,0,0,0
0.004673,0.004574,0.008313,0,0,0,0,0,0,0,0,0,0,0,0
0.004461,0.005218,0.00631,0,0,0,0,0,0,0,0,0,0,0,0
0.004638,0.009269,0.005278,0,0,0,0,0,0,0,0,0,0,0,0
0.004786,0.00809,0.005199,0,0,0,0,0,0,0,0,0,0,0,0
0.004958,0.00676,0.004717,0,0,0,0,0,0,0,0,0,0,0,0
0.004484,0.005565,0.005466,0,0,0,0,0,0,0,0,0,0,0,0
0.004479,0.005075,0.00504,0,0,0,0,0,0,0,0,0,0,0,0
0.004911,0.00477,0.004612,0,0,0,0,0,0,0,0,0,0,0,0
0.00439,0.005029,0.006787,0,0,0,0,0,0,0,0,0,0,0,0
0.004527,0.005121,0.00954,0,0,0,0,0,0,0,0,0,0,0,0
0.004702,0.004555,0.007531,0,0,0,0,0,0,0,0,0,0,0,0
0.004929,0.004374,0.006351,0,0,0,0,0,0,0,0,0,0,0,0
NaN,NaN,NaN,0,0,0,0,0,0,0,0,0,0,0,0
NaN,NaN,NaN,0,0,0,0,0,0,0,0,0,0,0,0
NaN,NaN,NaN,0,0,0,0,0,0,0,0,0,0,0,0
NaN,NaN,NaN,0,0,0,0,0,0,0,0,0,0,0,0
0.000117,0.000145,0.00017,0,0,0,0,0,0,0,0,0,0,0,0
0.25138,0.2764,0.23073,0,0,0,0,0,0,0,0,0,0,0,0
0.00502,0.00606,0.005478,0,0,0,0,0,0,0,0,0,0,0,0
0.004344,0.006401,0.009306,0,0,0,0,0,0,0,0,0,0,0,0
0.004436,0.011222,0.007959,0,0,0,0,0,0,0,0,0,0,0,0
0.004354,0.00798,0.006532,0,0,0,0,0,0,0,0,0,0,0,0
0.005473,0.006968,0.005386,0,0,0,0,0,0,0,0,0,0,0,0
0.004535,0.004896,0.004675,0,0,0,0,0,0,0,0,0,0,0,0
0.004457,0.005208,0.004484,0,0,0,0,0,0,0,0,0,0,0,0
0.00445,0.00457,0.004779,0,0,0,0,0,0,0,0,0,0,0,0
0.004642,0.004369,0.00429,0,0,0,0,0,0,0,0,0,0,0,0
0.010422,0.004837,0.004438,0,0,0,0,0,0,0,0,0,0,0,0
0.008252,0.004937,0.004421,0,0,0,0,0,0,0,0,0,0,0,0
0.00732,0.004946,0.00429,0,0,0,0,0,0,0,0,0,0,0,0
0.006297,0.00493,0.004404,0,0,0,0,0,0,0,0,0,0,0,0
0.009204,0.004416,0.004426,0,0,0,0,0,0,0,0,0,0,0,0
0.00748,0.004781,0.004527,0,0,0,0,0,0,0,0,0,0,0,0
0.006257,0.004288,0.004449,0,0,0,0,0,0,0,0,0,0,0,0
0.005931,0.004481,0.004531,0,0,0,0,0,0,0,0,0,0,0,0
0.004997,0.005747,0.004427,0,0,0,0,0,0,0,0,0,0,0,0
0.004705,0.0058,0.004804,0,0,0,0,0,0,0,0,0,0,0,0
0.00439,0.004919,0.004502,0,0,0,0,0,0,0,0,0,0,0,0
0.004578,0.004509,0.004523,0,0,0,0,0,0,0,0,0,0,0,0
0.004269,0.004441,0.005125,0,0,0,0,0,0,0,0,0,0,0,0
0.004626,0.00454,0.004638,0,0,0,0,0,0,0,0,0,0,0,0
0.004389,0.00454,0.00436,0,0,0,0,0,0,0,0,0,0,0,0
0.004929,0.005126,0.00476,0,0,0,0,0,0,0,0,0,0,0,0
0.004502,0.004568,0.004362,0,0,0,0,0,0,0,0,0,0,0,0
0.004405,0.004338,0.004473,0,0,0,0,0,0,0,0,0,0,0,0
0.004493,0.004724,0.004384,0,0,0,0,0,0,0,0,0,0,0,0
0.004911,0.005244,0.004489,0,0,0,0,0,0,0,0,0,0,0,0
0.009035,0.004491,0.005631,0,0,0,0,0,0,0,0,0,0,0,0
0.008331,0.004558,0.005028,0,0,0,0,0,0,0,0,0,0,0,0
0.006077,0.005941,0.004486,0,0,0,0,0,0,0,0,0,0,0,0
0.005501,0.004823,0.004293,0,0,0,0,0,0,0,0,0,0,0,0
0.004868,0.00445,0.004469,0,0,0,0,0,0,0,0,0,0,0,0
0.004632,0.004785,0.004365,0,0,0,0,0,0,0,0,0,0,0,0
0.00452,0.004753,0.004375,0,0,0,0,0,0,0,0,0,0,0,0
0.004689,0.004602,0.004885,0,0,0,0,0,0,0,0,0,0,0,0
0.004627,0.004709,0.005015,0,0,0,0,0,0,0,0,0,0,0,0
0.004689,0.004761,0.009172,0,0,0,0,0,0,0,0,0,0,0,0
0.0046,0.004624,0.007669,0,0,0,0,0,0,0,0,0,0,0,0
0.004657,0.005399,0.006433,0,0,0,0,0,0,0,0,0,0,0,0
0.004496,0.004831,0.006158,0,0,0,0,0,0,0,0,0,0,0,0
0.00443,0.004806,0.00545,0,0,0,0,0,0,0,0,0,0,0,0
0.004328,0.004801,0.004817,0,0,0,0,0,0,0,0,0,0,0,0
0.004434,0.004535,0.009051,0,0,0,0,0,0,0,0,0,0,0,0
0.004324,0.004936,0.007944,0,0,0,0,0,0,0,0,0,0,0,0
0.00476,0.004936,0.006247,0,0,0,0,0,0,0,0,0,0,0,0
0.004426,0.004874,0.006429,0,0,0,0,0,0,0,0,0,0,0,0
0.004415,0.004634,0.005083,0,0,0,0,0,0,0,0,0,0,0,0
0.004386,0.004707,0.004864,0,0,0,0,0,0,0,0,0,0,0,0
0.004626,0.006655,0.004854,0,0,0,0,0,0,0,0,0,0,0,0
0.004346,0.004634,0.009273,0,0,0,0,0,0,0,0,0,0,0,0
0.004492,0.004383,0.007271,0,0,0,0,0,0,0,0,0,0,0,0
0.004679,0.004895,0.006056,0,0,0,0,0,0,0,0,0,0,0,0
0.004469,0.004341,0.005826,0,0,0,0,0,0,0,0,0,0,0,0
0.005099,0.004466,0.004405,0,0,0,0,0,0,0,0,0,0,0,0
0.004417,0.004604,0.004402,0,0,0,0,0,0,0,0,0,0,0,0
0.004544,0.004744,0.004577,0,0,0,0,0,0,0,0,0,0,0,0
0.0046,0.005066,0.004506,0,0,0,0,0,0,0,0,0,0,0,0
0.00512,0.004872,0.00472,0,0,0,0,0,0,0,0,0,0,0,0
0.004622,0.004394,0.004472,0,0,0,0,0,0,0,0,0,0,0,0
0.004454,0.004661,0.005256,0,0,0,0,0,0,0,0,0,0,0,0
0.004631,0.004756,0.005184,0,0,0,0,0,0,0,0,0,0,0,0
0.004613,0.004585,0.005322,0,0,0,0,0,0,0,0,0,0,0,0
0.004737,0.004457,0.004502,0,0,0,0,0,0,0,0,0,0,0,0
0.004613,0.004453,0.004831,0,0,0,0,0,0,0,0,0,0,0,0
0.005587,0.005122,0.004705,0,0,0,0,0,0,0,0,0,0,0,0
0.004857,0.005771,0.009279,0,0,0,0,0,0,0,0,0,0,0,0
0.00496,0.00492,0.008597,0,0,0,0,0,0,0,0,0,0,0,0
0.004632,0.010276,0.007003,0,0,0,0,0,0,0,0,0,0,0,0
0.004531,0.009804,0.005398,0,0,0,0,0,0,0,0,0,0,0,0
0.004559,0.008651,0.005137,0,0,0,0,0,0,0,0,0,0,0,0
0.004619,0.007321,0.004378,0,0,0,0,0,0,0,0,0,0,0,0
0.00557,0.009637,0.004378,0,0,0,0,0,0,0,0,0,0,0,0
0.004732,0.009474,0.004657,0,0,0,0,0,0,0,0,0,0,0,0
0.005056,0.008516,0.004846,0,0,0,0,0,0,0,0,0,0,0,0
0.004785,0.007117,0.004351,0,0,0,0,0,0,0,0,0,0,0,0
0.004491,0.005446,0.004435,0,0,0,0,0,0,0,0,0,0,0,0
0.004693,0.005415,0.004587,0,0,0,0,0,0,0,0,0,0,0,0
0.005678,0.004773,0.005129,0,0,0,0,0,0,0,0,0,0,0,0
0.007844,0.004614,0.004385,0,0,0,0,0,0,0,0,0,0,0,0
0.006389,0.004827,0.004935,0,0,0,0,0,0,0,0,0,0,0,0
0.004832,0.006078,0.004769,0,0,0,0,0,0,0,0,0,0,0,0
0.004702,0.006453,0.004505,0,0,0,0,0,0,0,0,0,0,0,0
0.004748,0.005834,0.004508,0,0,0,0,0,0,0,0,0,0,0,0
0.005149,0.005412,0.004617,0,0,0,0,0,0,0,0,0,0,0,0
0.004552,0.006102,0.004665,0,0,0,0,0,0,0,0,0,0,0,0
0.004785,0.00633,0.004803,0,0,0,0,0,0,0,0,0,0,0,0
0.004762,0.006335,0.005661,0,0,0,0,0,0,0,0,0,0,0,0
0.004649,0.006948,0.009087,0,0,0,0,0,0,0,0,0,0,0,0
0.005068,0.005878,0.006578,0,0,0,0,0,0,0,0,0,0,0,0
0.004713,0.006366,0.005549,0,0,0,0,0,0,0,0,0,0,0,0
0.004735,0.006426,0.004694,0,0,0,0,0,0,0,0,0,0,0,0
0.004683,0.009513,0.004523,0,0,0,0,0,0,0,0,0,0,0,0
0.006357,0.007383,0.004419,0,0,0,0,0,0,0,0,0,0,0,0
0.004519,0.010335,0.005655,0,0,0,0,0,0,0,0,0,0,0,0
0.004852,0.007997,0.005245,0,0,0,0,0,0,0,0,0,0,0,0
0.005768,0.007408,0.00552,0,0,0,0,0,0,0,0,0,0,0,0
0.004794,0.005817,0.005047,0,0,0,0,0,0,0,0,0,0,0,0
0.00625,0.004844,0.004961,0,0,0,0,0,0,0,0,0,0,0,0
0.005269,0.004696,0.004869,0,0,0,0,0,0,0,0,0,0,0,0
0.004978,0.005752,0.004744,0,0,0,0,0,0,0,0,0,0,0,0
0.004948,0.00456,0.004741,0,0,0,0,0,0,0,0,0,0,0,0
0.009193,0.00508,0.004665,0,0,0,0,0,0,0,0,0,0,0,0
0.007293,0.004987,0.005144,0,0,0,0,0,0,0,0,0,0,0,0
0.006383,0.00452,0.004823,0,0,0,0,0,0,0,0,0,0,0,0
0.005709,0.004413,0.004936,0,0,0,0,0,0,0,0,0,0,0,0
0.00443,0.004506,0.005148,0,0,0,0,0,0,0,0,0,0,0,0
0.004645,0.004596,0.004484,0,0,0,0,0,0,0,0,0,0,0,0
0.00468,0.004583,0.004318,0,0,0,0,0,0,0,0,0,0,0,0
0.004235,0.00448,0.004405,0,0,0,0,0,0,0,0,0,0,0,0
0.004329,0.004857,0.004266,0,0,0,0,0,0,0,0,0,0,0,0
0.004279,0.00452,0.004299,0,0,0,0,0,0,0,0,0,0,0,0
0.005441,0.004436,0.004422,0,0,0,0,0,0,0,0,0,0,0,0
0.004699,0.005623,0.005003,0,0,0,0,0,0,0,0,0,0,0,0
0.004519,0.004287,0.004879,0,0,0,0,0,0,0,0,0,0,0,0
0.004465,0.004572,0.005388,0,0,0,0,0,0,0,0,0,0,0,0
0.00466,0.004257,0.005388,0,0,0,0,0,0,0,0,0,0,0,0
0.004369,0.004641,0.005035,0,0,0,0,0,0,0,0,0,0,0,0
0.004196,0.004326,0.004517,0,0,0,0,0,0,0,0,0,0,0,0
0.004356,0.004445,0.004722,0,0,0,0,0,0,0,0,0,0,0,0
0.004398,0.00459,0.004593,0,0,0,0,0,0,0,0,0,0,0,0
0.004482,0.004549,0.004751,0,0,0,0,0,0,0,0,0,0,0,0
0.004503,0.004319,0.004612,0,0,0,0,0,0,0,0,0,0,0,0
0.004609,0.004197,0.004322,0,0,0,0,0,0,0,0,0,0,0,0
0.004481,0.004732,0.00443,0,0,0,0,0,0,0,0,0,0,0,0
0.004441,0.00461,0.004621,0,0,0,0,0,0,0,0,0,0,0,0
0.004481,0.004899,0.004429,0,0,0,0,0,0,0,0,0,0,0,0
0.004779,0.004293,0.004532,0,0,0,0,0,0,0,0,0,0,0,0
0.004437,0.004307,0.004492,0,0,0,0,0,0,0,0,0,0,0,0
0.004464,0.004203,0.004669,0,0,0,0,0,0,0,0,0,0,0,0
0.004488,0.004582,0.004371,0,0,0,0,0,0,0,0,0,0,0,0
0.005087,0.004239,0.004365,0,0,0,0,0,0,0,0,0,0,0,0
0.004503,0.00535,0.00439,0,0,0,0,0,0,0,0,0,0,0,0
0.00463,0.004182,0.004704,0,0,0,0,0,0,0,0,0,0,0,0
0.004648,0.004265,0.004707,0,0,0,0,0,0,0,0,0,0,0,0
0.00427,0.004391,0.006668,0,0,0,0,0,0,0,0,0,0,0,0
0.004587,0.004497,0.004486,0,0,0,0,0,0,0,0,0,0,0,0
0.004636,0.004558,0.004604,0,0,0,0,0,0,0,0,0,0,0,0
0.005204,0.004252,0.004997,0,0,0,0,0,0,0,0,0,0,0,0
0.009233,0.004237,0.004435,0,0,0,0,0,0,0,0,0,0,0,0
0.009833,0.004585,0.004574,0,0,0,0,0,0,0,0,0,0,0,0
0.00827,0.00462,0.005326,0,0,0,0,0,0,0,0,0,0,0,0
0.009439,0.004704,0.004686,0,0,0,0,0,0,0,0,0,0,0,0
0.009254,0.004297,0.004583,0,0,0,0,0,0,0,0,0,0,0,0
0.009486,0.004436,0.005385,0,0,0,0,0,0,0,0,0,0,0,0
0.008932,0.004507,0.004579,0,0,0,0,0,0,0,0,0,0,0,0
0.007221,0.004927,0.004722,0,0,0,0,0,0,0,0,0,0,0,0
0.006431,0.004356,0.004688,0,0,0,0,0,0,0,0,0,0,0,0
0.006223,0.004831,0.004515,0,0,0,0,0,0,0,0,0,0,0,0
0.005431,0.004913,0.004626,0,0,0,0,0,0,0,0,0,0,0,0
0.004915,0.004768,0.005078,0,0,0,0,0,0,0,0,0,0,0,0
0.005303,0.004702,0.005783,0,0,0,0,0,0,0,0,0,0,0,0
0.004464,0.00516,0.005096,0,0,0,0,0,0,0,0,0,0,0,0
0.004825,0.004664,0.005426,0,0,0,0,0,0,0,0,0,0,0,0
0.005218,0.004639,0.005695,0,0,0,0,0,0,0,0,0,0,0,0
0.004987,0.004483,0.009456,0,0,0,0,0,0,0,0,0,0,0,0
0.004947,0.004477,0.007494,0,0,0,0,0,0,0,0,0,0,0,0
0.005001,0.004642,0.006475,0,0,0,0,0,0,0,0,0,0,0,0
0.004402,0.004468,0.0059,0,0,0,0,0,0,0,0,0,0,0,0
0.004765,0.004467,0.0044,0,0,0,0,0,0,0,0,0,0,0,0
0.004876,0.004601,0.004483,0,0,0,0,0,0,0,0,0,0,0,0
0.004547,0.005404,0.004921,0,0,0,0,0,0,0,0,0,0,0,0
0.004899,0.009462,0.006596,0,0,0,0,0,0,0,0,0,0,0,0
0.005216,0.007245,0.00656,0,0,0,0,0,0,0,0,0,0,0,0
0.004726,0.006167,0.004964,0,0,0,0,0,0,0,0,0,0,0,0
0.009666,0.005249,0.004516,0,0,0,0,0,0,0,0,0,0,0,0
0.007345,0.009421,0.004525,0,0,0,0,0,0,0,0,0,0,0,0
0.006121,0.007391,0.004959,0,0,0,0,0,0,0,0,0,0,0,0
0.005813,0.006837,0.004498,0,0,0,0,0,0,0,0,0,0,0,0
0.004567,0.005385,0.004923,0,0,0,0,0,0,0,0,0,0,0,0
0.005102,0.005321,0.005256,0,0,0,0,0,0,0,0,0,0,0,0
0.004344,0.004358,0.004981,0,0,0,0,0,0,0,0,0,0,0,0
0.004304,0.004764,0.004504,0,0,0,0,0,0,0,0,0,0,0,0
0.004453,0.009534,0.00614,0,0,0,0,0,0,0,0,0,0,0,0
0.004938,0.008362,0.004754,0,0,0,0,0,0,0,0,0,0,0,0
0.009134,0.00716,0.004512,0,0,0,0,0,0,0,0,0,0,0,0
0.007946,0.005434,0.004742,0,0,0,0,0,0,0,0,0,0,0,0
0.006089,0.004959,0.005172,0,0,0,0,0,0,0,0,0,0,0,0
0.005943,0.00486,0.004537,0,0,0,0,0,0,0,0,0,0,0,0
0.004966,0.009812,0.00444,0,0,0,0,0,0,0,0,0,0,0,0
0.004792,0.007556,0.005172,0,0,0,0,0,0,0,0,0,0,0,0
0.004889,0.006481,0.004472,0,0,0,0,0,0,0,0,0,0,0,0
0.004661,0.005456,0.004935,0,0,0,0,0,0,0,0,0,0,0,0
0.004775,0.004491,0.005066,0,0,0,0,0,0,0,0,0,0,0,0
0.005265,0.004923,0.004463,0,0,0,0,0,0,0,0,0,0,0,0
0.005522,0.009603,0.004452,0,0,0,0,0,0,0,0,0,0,0,0
0.004488,0.009458,0.004583,0,0,0,0,0,0,0,0,0,0,0,0
0.009271,0.007501,0.005362,0,0,0,0,0,0,0,0,0,0,0,0
0.00939,0.00618,0.005255,0,0,0,0,0,0,0,0,0,0,0,0
0.009399,0.005953,0.005552,0,0,0,0,0,0,0,0,0,0,0,0
0.009694,0.004615,0.011439,0,0,0,0,0,0,0,0,0,0,0,0
0.006847,0.004921,0.007194,0,0,0,0,0,0,0,0,0,0,0,0
0.005959,0.004971,0.005628,0,0,0,0,0,0,0,0,0,0,0,0
0.00477,0.005038,0.004807,0,0,0,0,0,0,0,0,0,0,0,0
0.004686,0.005185,0.004613,0,0,0,0,0,0,0,0,0,0,0,0
0.004482,0.007848,0.004693,0,0,0,0,0,0,0,0,0,0,0,0
0.005346,0.00486,0.004884,0,0,0,0,0,0,0,0,0,0,0,0
0.004338,0.005965,0.004605,0,0,0,0,0,0,0,0,0,0,0,0
0.004234,0.004744,0.004532,0,0,0,0,0,0,0,0,0,0,0,0
0.004285,0.004766,0.005024,0,0,0,0,0,0,0,0,0,0,0,0
0.005973,0.004737,0.004571,0,0,0,0,0,0,0,0,0,0,0,0
0.004918,0.004416,0.00556,0,0,0,0,0,0,0,0,0,0,0,0
0.004491,0.004594,0.008912,0,0,0,0,0,0,0,0,0,0,0,0
0.004738,0.005118,0.011022,0,0,0,0,0,0,0,0,0,0,0,0
0.004893,0.004684,0.008122,0,0,0,0,0,0,0,0,0,0,0,0
0.004422,0.004496,0.006743,0,0,0,0,0,0,0,0,0,0,0,0
0.004724,0.004979,0.007331,0,0,0,0,0,0,0,0,0,0,0,0
0.005171,0.004528,0.004838,0,0,0,0,0,0,0,0,0,0,0,0
0.009714,0.004655,0.009896,0,0,0,0,0,0,0,0,0,0,0,0
0.008419,0.004678,0.008089,0,0,0,0,0,0,0,0,0,0,0,0
0.006486,0.004497,0.007372,0,0,0,0,0,0,0,0,0,0,0,0
