1.2545
0.15401
0.090494
0.07347
0.10539
NaN
NaN
0.10184
NaN
0.06723
0.067705
0.05861
0.031269
0.028629
0.027527
0.029492
0.028856
0.057206
NaN
0.02987
0.029243
0.029075
0.032776
0.028498
0.061767
0.028282
0.03019
0.028269
0.029845
0.02873
0.054177
0.036411
0.033296
0.037182
0.053476
0.033711
0.06251
0.031899
0.036712
0.031487
0.040506
0.027449
0.056617
0.031449
0.041128
0.031718
0.033098
0.032309
0.055329
NaN
0.041108
0.033509
0.031753
0.035501
0.031552
0.065678
0.034608
NaN
NaN
NaN
NaN
1.231
0.16489
0.091142
0.073173
0.10322
NaN
NaN
0.087294
0.068774
NaN
0.057429
0.066356
0.029734
0.032142
0.029225
0.041831
0.030822
0.056496
0.028205
NaN
NaN
NaN
NaN
1.2198
0.16164
0.099995
0.081453
NaN
0.11125
NaN
0.094537
NaN
0.064689
0.062905
0.059825
0.04164
0.031389
0.052633
NaN
0.031325
0.03332
0.065606
0.042885
0.030796
0.034724
0.029317
0.030188
0.060631
0.032964
0.029401
0.03157
0.029839
0.031783
0.055428
0.040181
0.031192
0.032259
0.03933
0.03449
0.058527
0.033183
0.037241
0.047379
0.03049
0.033314
0.055461
0.040163
0.031472
0.031457
0.032184
0.033016
0.068047
NaN
0.030048
0.030945
0.030707
0.03056
