1.225
0.14807
0.081003
0.064303
0.10212
NaN
0.099288
NaN
0.055427
0.045649
0.046265
0.021217
0.022553
0.021593
0.021175
0.021517
0.046675
0.021925
0.021534
0.020805
0.020652
0.020791
0.055801
NaN
0.020842
0.021194
0.0307
0.021221
0.026506
0.046422
0.028169
0.021448
0.03657
0.031877
0.023616
0.049549
0.031115
0.028827
0.024689
0.021804
0.021261
0.044932
0.030063
0.021006
0.020369
0.031523
0.021084
0.045348
0.03038
0.023885
0.024048
0.024723
0.023252
0.050437
0.024679
0.019541
0.027752
0.02438
0.020802
0.052154
0.021909
0.027299
0.020884
0.021554
0.021286
0.047525
0.025945
0.023871
0.021652
0.021552
0.021068
0.056937
0.022382
0.026497
0.020795
0.020166
0.020566
0.04266
0.020705
0.021357
0.022813
0.019885
0.020194
0.042365
0.01991
0.021701
0.0206
0.019874
0.028996
0.043428
0.02098
0.019779
0.019657
0.034397
0.019517
0.042865
0.019912
0.020307
0.0212
0.028149
0.02064
0.052725
0.020603
0.026037
0.021134
0.021275
0.031837
0.044905
0.03021
0.020816
0.021759
0.020658
0.022333
0.044521
0.020158
0.020489
0.032825
0.024235
0.019349
0.050859
0.028783
0.035509
0.021989
0.020423
0.029789
0.044123
0.029971
0.024497
0.020632
0.020804
0.02097
0.042403
0.020612
0.022035
0.02087
0.020145
0.030253
0.044033
0.029238
0.024126
0.024297
0.021613
0.020984
0.053349
0.020676
0.021202
0.021151
0.020421
0.020299
0.044788
0.022517
0.02281
0.022071
0.021195
0.023155
0.043858
0.021098
0.020319
0.020566
0.021271
0.020199
0.044249
0.020404
0.021358
0.020765
0.021321
0.020516
0.047155
0.02263
0.020486
0.020661
0.022634
0.02021
0.044952
0.031652
0.023681
0.024207
0.021364
0.023003
0.052838
0.020171
0.020489
0.020714
0.021334
0.02085
0.044031
0.020325
0.019792
0.021534
0.020185
0.021631
0.049199
0.024133
0.024238
0.022386
0.021635
0.020604
0.045208
0.020973
0.019743
0.021359
0.021109
0.020638
0.044652
0.02135
0.021763
0.022286
0.021047
0.023731
0.045417
0.020932
0.020992
0.021346
0.021137
0.022486
0.046131
0.02077
0.020999
0.021255
0.021185
0.02097
0.045983
0.020998
0.021417
0.021656
0.022106
0.020645
0.045059
0.020587
0.020225
0.021981
0.020681
0.021568
0.043702
0.021214
0.020708
0.020981
0.02196
0.022633
0.043986
0.020647
0.020057
0.020723
0.020486
0.0218
0.043723
0.020745
0.02068
0.023086
0.02259
0.021282
0.042808
0.021707
0.023939
0.02263
0.021993
0.024473
0.045682
0.022287
0.022906
0.020689
0.023991
0.022833
0.044146
0.02123
0.02084
0.021213
0.032714
0.02332
0.052136
0.022323
0.021532
0.021933
0.022657
0.02261
0.055591
0.020012
0.01951
0.019915
0.034499
0.023063
0.053146
0.021562
0.021623
0.022189
0.022925
0.022663
0.04705
0.021154
0.021536
0.021104
0.021262
0.020524
0.042384
0.020586
0.020305
0.019881
0.020417
0.019272
0.043605
0.020405
0.021158
0.023394
0.022338
0.021459
0.052483
0.021574
0.021987
0.021175
0.021997
0.020894
0.051443
0.022449
0.023368
0.021746
0.021701
0.022495
0.053426
0.021191
0.022564
0.022483
0.023465
0.021216
0.052253
0.021529
0.023314
0.02274
0.022587
0.021623
0.052516
0.022687
0.021916
0.021477
0.020564
0.020483
0.043875
0.020351
0.022068
0.023305
0.021365
0.021287
0.0442
0.020822
0.022565
0.021464
0.021148
0.022475
0.043895
0.020584
0.021486
0.020643
0.022111
0.020214
0.045059
0.021105
0.021378
0.02044
0.025902
0.022533
0.046558
0.021157
0.022911
0.023034
0.023734
0.022054
