0.000347
0.22402
0.006561
0.006637
0.005603
0.005799
0.005948
0.006455
0.011093
0.008286
0.006537
0.005757
0.006335
0.006256
0.005827
0.005456
0.005639
0.006103
0.005488
0.005693
0.007492
0.009122
0.010917
0.008144
0.00718
0.010553
0.007471
0.007411
0.006663
0.009572
0.00632
0.008206
0.012542
0.011267
0.008905
0.007097
0.006187
0.005836
0.005425
0.005734
0.005423
0.011779
0.009507
0.007558
0.007158
0.005361
0.00504
0.005473
0.00557
0.005248
0.006438
0.006487
0.011477
0.01037
0.007411
0.006357
0.005314
0.006276
0.011264
0.005322
0.005804
0.005465
0.005792
0.006373
0.005564
0.005863
0.005952
0.006685
0.006547
0.005599
0.006062
0.005906
0.007548
0.008201
0.005773
0.005967
0.005947
0.007033
0.006747
0.006244
0.006408
0.006023
0.007937
0.006465
0.006557
0.006416
0.006518
0.008041
0.007332
0.005955
0.006142
0.007653
0.00666
0.00631
0.006117
0.007882
0.012335
0.009416
0.007974
0.006682
0.007524
0.012408
0.009715
0.007321
0.006062
0.006133
0.006708
0.006285
0.006146
0.006057
0.00613
0.006068
0.006621
0.006457
0.006187
0.00596
0.006512
0.006179
