1.1851
0.13826
0.067546
0.057857
0.080334
NaN
0.069678
0.039746
0.039415
0.039617
0.020368
0.021297
0.023785
0.019458
0.017464
0.04034
0.018497
0.016901
0.018823
0.017408
0.018061
0.038077
0.01772
0.020573
0.018258
0.018878
0.024128
0.038043
0.018599
0.028703
0.023849
0.026407
0.033352
0.061814
0.024382
0.023505
0.019076
0.021682
0.021233
0.048731
0.018324
0.018339
0.016668
0.032
0.01728
0.03742
0.018379
0.019481
0.018243
0.017324
0.017475
0.038156
0.018706
0.026772
0.016819
0.018554
0.018551
0.039526
0.026688
0.024392
0.018538
0.017721
0.019061
0.038138
0.018082
0.017295
0.018842
0.01766
0.018638
0.04927
0.018921
0.017616
0.017881
0.018174
0.017047
0.035413
0.017808
0.016917
0.018929
0.018999
0.029292
0.036145
0.0174
0.018868
0.019408
0.018238
0.017339
0.035503
0.018008
0.016943
0.017188
0.017918
0.030103
0.035212
0.017026
0.017672
0.018868
0.031326
0.017792
0.042843
0.018293
0.017805
0.017624
0.017984
0.016811
0.044783
0.027592
0.021422
0.025251
0.022221
0.018319
0.042975
0.022878
0.019175
0.019651
0.019253
0.019343
0.04496
0.017651
0.018039
0.017083
0.019056
0.017369
0.035249
0.017933
0.018986
0.017839
0.017308
0.017972
0.03568
0.016765
0.018331
0.027879
0.017618
0.017335
0.038281
0.02435
0.019241
0.019103
0.017654
0.017127
0.035154
0.017618
0.017521
0.017068
0.017386
0.015949
0.034388
0.016386
0.017083
0.017864
0.016356
0.018595
0.03755
0.020928
0.01852
0.028882
0.018305
0.017296
0.037543
0.016506
0.018746
0.017428
0.017272
0.015867
0.046635
0.01686
0.019601
0.017456
0.016795
0.017707
0.036594
0.01938
0.017852
0.01713
0.016839
0.021425
0.035749
0.021563
0.017029
0.016339
0.018381
0.017117
0.043134
0.018155
0.016627
0.018438
0.018616
0.016912
0.036699
0.018487
0.024584
0.024656
0.022988
0.017198
0.035617
0.017841
0.017436
0.017465
0.017428
0.017042
0.035479
0.016699
0.019013
0.018343
0.024446
0.024662
0.035486
0.017543
0.020727
0.023843
0.023522
0.015836
0.035807
0.020315
0.018346
0.016795
0.017314
0.016025
0.044032
0.018121
0.030039
0.016847
0.017469
0.017154
0.041625
0.018527
0.0179
0.018033
0.01861
0.017917
0.053056
0.020534
0.018905
0.018634
0.018002
0.01993
0.040746
0.018603
0.018662
0.018226
0.017802
0.028504
0.040417
0.018588
0.022264
0.017336
0.02266
0.01784
0.042284
0.017732
0.030877
0.018569
0.017224
0.023672
0.03509
0.018452
0.01879
0.017035
0.023467
0.020122
0.037827
0.017734
0.016955
0.017207
0.017546
0.017046
0.038219
0.018697
0.017202
0.017926
0.017103
0.017355
0.04322
0.016448
0.017564
0.020085
0.016983
0.018482
0.042784
0.024126
0.017145
0.017459
0.01838
0.029981
0.035917
0.016678
0.020053
0.024327
0.016254
0.016412
0.039063
0.017924
0.020388
0.016152
0.019433
0.020509
0.040163
0.017688
0.016634
0.018948
0.023722
0.017059
0.036724
0.025106
0.022682
0.016616
0.016929
0.028939
0.036131
0.016621
0.017896
0.016493
0.016265
0.018302
0.051116
0.018053
0.017957
0.022932
0.019097
0.017929
0.048522
0.022918
0.016602
0.027402
0.016819
0.017222
0.038556
0.017923
0.017296
0.017134
0.016978
0.016745
0.035721
0.028372
0.017132
0.017976
0.025544
0.018028
0.043166
0.023075
