1.1892
0.14293
0.079355
0.071483
0.088997
0.078631
0.052716
0.052059
0.050037
0.021567
0.022586
0.021863
0.023488
0.021453
0.054902
0.022823
0.020893
0.021621
0.031168
0.024597
0.044355
0.021488
0.020633
0.020453
0.02178
0.026805
0.044099
0.03175
0.023955
0.020587
0.0397
0.025467
0.059829
0.035189
0.025896
0.0287
0.022434
0.024512
0.047493
0.021917
0.023845
0.036273
0.021064
0.021298
0.044837
0.033054
0.020227
0.020747
0.020768
0.020474
0.051509
0.020516
0.020088
0.031958
0.0204
0.027767
0.04893
0.025879
0.025015
0.023505
0.022622
0.025076
0.05057
0.021242
0.020734
0.029004
0.021808
0.038336
0.048369
0.020764
0.022409
0.022042
0.022432
0.023071
0.045509
0.022037
0.020735
0.020413
0.025182
0.025417
0.043519
0.027936
0.022308
0.020527
0.020745
0.019724
0.049837
0.024963
0.019688
0.020333
0.020115
0.020698
0.043382
0.019805
0.019552
0.028785
0.022148
0.020587
0.053731
0.021598
0.019646
0.021883
0.02044
0.026318
0.045696
0.020205
0.020576
0.020152
0.020033
0.032389
0.044215
0.029677
0.021749
0.030571
0.02405
0.024229
0.0523
0.022212
0.020676
0.020407
0.028712
0.022185
0.050957
0.021325
0.020685
0.032128
0.02421
0.020639
0.044388
0.032183
0.032602
0.021989
0.020646
0.019901
0.043689
0.02298
0.020778
0.019782
0.019934
0.021211
0.043967
0.021136
0.021995
0.021601
0.022539
0.022718
0.056927
0.03215
0.019574
0.021148
0.030865
0.02484
0.043781
0.020212
0.021623
0.02104
0.020387
0.02056
0.051949
0.032317
0.020029
0.019737
0.020048
0.032092
0.046584
0.023721
0.021598
0.022328
0.021342
0.022321
0.04907
0.026503
0.019227
0.020125
0.021255
0.021665
0.053741
0.023589
0.021975
0.021328
0.030768
0.021093
0.052607
0.020823
0.023222
0.021591
0.024485
0.022949
0.048098
0.021725
0.024029
0.024212
0.019905
0.019917
0.043845
0.01966
0.019431
0.019917
0.020297
0.021083
0.043842
0.020683
0.021089
0.033318
0.024645
0.028534
0.046164
0.023241
0.021244
0.022337
0.022151
0.02328
0.049769
0.022129
0.022964
0.022929
0.022944
0.021957
0.044413
0.038567
0.020466
0.020375
0.020773
0.021624
0.041705
0.020958
0.020817
0.019984
0.021959
0.019725
0.044273
0.021407
0.021327
0.021969
0.020603
0.020483
0.043113
0.019208
0.021502
0.020852
0.020647
0.021565
0.052189
0.021895
0.020193
0.030788
0.024083
0.019728
0.053193
0.021503
0.038835
0.023903
0.021807
0.021471
0.043872
0.020446
0.026791
0.020861
0.023521
0.019918
0.043193
0.019646
0.019869
0.020007
0.021863
0.020383
0.043581
0.024793
0.021415
0.027698
0.037358
0.021751
0.044107
0.019343
0.019739
0.020386
0.020294
0.020276
0.042984
0.019805
0.025615
0.036459
0.020225
0.02106
0.056564
0.020673
0.021385
0.020309
0.033897
0.022886
0.048598
0.0212
0.028905
0.023152
0.021689
0.02279
0.058836
0.026979
0.029444
0.020238
0.020342
0.019744
0.042612
0.02371
0.021356
0.022808
0.033416
0.020334
0.043943
0.020054
0.023794
0.022071
0.02015
0.020914
0.045663
0.024004
0.01918
0.01997
0.020553
0.021991
0.049822
0.026684
0.023805
0.024109
0.024013
0.021163
0.04551
0.021248
0.021893
0.023521
0.023379
0.020414
0.045272
0.021036
0.020413
0.026517
0.023929
0.02422
0.049806
0.023821
0.024021
0.020634
0.021802
0.021142
0.046094
0.020729
0.021041
0.021794
0.020763
0.020565
0.054001
0.024107
0.024001
0.020063
0.027788
0.023728
0.046347
0.021118
0.021915
0.033069
0.024275
0.021459
0.044415
0.020918
0.024407
0.024566
0.024668
0.022782
0.054376
0.032364
0.022998
0.021404
0.021438
0.020328
0.044642
0.028096
0.025014
0.021727
0.025557
0.024083
0.048858
0.020717
0.019973
0.020141
0.020328
0.027306
0.049113
0.024576
0.019509
0.020427
0.020186
0.021993
0.044028
0.021482
0.021768
0.024841
0.023484
0.02028
0.04635
0.020464
0.019671
0.023674
0.024225
0.024573
0.050959
0.02203
0.026006
0.024522
0.020455
0.022568
0.048359
0.023113
0.022268
0.022351
0.022748
0.021926
0.062888
0.024777
0.023666
0.022396
0.02242
0.021281
0.04938
0.022445
0.021062
0.022004
0.022937
0.023317
0.048714
0.026298
0.031533
0.023506
0.023817
0.02166
0.048944
0.022244
0.029937
0.022772
0.02982
0.025301
0.047333
0.022093
0.026601
0.020962
0.022049
0.028932
0.047084
0.028467
0.020249
0.021598
0.020422
0.021452
0.046123
0.027226
0.032842
0.019961
0.020764
0.021996
0.047467
0.02869
0.020665
0.024449
0.026267
0.02126
0.049001
0.03073
0.022959
0.020594
0.021751
0.020306
0.044581
0.028951
0.026137
0.023718
0.023051
0.022258
0.052807
0.022679
0.02652
0.021872
0.021916
0.021986
0.050981
0.031758
0.024553
0.024937
0.022833
0.030669
0.051879
0.022069
0.023428
0.022597
0.023173
0.022849
0.051224
0.021465
0.025963
0.022163
0.021412
0.025782
0.046566
0.025241
0.021804
0.022837
0.028394
0.0295
0.048154
0.035891
0.021309
0.022508
0.028945
0.023976
0.046798
0.020743
0.029001
0.01969
0.019203
0.020102
0.047935
0.027103
0.019433
0.019971
0.021151
0.02033
0.043415
0.020666
0.020562
0.024746
0.025695
0.019216
0.042183
0.035603
0.019095
0.029441
0.01965
0.021321
0.044275
0.020159
0.019243
0.034767
0.023818
0.023724
0.048978
0.021533
0.02749
0.019974
0.021192
0.021551
0.047389
0.019784
0.019571
0.019264
0.019957
0.025057
0.051731
0.021253
0.019874
0.020285
0.019701
0.019992
0.049485
0.022138
0.022528
0.022333
0.023305
0.020693
0.048963
0.021214
0.019619
0.019317
0.019771
0.019061
0.043679
0.025678
0.020697
0.027944
0.019912
0.019801
0.043087
0.020046
0.019643
0.020079
0.019654
0.020667
0.044664
0.020168
0.020022
0.021499
0.022465
0.022201
0.057537
0.021656
0.020969
0.021901
0.020974
0.024534
0.042967
0.021777
0.022932
0.022905
0.023747
0.023995
0.046709
0.020979
0.026273
0.027443
0.019798
0.020301
0.046542
0.024177
0.020315
0.019625
0.019114
0.019884
0.043883
0.021148
0.020378
0.019404
0.023586
0.024267
0.046553
0.027824
0.02475
0.024617
0.020842
0.019769
0.044379
0.022757
0.023689
0.023112
0.020552
0.020682
0.045097
0.024359
0.022238
0.020015
0.020667
0.020601
0.042482
0.020704
0.02015
0.020655
0.019761
0.020125
0.043079
0.019624
0.019874
0.022478
0.021976
0.023714
0.045065
0.027917
0.025137
0.039492
0.037439
0.03287
0.046782
0.020703
0.020424
0.020883
0.020504
0.020525
0.04046
0.020152
0.020303
0.020262
0.019737
0.03165
0.041408
0.032975
0.020261
0.019566
0.020617
0.020617
0.043196
0.020948
0.025162
0.02019
0.020042
0.020831
0.041881
0.019849
0.019472
0.019753
0.020247
0.019827
0.043514
0.022522
0.020725
0.021505
0.020006
0.019902
0.051412
0.02381
0.02191
0.020659
0.020915
0.020701
0.040866
0.020312
0.025462
0.02046
0.02086
0.020307
0.043188
0.019818
0.019901
0.019631
0.020173
0.021564
0.041409
0.02127
0.020177
0.019756
0.028099
0.021794
0.043619
0.01959
0.020284
0.029675
0.020545
0.019979
0.041666
0.026344
0.018969
