0.000405
0.22846
0.003194
0.003175
0.002843
0.00265
0.002525
0.002955
0.002411
0.002253
0.002363
0.002214
0.002335
0.001856
0.001853
0.002172
0.001914
0.001961
0.00189
0.001645
0.001833
0.001274
0.001469
0.001386
0.001844
NaN
NaN
NaN
NaN
0.000158
0.22284
0.001358
0.00106
0.001061
0.00115
0.001197
0.001134
0.001055
0.00105
0.001142
0.001152
0.001152
0.001057
NaN
NaN
NaN
NaN
0.00016
0.21863
0.001152
0.001243
0.001016
0.001117
0.001052
0.001173
0.001055
0.001064
0.001162
0.001067
0.001083
0.001056
0.001161
0.001198
0.001141
0.001176
0.001113
0.001144
0.001115
0.001136
0.001172
0.001135
0.001155
0.001387
0.001154
0.001233
0.001149
0.001318
0.001239
0.001146
0.001206
0.00127
0.001322
0.001223
0.001255
0.001149
0.001231
0.001146
0.001145
0.001032
0.001224
0.001204
0.001257
0.001224
0.001239
0.001298
0.00117
0.001152
0.001276
0.001222
0.001248
NaN
NaN
NaN
NaN
0.000234
0.25102
0.00129
0.001046
0.001053
0.001152
0.001153
0.001153
0.001153
0.001064
0.00206
0.00133
0.002157
0.003267
0.001169
0.001148
0.001049
0.002319
0.001299
0.001916
0.001456
0.001572
0.001603
0.001649
NaN
NaN
NaN
NaN
0.000173
0.21153
0.000207
0.001448
0.001311
0.001381
0.001539
0.001625
0.001422
0.001595
0.001452
0.001515
NaN
NaN
NaN
NaN
0.000194
0.22368
0.00127
0.00104
0.001155
0.001048
0.001202
0.001164
0.001017
0.001149
0.001038
0.001164
0.001106
0.001113
0.001206
0.001116
0.001161
0.001181
NaN
NaN
NaN
NaN
0.000235
0.2139
0.001606
0.001185
0.001423
0.001154
0.001308
NaN
NaN
NaN
NaN
0.00036
0.22789
0.001356
0.001136
0.00117
0.001399
0.001128
0.001117
0.001037
NaN
NaN
NaN
NaN
0.000156
0.21788
0.001257
0.001051
0.001146
0.001046
0.001146
0.00122
0.001039
0.001144
0.000996
0.001054
0.001168
0.001152
0.001154
0.001154
0.001158
0.001153
0.001163
0.001353
0.001242
0.001177
0.001255
0.001253
0.001268
0.001157
0.001212
0.001185
0.00121
0.001209
0.001229
0.001412
0.001217
0.001227
0.001201
0.00129
0.001244
0.001396
0.001271
0.001359
0.001295
0.001434
0.001496
0.001459
0.001382
0.00148
0.001422
0.001413
NaN
NaN
NaN
NaN
0.000158
0.23097
0.001652
0.001637
0.00156
0.00175
0.002023
0.00171
0.001532
0.00153
0.001623
0.001469
0.001511
0.00173
0.001667
0.003238
0.001512
0.001568
0.0014
0.003222
0.003247
