0.000145
0.23637
0.005904
0.005213
0.005321
0.005345
0.005534
0.005427
0.005371
0.005088
0.005804
0.005075
0.005634
0.005458
0.005653
0.005069
0.005901
0.005281
0.005439
0.005102
0.005666
0.005557
0.006376
0.005744
0.005121
0.005405
0.005235
0.005154
0.005183
0.005104
0.005617
0.005425
0.005461
0.005189
0.005324
0.005347
0.005798
0.005255
0.005461
0.005486
0.005612
0.005615
0.005266
0.005335
0.005427
0.005375
0.005165
0.005391
0.005365
0.005242
0.005909
0.005287
0.005308
0.005148
0.00567
NaN
NaN
NaN
NaN
0.000155
0.22363
0.005276
0.00543
0.004711
0.004615
0.004599
0.004815
0.00466
0.004744
0.004822
0.004652
0.005065
0.004563
0.004747
0.004636
0.005
0.005029
0.005618
0.004639
0.004818
0.00512
0.004939
0.004957
0.004596
0.004691
0.004833
0.004524
0.004763
0.005095
0.005106
0.005483
0.005695
0.004522
0.005491
0.010497
0.007466
0.006239
0.005673
0.004876
0.005079
0.004685
0.004629
0.005539
0.004774
0.004895
0.004802
0.004767
0.004826
0.004765
0.005044
0.00544
0.004828
0.004756
NaN
NaN
NaN
NaN
0.000161
0.22414
0.010493
0.007088
0.006336
0.005678
0.00468
0.00518
0.010221
0.008437
0.00592
0.005657
0.00511
0.005214
0.004794
0.00621
0.004827
0.005634
0.00509
0.005565
0.005048
0.005411
0.004678
0.004929
0.005187
0.004618
0.004614
0.004881
0.004614
0.004953
0.0103
0.009371
0.008047
0.006193
0.006499
0.005855
0.005267
0.005536
0.010668
0.008976
0.00727
0.006811
0.005007
0.005048
0.00481
0.004924
0.005564
0.004814
0.005062
0.004982
0.004815
0.005744
0.010672
0.008874
NaN
NaN
NaN
NaN
2.9e-05
0.2287
0.006357
0.006295
0.010856
0.007902
0.006121
0.005887
0.005484
0.005175
0.005293
0.005129
0.005094
0.005424
0.00511
0.005746
