1.2575
0.14299
0.076522
0.064255
0.089388
NaN
0.076454
NaN
0.049449
0.058711
0.054271
0.02251
0.021915
0.02079
0.021362
0.02613
0.059207
0.022445
0.021567
0.03173
0.030623
0.03082
0.05097
0.020744
0.020902
0.021359
0.020112
0.02074
0.046963
0.030446
0.028721
0.031138
0.033024
0.022986
0.050528
0.028714
0.023869
0.023434
0.024168
0.02075
0.043693
0.020419
0.024783
0.023673
0.020841
0.02078
0.058074
0.020609
0.028326
0.024416
0.036397
0.024471
0.045409
0.020698
0.021187
0.020673
0.020285
0.028699
0.046733
0.02786
0.020442
0.019598
0.02028
0.022129
0.045607
0.020742
0.019803
0.022459
0.02096
0.019422
0.046711
0.020489
0.019774
0.020097
0.020495
0.020726
0.054763
0.021455
0.022274
0.022613
0.0216
0.022072
0.045565
0.021869
0.019468
0.032835
0.020257
0.020611
0.042347
0.021373
0.029968
0.026022
0.02258
0.026083
0.050457
0.020636
0.023034
0.02435
0.023669
0.020376
0.044134
0.019925
0.018972
0.027894
0.022244
0.019948
0.05098
0.019639
0.021344
0.02136
0.020425
0.031307
0.048411
0.019645
0.021072
0.035341
0.019921
0.020057
0.043061
0.01985
0.020053
0.019864
0.022291
0.022952
0.055174
0.024129
0.021021
0.022045
0.020173
0.019893
0.053763
NaN
0.021169
0.01994
0.026507
0.021003
0.027247
0.048625
0.021949
0.020753
0.020436
0.020991
0.023748
0.041692
0.020445
0.020062
0.020307
0.029863
0.019697
0.053718
0.021375
0.02075
0.029921
0.01989
0.020028
0.043501
0.0194
0.019266
0.019322
0.01967
0.019545
0.044911
0.020848
0.019799
0.019545
0.020365
0.022615
0.043501
0.020951
0.019441
0.01938
0.01966
0.01927
0.0479
0.025033
0.024538
0.019803
0.01962
0.019513
0.050508
0.02366
0.020053
0.019812
0.020972
0.019657
0.04341
0.019377
0.018783
0.019764
0.019181
0.019357
0.042041
0.026316
0.02448
0.02189
0.024899
0.021159
0.052406
0.024353
0.023686
0.023647
0.018432
0.01953
0.043236
0.027307
0.023692
0.025167
0.020888
0.019956
0.045184
0.020204
0.01918
0.019886
0.019333
0.018924
0.053029
0.020715
0.020741
0.019158
0.01935
0.020686
0.050081
0.022685
0.028904
0.021768
0.020778
0.022259
0.05056
0.021239
0.022598
0.021575
0.022114
0.021374
0.05004
0.029663
0.021647
0.022864
0.02187
0.02258
0.059002
0.023252
0.019863
0.023255
0.021251
0.021215
0.051781
0.028556
0.022167
0.021804
0.022912
0.027317
0.049664
0.02163
0.022286
0.022012
0.024082
0.022158
0.051754
0.021834
0.027966
0.035847
0.022295
0.021458
0.044812
0.020448
0.028573
0.029982
0.021703
0.021809
0.051681
0.029752
0.02426
0.019872
0.030985
0.033809
0.044432
0.020738
0.020465
0.020826
0.019459
0.031162
0.0452
0.028552
0.030475
0.022742
0.021506
0.021156
0.05134
0.022571
0.023584
0.021081
0.021502
0.020285
0.057168
0.020429
0.02223
0.019657
0.019286
0.019795
0.042887
0.027799
0.027962
0.023672
0.021224
0.02131
0.049269
0.021295
0.021506
0.02036
0.020016
0.019903
0.041498
0.020072
0.027844
0.019309
0.027775
0.018795
0.040536
0.021674
0.019364
0.019294
0.019502
0.019257
0.041142
0.020037
0.020465
0.022994
0.037736
0.018886
0.053314
0.023797
0.019665
0.020084
0.0194
0.024946
0.044023
0.029014
0.019377
0.0224
0.023336
0.031031
0.045637
0.027842
0.020532
0.019529
0.019141
0.019893
0.042832
0.022816
0.019649
0.020232
0.01844
0.019373
0.049337
0.020326
0.021128
0.025324
0.019935
0.019367
0.059175
0.021638
0.021201
0.021301
0.022163
0.021634
0.051506
0.023314
0.023003
0.023589
0.020434
0.022424
0.057364
NaN
0.022258
0.021532
0.020193
0.019313
0.019982
0.04371
0.019049
0.019294
0.032489
0.021202
0.020087
0.045502
0.019845
0.020024
0.019117
0.019251
0.019733
0.041681
0.019721
0.019844
0.036043
0.018865
0.019782
0.046069
0.019796
0.019411
0.019332
0.019496
0.019305
0.04329
0.019015
0.020193
0.019821
0.019958
0.041485
0.042338
0.019818
0.019604
0.020329
0.019184
0.026686
0.040864
0.019294
0.024674
0.024717
0.01937
0.019385
0.052792
0.022403
0.022701
0.022052
0.019466
0.02032
0.044154
0.021133
0.02006
0.029985
0.020432
0.019537
0.045419
0.020783
0.019631
0.020431
0.020199
0.020519
0.044205
0.018862
0.035953
0.020134
0.019992
0.019838
0.044584
0.019224
0.020303
0.020182
0.020021
0.022427
0.047466
0.02074
0.024435
0.019509
0.018545
0.018864
0.041266
0.025798
0.025288
0.019766
0.02821
0.018582
0.05515
0.018693
0.02898
0.018682
0.018629
0.019811
0.041309
0.034072
0.019837
0.020052
0.01946
0.025101
0.04735
0.027532
0.023346
0.020055
0.019236
0.019823
0.043982
0.019836
0.021411
0.021036
0.028817
0.021184
0.050802
0.026623
0.02129
0.022624
0.026749
0.019925
0.054464
0.019935
0.027645
0.024282
0.019996
0.019549
0.043437
0.019293
0.030981
0.020341
0.020364
0.022963
0.046128
0.021834
0.020596
0.030853
0.02425
0.021397
0.061117
0.027689
0.023982
0.024503
0.023731
0.020326
0.053769
0.020937
0.018859
0.031506
0.019156
0.019412
0.040629
0.018687
0.018912
0.018965
0.019931
0.019207
0.041251
0.02248
0.022495
0.022647
0.029295
0.023972
0.042869
0.020326
0.022261
0.020872
0.021457
0.020212
0.050707
0.0207
0.020594
0.021985
0.020469
0.021052
0.04954
0.023143
0.024429
0.020607
0.018569
0.03345
0.041285
0.018795
0.019624
0.019446
0.019005
0.019772
0.042592
0.019763
0.019144
0.019586
0.019395
0.019596
0.040988
0.018802
0.020576
0.018935
0.018443
0.019868
0.046742
0.019652
0.019347
0.01845
0.019016
0.019484
0.047014
0.019652
0.019298
0.019288
0.019142
0.019568
0.0406
0.022057
0.019605
0.019208
0.023144
0.031789
0.040468
0.019126
0.018506
0.019494
0.018752
0.019266
0.040816
0.018425
0.018757
0.02768
0.018925
0.019588
0.041116
0.019004
0.018627
0.019319
0.018919
0.01943
0.040555
0.021677
0.019414
0.01947
0.023971
0.023036
0.044305
0.019417
0.027636
0.019192
0.019306
0.019428
0.040305
0.019503
0.019562
0.01993
0.019726
0.019714
0.046242
0.018984
0.028803
0.020581
0.020322
0.020781
0.047104
0.020368
0.021844
0.020367
0.022219
0.020805
0.049621
0.021004
0.021701
0.027569
0.019944
0.020437
0.048037
0.020701
0.01966
0.021273
0.021702
0.022281
0.050929
0.022596
0.021255
0.022833
0.02171
0.021216
0.049033
0.02049
0.020932
0.029314
0.020872
0.027767
0.048563
0.020533
0.020873
0.031309
0.025291
0.019661
0.040274
0.019983
0.020176
0.019362
0.019015
0.019501
0.040476
0.019423
0.024173
0.020107
0.019887
0.032067
0.045248
0.020333
0.019866
0.019758
0.019535
0.019697
0.040715
0.018414
0.026767
0.020084
0.020027
0.019424
0.049468
0.023843
0.020309
0.020063
0.019362
0.019405
0.051639
0.024533
0.024269
0.018151
0.018033
0.018899
0.039867
0.020018
0.018397
0.024109
0.018307
0.018398
0.044595
0.017956
0.018984
0.025739
0.02406
0.01949
0.040554
0.024789
0.020025
0.019588
0.01975
0.024394
0.044875
0.020141
0.019468
0.019314
0.020027
