0.000108
0.21965
0.003175
0.002999
0.003056
0.003527
0.003273
0.002699
0.002894
0.003396
0.003523
0.00348
0.003383
0.003288
0.004115
0.002994
0.00331
0.0035
0.003427
0.003451
0.003444
0.003452
0.003545
0.003335
0.003513
0.003429
0.003357
0.003576
0.003245
0.003742
0.003356
0.003209
0.003262
0.003366
0.003414
0.00334
0.003411
0.003089
NaN
NaN
NaN
NaN
2.8e-05
0.2291
0.008904
0.007192
0.006294
0.005295
0.005352
0.005584
NaN
NaN
NaN
NaN
0.000158
0.23805
0.00872
0.007289
0.006653
0.00621
0.006503
0.006693
0.006363
0.005774
0.005971
0.006046
0.00608
0.006449
0.006906
0.007142
0.007246
0.007023
0.006975
0.006875
0.006749
0.006749
0.006693
0.006712
0.006886
0.006737
0.006666
0.00649
0.007455
0.007311
0.0069
0.006553
0.00675
0.006947
0.006972
0.007044
0.007153
0.006722
0.006568
0.006364
0.006604
0.006484
0.006539
0.006329
0.006421
0.006711
0.006555
NaN
NaN
NaN
NaN
0.000171
0.22738
0.005531
0.00512
0.004748
0.004964
0.004631
0.004907
0.00708
0.005598
0.004648
NaN
NaN
NaN
NaN
0.00014
0.22667
0.002957
0.003369
0.00353
0.005452
0.005338
0.004672
0.004617
0.004131
0.003993
