1.3401
0.14578
0.081981
0.065396
0.095231
0.082354
0.05792
0.061345
0.049352
0.024902
0.025174
0.024284
0.023228
0.023908
0.05996
0.035859
0.023807
0.023168
0.036691
0.024672
0.048562
0.023741
0.022351
0.023626
0.022957
0.025503
0.048604
0.026087
0.024901
0.03691
0.037218
0.028175
0.05922
0.027425
0.032483
0.024612
0.02556
0.031108
0.056673
0.024827
0.024784
0.030524
0.036127
0.029591
0.055776
0.0234
0.03195
0.024013
0.028231
0.02268
0.051867
0.043053
0.023711
0.028292
0.024007
0.026747
0.055372
0.024941
0.025625
0.025532
0.023007
0.022776
0.048249
0.027839
0.029759
0.023808
0.022933
0.022721
0.059809
0.024145
0.035635
0.03611
0.024274
0.022322
0.048125
0.027664
0.024119
0.022609
0.023552
0.022277
0.049741
0.02447
0.028498
0.023722
0.035816
0.02147
0.049378
0.023766
0.023806
0.028695
0.036005
0.023787
0.047033
0.025524
0.022806
0.038313
0.025317
0.023932
0.046704
0.027368
0.026395
0.024746
0.02383
0.022308
0.048318
0.025114
0.023236
0.023605
0.02268
0.029638
0.048894
0.021734
0.023607
0.024986
0.024598
0.023814
0.054178
0.022435
0.022646
0.035307
0.022724
0.02377
0.048053
0.025876
0.022341
0.023073
0.026152
0.023623
0.049248
0.022453
0.024045
0.02586
0.025072
0.034679
0.054236
0.025419
0.02503
0.024767
0.023166
0.025732
0.054404
0.025101
0.023754
0.03557
0.023545
0.024269
0.047796
0.024231
0.023127
0.02478
0.023473
0.023263
0.046926
0.022851
0.024143
0.031516
0.022958
0.024169
0.049868
0.027925
0.02427
0.02528
0.02423
0.033655
0.048755
0.024053
0.02352
0.024202
0.023421
0.02373
0.048493
0.026833
0.02332
0.023396
0.022401
0.023775
0.050825
0.023189
0.022438
0.023646
0.022195
0.023919
0.048194
0.023014
0.021539
0.025981
0.022135
0.024308
0.048582
0.036079
0.023838
0.02304
0.02263
0.024201
0.048374
0.02353
0.022563
0.024318
0.022197
0.032884
0.049724
0.024353
0.023093
0.024769
0.021893
0.022146
0.055524
0.035757
0.02229
0.022096
0.021754
0.029038
0.048032
0.024815
0.020454
0.032142
0.023208
0.024914
0.045302
0.021855
0.03108
0.021927
0.021136
0.021193
0.053587
0.021237
0.021136
0.022539
0.019808
0.021088
0.051488
0.023244
0.021275
0.02317
0.020263
0.022403
0.046267
0.02382
0.020792
0.022287
0.024012
0.022541
0.044936
0.024351
0.02933
0.022223
0.022
0.021793
0.043311
0.021346
0.021826
0.029271
0.033885
0.02369
0.053105
0.02436
0.023681
0.036552
0.024578
0.022851
0.045635
0.02316
0.022622
0.024156
0.021605
0.022945
0.052073
0.025752
0.024455
0.026224
0.024689
0.039291
0.061852
0.027374
0.024397
0.025562
0.024634
0.031701
0.054173
0.025215
0.024094
0.026674
0.023657
0.026041
0.056766
0.023782
0.0226
0.023564
0.022429
0.036176
0.044474
0.02325
0.022354
0.024202
0.023899
0.024614
0.045256
0.024226
0.022274
0.023518
0.021679
0.022806
0.055579
0.023627
0.023896
0.036562
0.022909
0.024903
0.052988
0.023422
0.044022
0.025839
0.023864
0.023428
0.044086
0.028224
0.025662
0.02455
0.020232
0.023137
0.04449
0.023941
0.033943
0.022812
0.02634
0.024823
0.055018
0.02331
0.023889
0.024015
0.02334
0.024307
0.051857
0.02223
0.022527
0.034595
0.036231
0.021264
0.048552
0.039262
0.025234
0.022441
0.020653
0.022145
0.043519
0.021285
0.020444
0.022022
0.031558
0.025135
0.04441
0.021603
0.020849
0.021233
0.020034
0.021697
0.042642
0.020845
0.020223
0.021905
0.019961
0.022559
0.042832
0.02106
0.026815
0.022373
0.020565
0.023743
0.044378
0.022151
0.02101
0.02091
0.020947
0.02156
0.045219
0.022718
0.019732
0.020339
0.021798
0.021417
0.043305
0.021606
0.02012
0.020858
0.01954
0.021997
0.04257
0.020826
0.019159
0.02191
0.020016
0.020913
0.049638
0.020734
0.020314
0.02434
0.019396
0.020732
0.041433
0.020302
0.019492
0.020189
0.019339
0.020012
0.042721
0.019715
0.01965
0.022165
0.019604
0.020745
0.042249
0.020439
0.018779
0.040385
0.019088
0.020051
0.044641
0.020984
0.019698
0.020298
0.018809
0.020265
0.044719
0.020406
0.019503
0.02048
0.026554
0.020703
0.042133
0.026529
0.024701
0.020708
0.028122
0.020874
0.043814
0.019833
0.019213
0.030518
0.019951
0.020711
0.044329
0.020836
0.032514
0.020321
0.018887
0.021089
0.04349
0.021652
0.027093
0.020234
0.019437
0.027084
0.046573
0.023708
0.019989
0.020018
0.022878
0.020776
0.05012
0.019832
0.019557
0.021264
0.017659
0.029698
0.040432
0.031298
0.023445
0.024029
0.019437
0.019723
0.043535
0.019951
0.018374
0.020065
0.018473
0.023417
0.043001
0.020422
0.018979
0.02017
0.018898
0.020011
0.042826
0.021526
0.018085
0.031377
0.019603
0.022433
0.055945
0.020721
0.020219
0.021205
0.020399
0.022002
0.049212
0.021738
0.020778
0.021578
0.023259
0.021183
0.052717
0.02473
0.021452
0.023868
0.026257
0.023483
0.051299
0.022227
0.033336
0.023133
0.020726
0.022916
0.053834
0.021677
0.021557
0.021878
0.019954
0.020309
0.044799
0.019202
0.029897
0.01915
0.031155
0.019802
0.041945
0.023367
0.018124
0.030548
0.024656
0.019638
0.055046
0.024351
0.024109
0.020996
0.018771
0.019345
0.048828
0.0219
0.020012
0.030734
0.020561
0.022265
0.048164
0.02057
0.03443
0.020846
0.021123
0.020146
0.048524
0.021542
0.020484
0.020228
0.020298
0.02454
0.050281
0.020469
0.019184
0.019442
0.034954
0.020397
0.043388
0.020058
0.018569
0.020058
0.024621
0.020259
0.054562
0.021461
0.019382
0.020403
0.019291
0.019059
0.043023
0.020111
0.021734
0.020585
0.019236
0.031892
0.042539
0.020669
0.024062
0.023753
0.018856
0.020033
0.045169
0.020742
0.018345
0.019793
0.01771
0.020718
0.041278
0.019251
0.023885
0.024704
0.023734
0.024816
0.049253
0.024412
0.019917
0.028024
0.024463
0.023979
0.049708
0.019691
0.019145
0.020021
0.019138
0.020707
0.042905
0.019474
0.021755
0.018967
0.01934
0.018558
0.051125
0.020862
0.020809
0.021574
0.0197
0.022044
0.054519
0.021052
0.021193
0.020881
0.021239
0.020855
0.050203
0.020452
0.019882
0.020616
0.021634
0.02058
0.055279
0.023909
0.036994
0.03233
0.033312
0.032815
0.048474
0.021675
0.019686
0.025189
0.022006
0.026288
0.041406
0.018465
0.019292
0.029948
0.020664
0.020104
0.040397
0.019559
0.018504
0.018877
0.018954
0.01962
0.040101
0.027748
0.024469
0.024767
0.018289
0.020034
0.040235
0.020279
0.024007
0.018669
0.029275
0.024882
0.049368
0.021198
0.027788
0.024017
0.018429
0.029679
0.049346
0.019697
0.018807
0.018828
0.019126
0.019284
0.042625
0.018209
0.017908
0.018571
0.018232
0.019376
0.042422
0.029138
0.02657
0.019295
0.017283
0.019358
0.039114
0.019913
0.028854
0.020332
0.018855
0.021173
0.039533
0.018726
0.026735
0.024401
0.022214
0.027074
0.038677
0.021822
0.01887
0.027775
