1.0341,1.041,1.041,0,0,0,0,0,0,0,0,0,0,0,0
0.17114,0.15063,0.15601,0,0,0,0,0,0,0,0,0,0,0,0
0.10719,0.082664,0.082071,0,0,0,0,0,0,0,0,0,0,0,0
0.072964,0.060896,0.061927,0,0,0,0,0,0,0,0,0,0,0,0
0.094778,0.089334,0.093248,0,0,0,0,0,0,0,0,0,0,0,0
0.076961,0.077671,0.080374,0,0,0,0,0,0,0,0,0,0,0,0
0.0619,0.046446,0.051454,0,0,0,0,0,0,0,0,0,0,0,0
0.060723,0.042292,0.057694,0,0,0,0,0,0,0,0,0,0,0,0
0.049822,0.044742,0.050227,0,0,0,0,0,0,0,0,0,0,0,0
0.035518,0.04035,0.028311,0,0,0,0,0,0,0,0,0,0,0,0
0.039057,0.024291,0.027399,0,0,0,0,0,0,0,0,0,0,0,0
0.026121,0.035045,0.02682,0,0,0,0,0,0,0,0,0,0,0,0
0.024891,0.023059,0.025843,0,0,0,0,0,0,0,0,0,0,0,0
0.027074,0.02365,0.027474,0,0,0,0,0,0,0,0,0,0,0,0
0.052673,0.041958,0.054802,0,0,0,0,0,0,0,0,0,0,0,0
0.03592,0.025919,0.034994,0,0,0,0,0,0,0,0,0,0,0,0
0.049708,0.023833,0.025062,0,0,0,0,0,0,0,0,0,0,0,0
0.035949,0.025151,0.024096,0,0,0,0,0,0,0,0,0,0,0,0
0.049528,0.023315,0.022543,0,0,0,0,0,0,0,0,0,0,0,0
0.041062,0.02647,0.023332,0,0,0,0,0,0,0,0,0,0,0,0
0.052309,0.044042,0.043331,0,0,0,0,0,0,0,0,0,0,0,0
0.026726,0.028513,0.02353,0,0,0,0,0,0,0,0,0,0,0,0
0.026054,0.023374,0.024075,0,0,0,0,0,0,0,0,0,0,0,0
0.02409,0.024758,0.022782,0,0,0,0,0,0,0,0,0,0,0,0
0.063257,0.034541,0.022528,0,0,0,0,0,0,0,0,0,0,0,0
0.024319,0.023313,0.024428,0,0,0,0,0,0,0,0,0,0,0,0
0.061168,0.042643,0.04388,0,0,0,0,0,0,0,0,0,0,0,0
0.04975,0.031986,0.036679,0,0,0,0,0,0,0,0,0,0,0,0
0.030623,0.025097,0.025661,0,0,0,0,0,0,0,0,0,0,0,0
0.032056,0.023195,0.033989,0,0,0,0,0,0,0,0,0,0,0,0
0.039209,0.031852,0.036395,0,0,0,0,0,0,0,0,0,0,0,0
0.029928,0.038125,0.02555,0,0,0,0,0,0,0,0,0,0,0,0
0.056877,0.051077,0.059882,0,0,0,0,0,0,0,0,0,0,0,0
0.040449,0.028038,0.029976,0,0,0,0,0,0,0,0,0,0,0,0
0.048826,0.028043,0.041094,0,0,0,0,0,0,0,0,0,0,0,0
0.044147,0.026353,0.024023,0,0,0,0,0,0,0,0,0,0,0,0
0.036849,0.023717,0.023248,0,0,0,0,0,0,0,0,0,0,0,0
0.041162,0.023545,0.025352,0,0,0,0,0,0,0,0,0,0,0,0
0.051883,0.045763,0.045861,0,0,0,0,0,0,0,0,0,0,0,0
0.03212,0.025311,0.03184,0,0,0,0,0,0,0,0,0,0,0,0
0.027036,0.026518,0.023815,0,0,0,0,0,0,0,0,0,0,0,0
0.039123,0.023597,0.03213,0,0,0,0,0,0,0,0,0,0,0,0
0.041282,0.031202,0.025228,0,0,0,0,0,0,0,0,0,0,0,0
0.032302,0.027532,0.023505,0,0,0,0,0,0,0,0,0,0,0,0
0.065192,0.047244,0.057265,0,0,0,0,0,0,0,0,0,0,0,0
0.030839,0.023139,0.024802,0,0,0,0,0,0,0,0,0,0,0,0
0.027906,0.023137,0.02503,0,0,0,0,0,0,0,0,0,0,0,0
0.031682,0.024893,0.035723,0,0,0,0,0,0,0,0,0,0,0,0
0.025623,0.035592,0.022547,0,0,0,0,0,0,0,0,0,0,0,0
0.02297,0.022813,0.024552,0,0,0,0,0,0,0,0,0,0,0,0
0.053117,0.040213,0.048587,0,0,0,0,0,0,0,0,0,0,0,0
0.047282,0.024413,0.024272,0,0,0,0,0,0,0,0,0,0,0,0
0.045096,0.024454,0.02528,0,0,0,0,0,0,0,0,0,0,0,0
0.027708,0.031491,0.025379,0,0,0,0,0,0,0,0,0,0,0,0
0.031594,0.034605,0.034696,0,0,0,0,0,0,0,0,0,0,0,0
0.027239,0.023754,0.035202,0,0,0,0,0,0,0,0,0,0,0,0
0.060976,0.043196,0.043437,0,0,0,0,0,0,0,0,0,0,0,0
0.035788,0.031144,0.028194,0,0,0,0,0,0,0,0,0,0,0,0
0.03706,0.025338,0.025778,0,0,0,0,0,0,0,0,0,0,0,0
0.03475,0.025342,0.023945,0,0,0,0,0,0,0,0,0,0,0,0
0.030591,0.024093,0.023161,0,0,0,0,0,0,0,0,0,0,0,0
0.046303,0.033016,0.023821,0,0,0,0,0,0,0,0,0,0,0,0
0.045818,0.046057,0.042906,0,0,0,0,0,0,0,0,0,0,0,0
0.032072,0.024743,0.023512,0,0,0,0,0,0,0,0,0,0,0,0
0.027467,0.024347,0.022764,0,0,0,0,0,0,0,0,0,0,0,0
0.031746,0.025827,0.028468,0,0,0,0,0,0,0,0,0,0,0,0
0.036255,0.023141,0.02288,0,0,0,0,0,0,0,0,0,0,0,0
0.042828,0.024981,0.022135,0,0,0,0,0,0,0,0,0,0,0,0
0.050417,0.049222,0.052393,0,0,0,0,0,0,0,0,0,0,0,0
0.028201,0.025114,0.024641,0,0,0,0,0,0,0,0,0,0,0,0
0.040148,0.024515,0.023962,0,0,0,0,0,0,0,0,0,0,0,0
0.044863,0.025894,0.034458,0,0,0,0,0,0,0,0,0,0,0,0
0.045173,0.023498,0.022546,0,0,0,0,0,0,0,0,0,0,0,0
0.035215,0.024459,0.024585,0,0,0,0,0,0,0,0,0,0,0,0
0.04689,0.042851,0.048553,0,0,0,0,0,0,0,0,0,0,0,0
0.032463,0.036152,0.02262,0,0,0,0,0,0,0,0,0,0,0,0
0.027384,0.022841,0.023644,0,0,0,0,0,0,0,0,0,0,0,0
0.032569,0.024336,0.02513,0,0,0,0,0,0,0,0,0,0,0,0
0.054921,0.036083,0.02269,0,0,0,0,0,0,0,0,0,0,0,0
0.043162,0.024167,0.02497,0,0,0,0,0,0,0,0,0,0,0,0
0.047377,0.042002,0.041256,0,0,0,0,0,0,0,0,0,0,0,0
0.024136,0.030466,0.03425,0,0,0,0,0,0,0,0,0,0,0,0
0.04302,0.025356,0.029122,0,0,0,0,0,0,0,0,0,0,0,0
0.045413,0.02324,0.023022,0,0,0,0,0,0,0,0,0,0,0,0
0.02561,0.024747,0.023248,0,0,0,0,0,0,0,0,0,0,0,0
0.026083,0.023098,0.032954,0,0,0,0,0,0,0,0,0,0,0,0
0.073029,0.039946,0.040241,0,0,0,0,0,0,0,0,0,0,0,0
0.027189,0.030518,0.023113,0,0,0,0,0,0,0,0,0,0,0,0
0.04337,0.023237,0.022931,0,0,0,0,0,0,0,0,0,0,0,0
0.04331,0.024532,0.023387,0,0,0,0,0,0,0,0,0,0,0,0
0.035257,0.023442,0.023224,0,0,0,0,0,0,0,0,0,0,0,0
0.043726,0.023628,0.023355,0,0,0,0,0,0,0,0,0,0,0,0
0.051585,0.040958,0.040116,0,0,0,0,0,0,0,0,0,0,0,0
0.043304,0.025475,0.023202,0,0,0,0,0,0,0,0,0,0,0,0
0.023385,0.022364,0.023063,0,0,0,0,0,0,0,0,0,0,0,0
0.031052,0.03306,0.033601,0,0,0,0,0,0,0,0,0,0,0,0
0.043852,0.024041,0.023099,0,0,0,0,0,0,0,0,0,0,0,0
0.04132,0.023326,0.023019,0,0,0,0,0,0,0,0,0,0,0,0
0.049475,0.042078,0.047429,0,0,0,0,0,0,0,0,0,0,0,0
0.031282,0.025055,0.024903,0,0,0,0,0,0,0,0,0,0,0,0
0.04512,0.028472,0.022614,0,0,0,0,0,0,0,0,0,0,0,0
0.026402,0.036536,0.022216,0,0,0,0,0,0,0,0,0,0,0,0
0.044156,0.025349,0.023865,0,0,0,0,0,0,0,0,0,0,0,0
0.042558,0.024393,0.023601,0,0,0,0,0,0,0,0,0,0,0,0
0.066747,0.04243,0.039709,0,0,0,0,0,0,0,0,0,0,0,0
0.036855,0.024908,0.026432,0,0,0,0,0,0,0,0,0,0,0,0
0.025819,0.02284,0.022913,0,0,0,0,0,0,0,0,0,0,0,0
0.027292,0.0244,0.023002,0,0,0,0,0,0,0,0,0,0,0,0
0.044105,0.025171,0.023205,0,0,0,0,0,0,0,0,0,0,0,0
0.043654,0.037196,0.022766,0,0,0,0,0,0,0,0,0,0,0,0
0.050482,0.05026,0.040969,0,0,0,0,0,0,0,0,0,0,0,0
0.034773,0.026524,0.023784,0,0,0,0,0,0,0,0,0,0,0,0
0.027143,0.02627,0.024668,0,0,0,0,0,0,0,0,0,0,0,0
0.039619,0.026432,0.023723,0,0,0,0,0,0,0,0,0,0,0,0
0.044761,0.024044,0.022937,0,0,0,0,0,0,0,0,0,0,0,0
0.030393,0.024735,0.022728,0,0,0,0,0,0,0,0,0,0,0,0
0.053976,0.048376,0.040361,0,0,0,0,0,0,0,0,0,0,0,0
0.036687,0.024279,0.022412,0,0,0,0,0,0,0,0,0,0,0,0
0.031192,0.02437,0.0229,0,0,0,0,0,0,0,0,0,0,0,0
0.043254,0.025371,0.023485,0,0,0,0,0,0,0,0,0,0,0,0
0.043836,0.02772,0.023282,0,0,0,0,0,0,0,0,0,0,0,0
0.027183,0.026329,0.033668,0,0,0,0,0,0,0,0,0,0,0,0
0.05889,0.044473,0.048751,0,0,0,0,0,0,0,0,0,0,0,0
0.02518,0.023633,0.023593,0,0,0,0,0,0,0,0,0,0,0,0
0.026762,0.023869,0.023404,0,0,0,0,0,0,0,0,0,0,0,0
0.050381,0.023575,0.023233,0,0,0,0,0,0,0,0,0,0,0,0
0.0235,0.022667,0.023408,0,0,0,0,0,0,0,0,0,0,0,0
0.036007,0.022848,0.023635,0,0,0,0,0,0,0,0,0,0,0,0
0.049,0.046458,0.040235,0,0,0,0,0,0,0,0,0,0,0,0
0.043303,0.029714,0.023338,0,0,0,0,0,0,0,0,0,0,0,0
0.026635,0.024291,0.022951,0,0,0,0,0,0,0,0,0,0,0,0
0.044368,0.022661,0.023591,0,0,0,0,0,0,0,0,0,0,0,0
0.043958,0.025128,0.023192,0,0,0,0,0,0,0,0,0,0,0,0
0.038286,0.022871,0.024456,0,0,0,0,0,0,0,0,0,0,0,0
0.041447,0.048518,0.048594,0,0,0,0,0,0,0,0,0,0,0,0
0.040678,0.025562,0.026936,0,0,0,0,0,0,0,0,0,0,0,0
0.027387,0.034512,0.030279,0,0,0,0,0,0,0,0,0,0,0,0
0.023579,0.025996,0.023481,0,0,0,0,0,0,0,0,0,0,0,0
0.025798,0.024224,0.025932,0,0,0,0,0,0,0,0,0,0,0,0
0.041417,0.025641,0.024348,0,0,0,0,0,0,0,0,0,0,0,0
0.063277,0.046629,0.046295,0,0,0,0,0,0,0,0,0,0,0,0
0.034882,0.024708,0.025032,0,0,0,0,0,0,0,0,0,0,0,0
0.044244,0.025772,0.02362,0,0,0,0,0,0,0,0,0,0,0,0
0.033491,0.02541,0.024684,0,0,0,0,0,0,0,0,0,0,0,0
0.044427,0.025726,0.024305,0,0,0,0,0,0,0,0,0,0,0,0
0.023261,0.024285,0.023567,0,0,0,0,0,0,0,0,0,0,0,0
0.042788,0.047428,0.046501,0,0,0,0,0,0,0,0,0,0,0,0
0.046359,0.023601,0.024223,0,0,0,0,0,0,0,0,0,0,0,0
0.031309,0.025434,0.026451,0,0,0,0,0,0,0,0,0,0,0,0
0.042446,0.024282,0.023993,0,0,0,0,0,0,0,0,0,0,0,0
0.024003,0.024721,0.024335,0,0,0,0,0,0,0,0,0,0,0,0
0.024856,0.034728,0.023529,0,0,0,0,0,0,0,0,0,0,0,0
0.074613,0.048046,0.046416,0,0,0,0,0,0,0,0,0,0,0,0
0.032937,0.026155,0.02436,0,0,0,0,0,0,0,0,0,0,0,0
0.042507,0.024366,0.02497,0,0,0,0,0,0,0,0,0,0,0,0
0.026809,0.025113,0.024479,0,0,0,0,0,0,0,0,0,0,0,0
0.039602,0.02573,0.023724,0,0,0,0,0,0,0,0,0,0,0,0
0.027732,0.026001,0.025373,0,0,0,0,0,0,0,0,0,0,0,0
0.044823,0.050661,0.04582,0,0,0,0,0,0,0,0,0,0,0,0
0.025949,0.026716,0.024013,0,0,0,0,0,0,0,0,0,0,0,0
0.024494,0.025539,0.025789,0,0,0,0,0,0,0,0,0,0,0,0
0.04452,0.024715,0.024976,0,0,0,0,0,0,0,0,0,0,0,0
0.026178,0.024635,0.024119,0,0,0,0,0,0,0,0,0,0,0,0
0.048367,0.023613,0.036149,0,0,0,0,0,0,0,0,0,0,0,0
0.050702,0.047254,0.045981,0,0,0,0,0,0,0,0,0,0,0,0
0.045681,0.025625,0.024764,0,0,0,0,0,0,0,0,0,0,0,0
0.025479,0.024019,0.02437,0,0,0,0,0,0,0,0,0,0,0,0
0.036242,0.024289,0.024623,0,0,0,0,0,0,0,0,0,0,0,0
0.027639,0.031264,0.026421,0,0,0,0,0,0,0,0,0,0,0,0
0.043873,0.024409,0.024267,0,0,0,0,0,0,0,0,0,0,0,0
0.051026,0.041619,0.045353,0,0,0,0,0,0,0,0,0,0,0,0
0.046229,0.024616,0.025689,0,0,0,0,0,0,0,0,0,0,0,0
0.048629,0.027185,0.023765,0,0,0,0,0,0,0,0,0,0,0,0
0.024533,0.024531,0.023365,0,0,0,0,0,0,0,0,0,0,0,0
0.026828,0.030041,0.02357,0,0,0,0,0,0,0,0,0,0,0,0
0.02767,0.023822,0.023709,0,0,0,0,0,0,0,0,0,0,0,0
NaN,NaN,NaN,0,0,0,0,0,0,0,0,0,0,0,0
NaN,NaN,NaN,0,0,0,0,0,0,0,0,0,0,0,0
NaN,NaN,NaN,0,0,0,0,0,0,0,0,0,0,0,0
NaN,NaN,NaN,0,0,0,0,0,0,0,0,0,0,0,0
1.2518,1.2452,1.2131,0,0,0,0,0,0,0,0,0,0,0,0
0.17272,0.16383,0.15206,0,0,0,0,0,0,0,0,0,0,0,0
0.085928,0.093009,0.08658,0,0,0,0,0,0,0,0,0,0,0,0
0.09252,0.080765,0.070103,0,0,0,0,0,0,0,0,0,0,0,0
0.09703,0.10711,0.096687,0,0,0,0,0,0,0,0,0,0,0,0
0.084004,0.09231,0.083087,0,0,0,0,0,0,0,0,0,0,0,0
0.061195,0.064818,0.054613,0,0,0,0,0,0,0,0,0,0,0,0
0.071079,0.061377,0.06304,0,0,0,0,0,0,0,0,0,0,0,0
0.051038,0.059771,0.05568,0,0,0,0,0,0,0,0,0,0,0,0
0.04957,0.032262,0.031741,0,0,0,0,0,0,0,0,0,0,0,0
0.029977,0.031119,0.027483,0,0,0,0,0,0,0,0,0,0,0,0
0.027029,0.027998,0.027695,0,0,0,0,0,0,0,0,0,0,0,0
0.02503,0.030372,0.037055,0,0,0,0,0,0,0,0,0,0,0,0
0.030872,0.029964,0.049226,0,0,0,0,0,0,0,0,0,0,0,0
0.058846,0.068034,0.062117,0,0,0,0,0,0,0,0,0,0,0,0
0.039003,0.028994,0.028008,0,0,0,0,0,0,0,0,0,0,0,0
0.038895,0.03192,0.026839,0,0,0,0,0,0,0,0,0,0,0,0
0.049524,0.026556,0.027727,0,0,0,0,0,0,0,0,0,0,0,0
0.026108,0.026437,0.038773,0,0,0,0,0,0,0,0,0,0,0,0
0.033268,0.027075,0.035971,0,0,0,0,0,0,0,0,0,0,0,0
0.069069,0.049957,0.055637,0,0,0,0,0,0,0,0,0,0,0,0
0.031058,0.029178,0.027734,0,0,0,0,0,0,0,0,0,0,0,0
0.045247,0.034735,0.038522,0,0,0,0,0,0,0,0,0,0,0,0
0.034065,0.029014,0.034602,0,0,0,0,0,0,0,0,0,0,0,0
0.047021,0.026052,0.037182,0,0,0,0,0,0,0,0,0,0,0,0
0.027889,0.027165,0.036059,0,0,0,0,0,0,0,0,0,0,0,0
0.064505,0.051779,0.051931,0,0,0,0,0,0,0,0,0,0,0,0
0.036993,0.027127,0.029016,0,0,0,0,0,0,0,0,0,0,0,0
0.03479,0.049631,0.040248,0,0,0,0,0,0,0,0,0,0,0,0
0.047392,0.040261,0.035477,0,0,0,0,0,0,0,0,0,0,0,0
0.059843,0.035305,0.037613,0,0,0,0,0,0,0,0,0,0,0,0
0.044964,0.031624,0.03554,0,0,0,0,0,0,0,0,0,0,0,0
0.076016,0.066623,0.055711,0,0,0,0,0,0,0,0,0,0,0,0
0.048283,0.029518,0.030694,0,0,0,0,0,0,0,0,0,0,0,0
0.052325,0.033591,0.036305,0,0,0,0,0,0,0,0,0,0,0,0
0.03222,0.028762,0.035138,0,0,0,0,0,0,0,0,0,0,0,0
0.048124,0.027658,0.027063,0,0,0,0,0,0,0,0,0,0,0,0
0.038069,0.031207,0.032652,0,0,0,0,0,0,0,0,0,0,0,0
0.072359,0.052899,0.052883,0,0,0,0,0,0,0,0,0,0,0,0
0.031953,0.029231,0.032819,0,0,0,0,0,0,0,0,0,0,0,0
0.039241,0.028071,0.026105,0,0,0,0,0,0,0,0,0,0,0,0
0.060914,0.040129,0.029641,0,0,0,0,0,0,0,0,0,0,0,0
0.041962,0.038854,0.040005,0,0,0,0,0,0,0,0,0,0,0,0
0.037225,0.03026,0.030364,0,0,0,0,0,0,0,0,0,0,0,0
0.071096,0.059702,0.050285,0,0,0,0,0,0,0,0,0,0,0,0
0.045489,0.028581,0.026971,0,0,0,0,0,0,0,0,0,0,0,0
0.03604,0.027663,0.029111,0,0,0,0,0,0,0,0,0,0,0,0
0.060758,0.032418,0.026591,0,0,0,0,0,0,0,0,0,0,0,0
0.038627,0.02938,0.028147,0,0,0,0,0,0,0,0,0,0,0,0
0.02874,0.028985,0.025597,0,0,0,0,0,0,0,0,0,0,0,0
0.07205,0.056833,0.053571,0,0,0,0,0,0,0,0,0,0,0,0
0.058152,0.030486,0.026525,0,0,0,0,0,0,0,0,0,0,0,0
0.047337,0.026734,0.04021,0,0,0,0,0,0,0,0,0,0,0,0
0.037122,0.029511,0.035931,0,0,0,0,0,0,0,0,0,0,0,0
0.027621,0.03922,0.027691,0,0,0,0,0,0,0,0,0,0,0,0
0.038118,0.036806,0.028074,0,0,0,0,0,0,0,0,0,0,0,0
0.069562,0.056931,0.065177,0,0,0,0,0,0,0,0,0,0,0,0
0.039942,0.032872,0.037275,0,0,0,0,0,0,0,0,0,0,0,0
0.026441,0.029739,0.031684,0,0,0,0,0,0,0,0,0,0,0,0
0.046449,0.02988,0.041114,0,0,0,0,0,0,0,0,0,0,0,0
0.036664,0.028116,0.035889,0,0,0,0,0,0,0,0,0,0,0,0
0.044001,0.028465,0.029023,0,0,0,0,0,0,0,0,0,0,0,0
0.062854,0.0542,0.053974,0,0,0,0,0,0,0,0,0,0,0,0
0.047222,0.027772,0.027558,0,0,0,0,0,0,0,0,0,0,0,0
0.067343,0.025623,0.027903,0,0,0,0,0,0,0,0,0,0,0,0
0.037233,0.034026,0.02729,0,0,0,0,0,0,0,0,0,0,0,0
0.02741,0.026602,0.02945,0,0,0,0,0,0,0,0,0,0,0,0
0.030692,0.029786,0.030416,0,0,0,0,0,0,0,0,0,0,0,0
0.0505,0.064112,0.066752,0,0,0,0,0,0,0,0,0,0,0,0
0.041552,0.028995,0.034948,0,0,0,0,0,0,0,0,0,0,0,0
0.047904,0.03269,0.026774,0,0,0,0,0,0,0,0,0,0,0,0
0.054341,0.036457,0.024866,0,0,0,0,0,0,0,0,0,0,0,0
0.055922,0.025769,0.025997,0,0,0,0,0,0,0,0,0,0,0,0
0.030565,0.029877,0.027671,0,0,0,0,0,0,0,0,0,0,0,0
0.070811,0.051121,0.063685,0,0,0,0,0,0,0,0,0,0,0,0
0.051081,0.029175,0.027748,0,0,0,0,0,0,0,0,0,0,0,0
0.053503,0.026703,0.032509,0,0,0,0,0,0,0,0,0,0,0,0
0.02892,0.028405,0.03657,0,0,0,0,0,0,0,0,0,0,0,0
0.036571,0.027741,0.028749,0,0,0,0,0,0,0,0,0,0,0,0
0.047694,0.026988,0.027335,0,0,0,0,0,0,0,0,0,0,0,0
0.071134,0.054686,0.052833,0,0,0,0,0,0,0,0,0,0,0,0
0.048995,0.028666,0.027465,0,0,0,0,0,0,0,0,0,0,0,0
0.049103,0.032732,0.026473,0,0,0,0,0,0,0,0,0,0,0,0
0.028999,0.028961,0.031428,0,0,0,0,0,0,0,0,0,0,0,0
0.057291,0.027326,0.027374,0,0,0,0,0,0,0,0,0,0,0,0
0.029767,0.041053,0.027863,0,0,0,0,0,0,0,0,0,0,0,0
0.050851,0.057423,0.053124,0,0,0,0,0,0,0,0,0,0,0,0
0.027011,0.027352,0.025503,0,0,0,0,0,0,0,0,0,0,0,0
0.03058,0.027421,0.025483,0,0,0,0,0,0,0,0,0,0,0,0
0.038844,0.027509,0.026598,0,0,0,0,0,0,0,0,0,0,0,0
0.035741,0.026419,0.02548,0,0,0,0,0,0,0,0,0,0,0,0
0.040057,0.028634,0.025056,0,0,0,0,0,0,0,0,0,0,0,0
0.062216,0.052334,0.047101,0,0,0,0,0,0,0,0,0,0,0,0
0.029775,0.029288,0.024769,0,0,0,0,0,0,0,0,0,0,0,0
0.038501,0.03701,0.02624,0,0,0,0,0,0,0,0,0,0,0,0
0.046596,0.036022,0.029128,0,0,0,0,0,0,0,0,0,0,0,0
0.031193,0.042513,0.026622,0,0,0,0,0,0,0,0,0,0,0,0
0.03592,0.028115,0.02811,0,0,0,0,0,0,0,0,0,0,0,0
0.053328,0.062716,0.05292,0,0,0,0,0,0,0,0,0,0,0,0
0.047472,0.036315,0.024948,0,0,0,0,0,0,0,0,0,0,0,0
0.046422,0.027529,0.028196,0,0,0,0,0,0,0,0,0,0,0,0
0.038612,0.028445,0.026474,0,0,0,0,0,0,0,0,0,0,0,0
0.02973,0.02688,0.027331,0,0,0,0,0,0,0,0,0,0,0,0
0.054669,0.028849,0.025218,0,0,0,0,0,0,0,0,0,0,0,0
0.050196,0.049172,0.04932,0,0,0,0,0,0,0,0,0,0,0,0
0.028812,0.02932,0.029984,0,0,0,0,0,0,0,0,0,0,0,0
0.054863,0.024975,0.025381,0,0,0,0,0,0,0,0,0,0,0,0
0.039683,0.027631,0.026523,0,0,0,0,0,0,0,0,0,0,0,0
0.036749,0.034963,0.027243,0,0,0,0,0,0,0,0,0,0,0,0
0.033179,0.027275,0.027638,0,0,0,0,0,0,0,0,0,0,0,0
0.074995,0.059081,0.062462,0,0,0,0,0,0,0,0,0,0,0,0
0.050115,0.027294,0.036378,0,0,0,0,0,0,0,0,0,0,0,0
0.028027,0.040097,0.02703,0,0,0,0,0,0,0,0,0,0,0,0
0.049957,0.028529,0.028433,0,0,0,0,0,0,0,0,0,0,0,0
0.030141,0.034013,0.027009,0,0,0,0,0,0,0,0,0,0,0,0
0.028053,0.02795,0.028079,0,0,0,0,0,0,0,0,0,0,0,0
0.050458,0.050863,0.059729,0,0,0,0,0,0,0,0,0,0,0,0
0.046053,0.032919,0.03314,0,0,0,0,0,0,0,0,0,0,0,0
0.045938,0.026863,0.024745,0,0,0,0,0,0,0,0,0,0,0,0
0.052731,0.027349,0.024941,0,0,0,0,0,0,0,0,0,0,0,0
0.048059,0.027225,0.028371,0,0,0,0,0,0,0,0,0,0,0,0
0.032138,0.028547,0.02481,0,0,0,0,0,0,0,0,0,0,0,0
0.062328,0.071678,0.052165,0,0,0,0,0,0,0,0,0,0,0,0
0.037071,0.048141,0.029762,0,0,0,0,0,0,0,0,0,0,0,0
0.047187,0.027505,0.024221,0,0,0,0,0,0,0,0,0,0,0,0
0.028746,0.027075,0.024115,0,0,0,0,0,0,0,0,0,0,0,0
0.029675,0.02529,0.025109,0,0,0,0,0,0,0,0,0,0,0,0
0.04681,0.027807,0.026761,0,0,0,0,0,0,0,0,0,0,0,0
0.058037,0.049305,0.049741,0,0,0,0,0,0,0,0,0,0,0,0
0.0447,0.026918,0.024553,0,0,0,0,0,0,0,0,0,0,0,0
0.049536,0.02532,0.026207,0,0,0,0,0,0,0,0,0,0,0,0
0.048158,0.027578,0.039151,0,0,0,0,0,0,0,0,0,0,0,0
0.036051,0.030561,0.024871,0,0,0,0,0,0,0,0,0,0,0,0
0.041696,0.027638,0.033954,0,0,0,0,0,0,0,0,0,0,0,0
0.076746,0.057011,0.048467,0,0,0,0,0,0,0,0,0,0,0,0
0.048365,0.036386,0.028993,0,0,0,0,0,0,0,0,0,0,0,0
0.055273,0.025831,0.033277,0,0,0,0,0,0,0,0,0,0,0,0
0.038447,0.027787,0.047099,0,0,0,0,0,0,0,0,0,0,0,0
0.033006,0.025969,0.02459,0,0,0,0,0,0,0,0,0,0,0,0
0.045725,0.02754,0.024464,0,0,0,0,0,0,0,0,0,0,0,0
0.062497,0.061605,0.049241,0,0,0,0,0,0,0,0,0,0,0,0
0.031533,0.036121,0.026747,0,0,0,0,0,0,0,0,0,0,0,0
0.029109,0.035936,0.024793,0,0,0,0,0,0,0,0,0,0,0,0
0.060804,0.027018,0.031832,0,0,0,0,0,0,0,0,0,0,0,0
0.043106,0.024797,0.026131,0,0,0,0,0,0,0,0,0,0,0,0
0.053244,0.026721,0.033745,0,0,0,0,0,0,0,0,0,0,0,0
0.071138,0.051006,0.062258,0,0,0,0,0,0,0,0,0,0,0,0
0.025189,0.039161,0.030352,0,0,0,0,0,0,0,0,0,0,0,0
0.027992,0.035641,0.026087,0,0,0,0,0,0,0,0,0,0,0,0
0.048307,0.026957,0.027691,0,0,0,0,0,0,0,0,0,0,0,0
0.043985,0.028119,0.036836,0,0,0,0,0,0,0,0,0,0,0,0
0.042257,0.030384,0.026567,0,0,0,0,0,0,0,0,0,0,0,0
0.063948,0.052427,0.05236,0,0,0,0,0,0,0,0,0,0,0,0
0.034774,0.027818,0.027298,0,0,0,0,0,0,0,0,0,0,0,0
0.060828,0.026682,0.026831,0,0,0,0,0,0,0,0,0,0,0,0
0.03906,0.0395,0.025209,0,0,0,0,0,0,0,0,0,0,0,0
0.047491,0.025146,0.026822,0,0,0,0,0,0,0,0,0,0,0,0
0.048457,0.03,0.028838,0,0,0,0,0,0,0,0,0,0,0,0
0.060486,0.055226,0.05008,0,0,0,0,0,0,0,0,0,0,0,0
0.043461,0.029888,0.031295,0,0,0,0,0,0,0,0,0,0,0,0
0.028721,0.025366,0.025275,0,0,0,0,0,0,0,0,0,0,0,0
0.049486,0.027715,0.025726,0,0,0,0,0,0,0,0,0,0,0,0
0.051396,0.025027,0.025588,0,0,0,0,0,0,0,0,0,0,0,0
0.037354,0.025726,0.038152,0,0,0,0,0,0,0,0,0,0,0,0
0.060703,0.0525,0.050782,0,0,0,0,0,0,0,0,0,0,0,0
0.048626,0.025654,0.026132,0,0,0,0,0,0,0,0,0,0,0,0
0.036091,0.027152,0.025431,0,0,0,0,0,0,0,0,0,0,0,0
0.037371,0.027149,0.025914,0,0,0,0,0,0,0,0,0,0,0,0
0.04691,0.036705,0.032008,0,0,0,0,0,0,0,0,0,0,0,0
0.026281,0.027309,0.026236,0,0,0,0,0,0,0,0,0,0,0,0
0.056498,0.051637,0.049714,0,0,0,0,0,0,0,0,0,0,0,0
0.030155,0.028819,0.02448,0,0,0,0,0,0,0,0,0,0,0,0
0.04414,0.03712,0.025087,0,0,0,0,0,0,0,0,0,0,0,0
0.04848,0.036353,0.042099,0,0,0,0,0,0,0,0,0,0,0,0
0.035228,0.035884,0.02459,0,0,0,0,0,0,0,0,0,0,0,0
0.042649,0.027739,0.02474,0,0,0,0,0,0,0,0,0,0,0,0
0.067732,0.05085,0.059097,0,0,0,0,0,0,0,0,0,0,0,0
0.045993,0.027631,0.036888,0,0,0,0,0,0,0,0,0,0,0,0
0.048598,0.023612,0.024201,0,0,0,0,0,0,0,0,0,0,0,0
0.027771,0.026119,0.035352,0,0,0,0,0,0,0,0,0,0,0,0
0.037888,0.025357,0.02645,0,0,0,0,0,0,0,0,0,0,0,0
0.028566,0.03536,0.034291,0,0,0,0,0,0,0,0,0,0,0,0
0.081699,0.06177,0.048626,0,0,0,0,0,0,0,0,0,0,0,0
0.061911,0.026933,0.037165,0,0,0,0,0,0,0,0,0,0,0,0
0.035792,0.025118,0.02506,0,0,0,0,0,0,0,0,0,0,0,0
0.049243,0.032137,0.024007,0,0,0,0,0,0,0,0,0,0,0,0
0.043344,0.035623,0.026161,0,0,0,0,0,0,0,0,0,0,0,0
0.053816,0.026511,0.025103,0,0,0,0,0,0,0,0,0,0,0,0
0.061941,0.049758,0.049066,0,0,0,0,0,0,0,0,0,0,0,0
0.026706,0.033731,0.025198,0,0,0,0,0,0,0,0,0,0,0,0
0.036595,0.035751,0.027001,0,0,0,0,0,0,0,0,0,0,0,0
0.035626,0.02718,0.027108,0,0,0,0,0,0,0,0,0,0,0,0
0.034689,0.026326,0.024751,0,0,0,0,0,0,0,0,0,0,0,0
0.035712,0.025668,0.025768,0,0,0,0,0,0,0,0,0,0,0,0
0.074316,0.05008,0.048706,0,0,0,0,0,0,0,0,0,0,0,0
0.045992,0.027225,0.02567,0,0,0,0,0,0,0,0,0,0,0,0
0.028936,0.027556,0.03195,0,0,0,0,0,0,0,0,0,0,0,0
0.047337,0.027122,0.023856,0,0,0,0,0,0,0,0,0,0,0,0
0.045007,0.025509,0.035713,0,0,0,0,0,0,0,0,0,0,0,0
0.041924,0.027944,0.026125,0,0,0,0,0,0,0,0,0,0,0,0
0.05232,0.059056,0.060239,0,0,0,0,0,0,0,0,0,0,0,0
0.069709,0.040236,0.025919,0,0,0,0,0,0,0,0,0,0,0,0
0.03055,0.025272,0.034666,0,0,0,0,0,0,0,0,0,0,0,0
0.026632,0.026761,0.034817,0,0,0,0,0,0,0,0,0,0,0,0
0.045993,0.028949,0.026733,0,0,0,0,0,0,0,0,0,0,0,0
0.035803,0.038269,0.025358,0,0,0,0,0,0,0,0,0,0,0,0
0.060404,0.050139,0.04957,0,0,0,0,0,0,0,0,0,0,0,0
0.029384,0.027499,0.032555,0,0,0,0,0,0,0,0,0,0,0,0
0.028896,0.024521,0.025142,0,0,0,0,0,0,0,0,0,0,0,0
0.059211,0.027261,0.026929,0,0,0,0,0,0,0,0,0,0,0,0
0.038472,0.024663,0.024037,0,0,0,0,0,0,0,0,0,0,0,0
0.035843,0.026856,0.024614,0,0,0,0,0,0,0,0,0,0,0,0
0.076802,0.059293,0.055076,0,0,0,0,0,0,0,0,0,0,0,0
0.030135,0.028175,0.026548,0,0,0,0,0,0,0,0,0,0,0,0
0.029252,0.024283,0.024637,0,0,0,0,0,0,0,0,0,0,0,0
0.032131,0.027977,0.024083,0,0,0,0,0,0,0,0,0,0,0,0
0.052247,0.026328,0.025937,0,0,0,0,0,0,0,0,0,0,0,0
0.039719,0.027267,0.024491,0,0,0,0,0,0,0,0,0,0,0,0
0.06455,0.05488,0.054273,0,0,0,0,0,0,0,0,0,0,0,0
0.034217,0.039498,0.035795,0,0,0,0,0,0,0,0,0,0,0,0
0.030488,0.028488,0.026423,0,0,0,0,0,0,0,0,0,0,0,0
0.032554,0.026971,0.02445,0,0,0,0,0,0,0,0,0,0,0,0
0.045696,0.025073,0.045657,0,0,0,0,0,0,0,0,0,0,0,0
0.042611,0.02944,0.025129,0,0,0,0,0,0,0,0,0,0,0,0
0.063248,0.049089,0.048521,0,0,0,0,0,0,0,0,0,0,0,0
0.03203,0.027365,0.034974,0,0,0,0,0,0,0,0,0,0,0,0
0.033189,0.026368,0.026195,0,0,0,0,0,0,0,0,0,0,0,0
0.027514,0.027343,0.025618,0,0,0,0,0,0,0,0,0,0,0,0
0.049747,0.025437,0.032071,0,0,0,0,0,0,0,0,0,0,0,0
0.028236,0.028954,0.025642,0,0,0,0,0,0,0,0,0,0,0,0
0.074811,0.054541,0.057949,0,0,0,0,0,0,0,0,0,0,0,0
0.043502,0.027944,0.02564,0,0,0,0,0,0,0,0,0,0,0,0
0.032552,0.027174,0.025321,0,0,0,0,0,0,0,0,0,0,0,0
0.031889,0.027378,0.024534,0,0,0,0,0,0,0,0,0,0,0,0
0.027573,0.027654,0.025625,0,0,0,0,0,0,0,0,0,0,0,0
0.050009,0.027859,0.025194,0,0,0,0,0,0,0,0,0,0,0,0
0.061001,0.051544,0.049079,0,0,0,0,0,0,0,0,0,0,0,0
0.026582,0.026948,0.027415,0,0,0,0,0,0,0,0,0,0,0,0
0.035245,0.027457,0.037367,0,0,0,0,0,0,0,0,0,0,0,0
0.041136,0.027055,0.036205,0,0,0,0,0,0,0,0,0,0,0,0
0.041192,0.025257,0.036023,0,0,0,0,0,0,0,0,0,0,0,0
0.037262,0.033977,0.024301,0,0,0,0,0,0,0,0,0,0,0,0
0.052964,0.049931,0.049998,0,0,0,0,0,0,0,0,0,0,0,0
0.03759,0.035976,0.02544,0,0,0,0,0,0,0,0,0,0,0,0
0.040988,0.036444,0.026006,0,0,0,0,0,0,0,0,0,0,0,0
0.039474,0.02676,0.024406,0,0,0,0,0,0,0,0,0,0,0,0
0.046764,0.033238,0.026187,0,0,0,0,0,0,0,0,0,0,0,0
0.029288,0.028388,0.024749,0,0,0,0,0,0,0,0,0,0,0,0
0.079765,0.05497,0.051101,0,0,0,0,0,0,0,0,0,0,0,0
0.028401,0.02792,0.036301,0,0,0,0,0,0,0,0,0,0,0,0
0.025163,0.033557,0.036557,0,0,0,0,0,0,0,0,0,0,0,0
0.030735,0.028309,0.048417,0,0,0,0,0,0,0,0,0,0,0,0
0.02719,0.027516,0.028005,0,0,0,0,0,0,0,0,0,0,0,0
0.050446,0.027344,0.027587,0,0,0,0,0,0,0,0,0,0,0,0
0.067383,0.048771,0.059127,0,0,0,0,0,0,0,0,0,0,0,0
0.029685,0.027721,0.029076,0,0,0,0,0,0,0,0,0,0,0,0
0.043601,0.025954,0.026697,0,0,0,0,0,0,0,0,0,0,0,0
0.038641,0.028345,0.026783,0,0,0,0,0,0,0,0,0,0,0,0
0.030408,0.027671,0.030373,0,0,0,0,0,0,0,0,0,0,0,0
0.048322,0.02779,0.03791,0,0,0,0,0,0,0,0,0,0,0,0
0.071848,0.050673,0.048975,0,0,0,0,0,0,0,0,0,0,0,0
0.043604,0.026881,0.024315,0,0,0,0,0,0,0,0,0,0,0,0
0.026168,0.024458,0.026671,0,0,0,0,0,0,0,0,0,0,0,0
0.04685,0.026489,0.024196,0,0,0,0,0,0,0,0,0,0,0,0
0.030312,0.02611,0.025026,0,0,0,0,0,0,0,0,0,0,0,0
0.053977,0.027398,0.026219,0,0,0,0,0,0,0,0,0,0,0,0
0.059775,0.058002,0.048294,0,0,0,0,0,0,0,0,0,0,0,0
0.029652,0.025519,0.025494,0,0,0,0,0,0,0,0,0,0,0,0
0.035141,0.025954,0.026936,0,0,0,0,0,0,0,0,0,0,0,0
0.030622,0.027666,0.024014,0,0,0,0,0,0,0,0,0,0,0,0
0.045453,0.025535,0.026685,0,0,0,0,0,0,0,0,0,0,0,0
0.050545,0.026492,0.024527,0,0,0,0,0,0,0,0,0,0,0,0
0.049591,0.04881,0.051137,0,0,0,0,0,0,0,0,0,0,0,0
0.034266,0.028144,0.026053,0,0,0,0,0,0,0,0,0,0,0,0
0.027202,0.024929,0.024332,0,0,0,0,0,0,0,0,0,0,0,0
0.038475,0.026767,0.027003,0,0,0,0,0,0,0,0,0,0,0,0
0.047225,0.026513,0.024623,0,0,0,0,0,0,0,0,0,0,0,0
0.036501,0.027165,0.034396,0,0,0,0,0,0,0,0,0,0,0,0
0.068044,0.047158,0.055879,0,0,0,0,0,0,0,0,0,0,0,0
0.056368,0.027096,0.026827,0,0,0,0,0,0,0,0,0,0,0,0
0.044356,0.024811,0.025086,0,0,0,0,0,0,0,0,0,0,0,0
0.027516,0.026668,0.024371,0,0,0,0,0,0,0,0,0,0,0,0
0.050575,0.025023,0.025518,0,0,0,0,0,0,0,0,0,0,0,0
0.042814,0.025866,0.027117,0,0,0,0,0,0,0,0,0,0,0,0
0.068687,0.051838,0.059212,0,0,0,0,0,0,0,0,0,0,0,0
0.049246,0.035914,0.02767,0,0,0,0,0,0,0,0,0,0,0,0
0.038748,0.025732,0.027012,0,0,0,0,0,0,0,0,0,0,0,0
0.04469,0.033696,0.026392,0,0,0,0,0,0,0,0,0,0,0,0
0.046757,0.025057,0.024971,0,0,0,0,0,0,0,0,0,0,0,0
0.049481,0.026772,0.027136,0,0,0,0,0,0,0,0,0,0,0,0
0.074911,0.060645,0.049934,0,0,0,0,0,0,0,0,0,0,0,0
0.042962,0.031327,0.024896,0,0,0,0,0,0,0,0,0,0,0,0
0.050485,0.025511,0.026935,0,0,0,0,0,0,0,0,0,0,0,0
0.042212,0.02787,0.036787,0,0,0,0,0,0,0,0,0,0,0,0
0.043133,0.02536,0.035827,0,0,0,0,0,0,0,0,0,0,0,0
0.051019,0.02871,0.024494,0,0,0,0,0,0,0,0,0,0,0,0
0.077225,0.048717,0.060685,0,0,0,0,0,0,0,0,0,0,0,0
0.065964,0.036367,0.035973,0,0,0,0,0,0,0,0,0,0,0,0
0.032848,0.035616,0.03663,0,0,0,0,0,0,0,0,0,0,0,0
0.035942,0.028796,0.026154,0,0,0,0,0,0,0,0,0,0,0,0
0.046203,0.026787,0.024232,0,0,0,0,0,0,0,0,0,0,0,0
0.046949,0.027095,0.026212,0,0,0,0,0,0,0,0,0,0,0,0
0.055656,0.048819,0.049564,0,0,0,0,0,0,0,0,0,0,0,0
0.0487,0.03847,0.025224,0,0,0,0,0,0,0,0,0,0,0,0
0.048798,0.024866,0.024301,0,0,0,0,0,0,0,0,0,0,0,0
0.028538,0.025834,0.025864,0,0,0,0,0,0,0,0,0,0,0,0
0.048035,0.026212,0.025107,0,0,0,0,0,0,0,0,0,0,0,0
0.030787,0.027388,0.025675,0,0,0,0,0,0,0,0,0,0,0,0
0.058162,0.047449,0.060213,0,0,0,0,0,0,0,0,0,0,0,0
0.036101,0.027507,0.026772,0,0,0,0,0,0,0,0,0,0,0,0
0.031537,0.025305,0.025431,0,0,0,0,0,0,0,0,0,0,0,0
0.02787,0.02831,0.025293,0,0,0,0,0,0,0,0,0,0,0,0
0.035981,0.025524,0.02516,0,0,0,0,0,0,0,0,0,0,0,0
0.036023,0.030243,0.02542,0,0,0,0,0,0,0,0,0,0,0,0
0.054301,0.06259,0.050568,0,0,0,0,0,0,0,0,0,0,0,0
0.046717,0.027586,0.025062,0,0,0,0,0,0,0,0,0,0,0,0
0.027349,0.031174,0.025987,0,0,0,0,0,0,0,0,0,0,0,0
0.03046,0.031209,0.027269,0,0,0,0,0,0,0,0,0,0,0,0
0.045872,0.02798,0.025866,0,0,0,0,0,0,0,0,0,0,0,0
0.049167,0.038328,0.02565,0,0,0,0,0,0,0,0,0,0,0,0
0.057098,0.050127,0.051586,0,0,0,0,0,0,0,0,0,0,0,0
0.055175,0.025948,0.024734,0,0,0,0,0,0,0,0,0,0,0,0
0.060618,0.025436,0.025245,0,0,0,0,0,0,0,0,0,0,0,0
0.029318,0.032423,0.027002,0,0,0,0,0,0,0,0,0,0,0,0
0.03788,0.024144,0.024015,0,0,0,0,0,0,0,0,0,0,0,0
0.029475,0.024988,0.026014,0,0,0,0,0,0,0,0,0,0,0,0
0.06031,0.057596,0.052897,0,0,0,0,0,0,0,0,0,0,0,0
0.029154,0.025221,0.02676,0,0,0,0,0,0,0,0,0,0,0,0
0.040557,0.028344,0.03586,0,0,0,0,0,0,0,0,0,0,0,0
0.030475,0.028289,0.030235,0,0,0,0,0,0,0,0,0,0,0,0
0.029878,0.039313,0.027267,0,0,0,0,0,0,0,0,0,0,0,0
0.031295,0.025725,0.025117,0,0,0,0,0,0,0,0,0,0,0,0
0.060135,0.051077,0.048726,0,0,0,0,0,0,0,0,0,0,0,0
0.037952,0.027087,0.038291,0,0,0,0,0,0,0,0,0,0,0,0
0.046157,0.053993,0.028181,0,0,0,0,0,0,0,0,0,0,0,0
0.041934,0.029579,0.026951,0,0,0,0,0,0,0,0,0,0,0,0
0.0566,0.034757,0.028827,0,0,0,0,0,0,0,0,0,0,0,0
0.043759,0.02717,0.031113,0,0,0,0,0,0,0,0,0,0,0,0
0.057918,0.053174,0.050755,0,0,0,0,0,0,0,0,0,0,0,0
0.045351,0.028811,0.027764,0,0,0,0,0,0,0,0,0,0,0,0
0.029136,0.027813,0.024628,0,0,0,0,0,0,0,0,0,0,0,0
0.038959,0.02689,0.024326,0,0,0,0,0,0,0,0,0,0,0,0
0.031063,0.027324,0.02631,0,0,0,0,0,0,0,0,0,0,0,0
0.047575,0.027199,0.024565,0,0,0,0,0,0,0,0,0,0,0,0
0.051935,0.047629,0.059034,0,0,0,0,0,0,0,0,0,0,0,0
0.028189,0.027276,0.025023,0,0,0,0,0,0,0,0,0,0,0,0
0.030979,0.025345,0.024873,0,0,0,0,0,0,0,0,0,0,0,0
0.031344,0.026573,0.024195,0,0,0,0,0,0,0,0,0,0,0,0
0.03122,0.026102,0.024522,0,0,0,0,0,0,0,0,0,0,0,0
0.04224,0.027256,0.025861,0,0,0,0,0,0,0,0,0,0,0,0
0.070059,0.049071,0.047137,0,0,0,0,0,0,0,0,0,0,0,0
0.031633,0.027909,0.027838,0,0,0,0,0,0,0,0,0,0,0,0
0.029675,0.02578,0.02468,0,0,0,0,0,0,0,0,0,0,0,0
0.051266,0.026902,0.026496,0,0,0,0,0,0,0,0,0,0,0,0
0.028289,0.02523,0.026396,0,0,0,0,0,0,0,0,0,0,0,0
0.046584,0.026845,0.031876,0,0,0,0,0,0,0,0,0,0,0,0
0.078882,0.058213,0.048062,0,0,0,0,0,0,0,0,0,0,0,0
0.044369,0.036454,0.025273,0,0,0,0,0,0,0,0,0,0,0,0
0.048285,0.026197,0.0247,0,0,0,0,0,0,0,0,0,0,0,0
0.031112,0.027372,0.024695,0,0,0,0,0,0,0,0,0,0,0,0
0.052875,0.02443,0.034165,0,0,0,0,0,0,0,0,0,0,0,0
0.036033,0.027025,0.024365,0,0,0,0,0,0,0,0,0,0,0,0
0.056163,0.047392,0.060096,0,0,0,0,0,0,0,0,0,0,0,0
0.032214,0.027105,0.036428,0,0,0,0,0,0,0,0,0,0,0,0
0.066583,0.036345,0.025696,0,0,0,0,0,0,0,0,0,0,0,0
0.028989,0.03052,0.024532,0,0,0,0,0,0,0,0,0,0,0,0
0.046985,0.026779,0.02565,0,0,0,0,0,0,0,0,0,0,0,0
0.028578,0.027663,0.024314,0,0,0,0,0,0,0,0,0,0,0,0
0.070595,0.049938,0.061751,0,0,0,0,0,0,0,0,0,0,0,0
0.036564,0.033336,0.031801,0,0,0,0,0,0,0,0,0,0,0,0
0.036296,0.024318,0.024217,0,0,0,0,0,0,0,0,0,0,0,0
0.045508,0.026076,0.035519,0,0,0,0,0,0,0,0,0,0,0,0
0.036908,0.032943,0.036627,0,0,0,0,0,0,0,0,0,0,0,0
0.037015,0.026137,0.025439,0,0,0,0,0,0,0,0,0,0,0,0
0.055997,0.05926,0.049776,0,0,0,0,0,0,0,0,0,0,0,0
0.031351,0.027118,0.025622,0,0,0,0,0,0,0,0,0,0,0,0
0.039906,0.028237,0.032259,0,0,0,0,0,0,0,0,0,0,0,0
0.043357,0.024824,0.023718,0,0,0,0,0,0,0,0,0,0,0,0
0.028078,0.026303,0.023381,0,0,0,0,0,0,0,0,0,0,0,0
0.051073,0.028059,0.024273,0,0,0,0,0,0,0,0,0,0,0,0
0.055373,0.053315,0.056613,0,0,0,0,0,0,0,0,0,0,0,0
0.043621,0.033479,0.026263,0,0,0,0,0,0,0,0,0,0,0,0
0.040249,0.030771,0.037466,0,0,0,0,0,0,0,0,0,0,0,0
0.026628,0.026986,0.024499,0,0,0,0,0,0,0,0,0,0,0,0
0.027726,0.02766,0.034974,0,0,0,0,0,0,0,0,0,0,0,0
0.027841,0.024643,0.025195,0,0,0,0,0,0,0,0,0,0,0,0
0.075915,0.049215,0.055016,0,0,0,0,0,0,0,0,0,0,0,0
0.027272,0.024053,0.025985,0,0,0,0,0,0,0,0,0,0,0,0
0.046843,0.026934,0.025641,0,0,0,0,0,0,0,0,0,0,0,0
0.028397,0.024245,0.028124,0,0,0,0,0,0,0,0,0,0,0,0
0.051338,0.029381,0.033424,0,0,0,0,0,0,0,0,0,0,0,0
0.029831,0.035429,0.024497,0,0,0,0,0,0,0,0,0,0,0,0
0.054666,0.048975,0.06075,0,0,0,0,0,0,0,0,0,0,0,0
0.0331,0.037117,0.027031,0,0,0,0,0,0,0,0,0,0,0,0
0.057322,0.024752,0.024919,0,0,0,0,0,0,0,0,0,0,0,0
0.029347,0.027502,0.026605,0,0,0,0,0,0,0,0,0,0,0,0
0.0423,0.023896,0.024127,0,0,0,0,0,0,0,0,0,0,0,0
0.048498,0.027298,0.02561,0,0,0,0,0,0,0,0,0,0,0,0
0.053882,0.049686,0.047144,0,0,0,0,0,0,0,0,0,0,0,0
0.033092,0.025235,0.024709,0,0,0,0,0,0,0,0,0,0,0,0
0.035926,0.026719,0.024182,0,0,0,0,0,0,0,0,0,0,0,0
0.035428,0.025921,0.02576,0,0,0,0,0,0,0,0,0,0,0,0
0.036967,0.024847,0.024425,0,0,0,0,0,0,0,0,0,0,0,0
0.046832,0.031659,0.024874,0,0,0,0,0,0,0,0,0,0,0,0
0.065418,0.063469,0.046397,0,0,0,0,0,0,0,0,0,0,0,0
0.046563,0.043791,0.037217,0,0,0,0,0,0,0,0,0,0,0,0
0.040724,0.026657,0.027897,0,0,0,0,0,0,0,0,0,0,0,0
0.027046,0.028158,0.0275,0,0,0,0,0,0,0,0,0,0,0,0
0.026109,0.026827,0.024472,0,0,0,0,0,0,0,0,0,0,0,0
0.035957,0.038946,0.026657,0,0,0,0,0,0,0,0,0,0,0,0
0.076892,0.076664,0.047147,0,0,0,0,0,0,0,0,0,0,0,0
0.030275,0.036118,0.027746,0,0,0,0,0,0,0,0,0,0,0,0
0.031905,0.027194,0.026983,0,0,0,0,0,0,0,0,0,0,0,0
0.040272,0.026683,0.027445,0,0,0,0,0,0,0,0,0,0,0,0
0.057645,0.029694,0.025593,0,0,0,0,0,0,0,0,0,0,0,0
0.033957,0.024048,0.031521,0,0,0,0,0,0,0,0,0,0,0,0
0.065983,0.051434,0.055824,0,0,0,0,0,0,0,0,0,0,0,0
0.042945,0.023796,0.025757,0,0,0,0,0,0,0,0,0,0,0,0
0.047089,0.033312,0.026847,0,0,0,0,0,0,0,0,0,0,0,0
0.033158,0.030205,0.026338,0,0,0,0,0,0,0,0,0,0,0,0
0.046805,0.026114,0.027359,0,0,0,0,0,0,0,0,0,0,0,0
0.047114,0.025589,0.02781,0,0,0,0,0,0,0,0,0,0,0,0
0.050933,0.057341,0.055318,0,0,0,0,0,0,0,0,0,0,0,0
0.027872,0.026717,0.03301,0,0,0,0,0,0,0,0,0,0,0,0
0.031319,0.027853,0.037755,0,0,0,0,0,0,0,0,0,0,0,0
0.035462,0.027885,0.035252,0,0,0,0,0,0,0,0,0,0,0,0
0.047855,0.027553,0.024406,0,0,0,0,0,0,0,0,0,0,0,0
0.032158,0.027416,0.03192,0,0,0,0,0,0,0,0,0,0,0,0
0.071148,0.06298,0.050446,0,0,0,0,0,0,0,0,0,0,0,0
0.029093,0.024818,0.026338,0,0,0,0,0,0,0,0,0,0,0,0
0.028489,0.02646,0.025056,0,0,0,0,0,0,0,0,0,0,0,0
0.046031,0.024351,0.02499,0,0,0,0,0,0,0,0,0,0,0,0
0.04867,0.03232,0.034983,0,0,0,0,0,0,0,0,0,0,0,0
0.029336,0.026345,0.025274,0,0,0,0,0,0,0,0,0,0,0,0
0.076919,0.06078,0.049617,0,0,0,0,0,0,0,0,0,0,0,0
0.029929,0.036832,0.026153,0,0,0,0,0,0,0,0,0,0,0,0
0.038491,0.02418,0.025168,0,0,0,0,0,0,0,0,0,0,0,0
0.044759,0.030843,0.029497,0,0,0,0,0,0,0,0,0,0,0,0
0.038433,0.025331,0.023488,0,0,0,0,0,0,0,0,0,0,0,0
0.027946,0.0262,0.023678,0,0,0,0,0,0,0,0,0,0,0,0
0.070616,0.049752,0.047539,0,0,0,0,0,0,0,0,0,0,0,0
0.029229,0.025509,0.023752,0,0,0,0,0,0,0,0,0,0,0,0
0.031504,0.034977,0.037402,0,0,0,0,0,0,0,0,0,0,0,0
0.049457,0.036534,0.02403,0,0,0,0,0,0,0,0,0,0,0,0
0.029667,0.026113,0.035638,0,0,0,0,0,0,0,0,0,0,0,0
0.030563,0.027774,0.035566,0,0,0,0,0,0,0,0,0,0,0,0
0.074382,0.05642,0.047291,0,0,0,0,0,0,0,0,0,0,0,0
0.049984,0.027675,0.023939,0,0,0,0,0,0,0,0,0,0,0,0
0.03287,0.026071,0.024736,0,0,0,0,0,0,0,0,0,0,0,0
0.02622,0.027554,0.025236,0,0,0,0,0,0,0,0,0,0,0,0
0.031572,0.027777,0.024708,0,0,0,0,0,0,0,0,0,0,0,0
0.047515,0.030499,0.025252,0,0,0,0,0,0,0,0,0,0,0,0
0.070485,0.056581,0.04741,0,0,0,0,0,0,0,0,0,0,0,0
0.038616,0.030087,0.024708,0,0,0,0,0,0,0,0,0,0,0,0
0.045832,0.026649,0.034774,0,0,0,0,0,0,0,0,0,0,0,0
0.03316,0.029574,0.02765,0,0,0,0,0,0,0,0,0,0,0,0
0.029355,0.025958,0.026802,0,0,0,0,0,0,0,0,0,0,0,0
0.035507,0.02854,0.025026,0,0,0,0,0,0,0,0,0,0,0,0
0.058279,0.055134,0.049711,0,0,0,0,0,0,0,0,0,0,0,0
0.048439,0.029893,0.045321,0,0,0,0,0,0,0,0,0,0,0,0
0.028139,0.026848,0.025797,0,0,0,0,0,0,0,0,0,0,0,0
0.045963,0.028638,0.024404,0,0,0,0,0,0,0,0,0,0,0,0
0.04727,0.02733,0.025923,0,0,0,0,0,0,0,0,0,0,0,0
0.039554,0.027588,0.024503,0,0,0,0,0,0,0,0,0,0,0,0
0.06991,0.05037,0.04841,0,0,0,0,0,0,0,0,0,0,0,0
0.039874,0.030827,0.035855,0,0,0,0,0,0,0,0,0,0,0,0
0.035944,0.026523,0.02589,0,0,0,0,0,0,0,0,0,0,0,0
0.047445,0.029332,0.033739,0,0,0,0,0,0,0,0,0,0,0,0
0.059617,0.030571,0.023849,0,0,0,0,0,0,0,0,0,0,0,0
0.044567,0.027877,0.023703,0,0,0,0,0,0,0,0,0,0,0,0
0.068774,0.05851,0.049111,0,0,0,0,0,0,0,0,0,0,0,0
0.04045,0.027652,0.02377,0,0,0,0,0,0,0,0,0,0,0,0
0.047592,0.026853,0.027401,0,0,0,0,0,0,0,0,0,0,0,0
0.030635,0.039778,0.033242,0,0,0,0,0,0,0,0,0,0,0,0
0.042401,0.027877,0.024701,0,0,0,0,0,0,0,0,0,0,0,0
0.038266,0.036904,0.027419,0,0,0,0,0,0,0,0,0,0,0,0
0.073081,0.061976,0.04746,0,0,0,0,0,0,0,0,0,0,0,0
0.036575,0.035345,0.026853,0,0,0,0,0,0,0,0,0,0,0,0
0.042411,0.026609,0.026276,0,0,0,0,0,0,0,0,0,0,0,0
0.03141,0.024558,0.02532,0,0,0,0,0,0,0,0,0,0,0,0
0.041331,0.027262,0.026863,0,0,0,0,0,0,0,0,0,0,0,0
0.025054,0.026536,0.035849,0,0,0,0,0,0,0,0,0,0,0,0
0.067487,0.053326,0.050233,0,0,0,0,0,0,0,0,0,0,0,0
0.04062,0.024934,0.026251,0,0,0,0,0,0,0,0,0,0,0,0
0.027356,0.028548,0.025185,0,0,0,0,0,0,0,0,0,0,0,0
0.045115,0.025444,0.031136,0,0,0,0,0,0,0,0,0,0,0,0
0.046545,0.028359,0.024705,0,0,0,0,0,0,0,0,0,0,0,0
0.031587,0.037081,0.036136,0,0,0,0,0,0,0,0,0,0,0,0
0.057428,0.054905,0.049495,0,0,0,0,0,0,0,0,0,0,0,0
0.049055,0.028916,0.024941,0,0,0,0,0,0,0,0,0,0,0,0
0.042622,0.027965,0.025523,0,0,0,0,0,0,0,0,0,0,0,0
0.039231,0.028112,0.024196,0,0,0,0,0,0,0,0,0,0,0,0
0.035569,0.029671,0.031516,0,0,0,0,0,0,0,0,0,0,0,0
0.033336,0.027372,0.026877,0,0,0,0,0,0,0,0,0,0,0,0
0.053106,0.052142,0.045865,0,0,0,0,0,0,0,0,0,0,0,0
0.035818,0.026272,0.036035,0,0,0,0,0,0,0,0,0,0,0,0
0.032546,0.023826,0.035559,0,0,0,0,0,0,0,0,0,0,0,0
0.037801,0.028027,0.024211,0,0,0,0,0,0,0,0,0,0,0,0
0.045206,0.024521,0.035508,0,0,0,0,0,0,0,0,0,0,0,0
0.05101,0.026466,0.02381,0,0,0,0,0,0,0,0,0,0,0,0
0.069151,0.058041,0.053995,0,0,0,0,0,0,0,0,0,0,0,0
0.031056,0.032892,0.031867,0,0,0,0,0,0,0,0,0,0,0,0
0.039747,0.035714,0.036271,0,0,0,0,0,0,0,0,0,0,0,0
0.035512,0.02576,0.027186,0,0,0,0,0,0,0,0,0,0,0,0
0.038915,0.024984,0.02749,0,0,0,0,0,0,0,0,0,0,0,0
0.033005,0.033583,0.030307,0,0,0,0,0,0,0,0,0,0,0,0
0.058889,0.060501,0.048004,0,0,0,0,0,0,0,0,0,0,0,0
0.03841,0.035991,0.035613,0,0,0,0,0,0,0,0,0,0,0,0
0.035839,0.036014,0.026627,0,0,0,0,0,0,0,0,0,0,0,0
0.049036,0.026697,0.028094,0,0,0,0,0,0,0,0,0,0,0,0
0.042772,0.035304,0.026561,0,0,0,0,0,0,0,0,0,0,0,0
0.050197,0.026975,0.039381,0,0,0,0,0,0,0,0,0,0,0,0
0.071208,0.056954,0.048574,0,0,0,0,0,0,0,0,0,0,0,0
0.032775,0.027181,0.036995,0,0,0,0,0,0,0,0,0,0,0,0
0.050407,0.033373,0.035024,0,0,0,0,0,0,0,0,0,0,0,0
0.047208,0.028912,0.036516,0,0,0,0,0,0,0,0,0,0,0,0
0.027651,0.027107,0.035,0,0,0,0,0,0,0,0,0,0,0,0
0.027269,0.024414,0.024049,0,0,0,0,0,0,0,0,0,0,0,0
0.04929,0.050418,0.048735,0,0,0,0,0,0,0,0,0,0,0,0
0.026817,0.026557,0.024296,0,0,0,0,0,0,0,0,0,0,0,0
0.027044,0.027847,0.025263,0,0,0,0,0,0,0,0,0,0,0,0
0.035284,0.024523,0.033367,0,0,0,0,0,0,0,0,0,0,0,0
0.050074,0.026413,0.025556,0,0,0,0,0,0,0,0,0,0,0,0
0.045783,0.025031,0.023994,0,0,0,0,0,0,0,0,0,0,0,0
0.065845,0.050022,0.048635,0,0,0,0,0,0,0,0,0,0,0,0
0.046211,0.024583,0.024807,0,0,0,0,0,0,0,0,0,0,0,0
0.036727,0.026298,0.02457,0,0,0,0,0,0,0,0,0,0,0,0
0.027223,0.032947,0.029017,0,0,0,0,0,0,0,0,0,0,0,0
0.027563,0.028466,0.041252,0,0,0,0,0,0,0,0,0,0,0,0
0.05315,0.02876,0.026301,0,0,0,0,0,0,0,0,0,0,0,0
0.056775,0.052907,0.064625,0,0,0,0,0,0,0,0,0,0,0,0
0.045714,0.026259,0.030425,0,0,0,0,0,0,0,0,0,0,0,0
0.035481,0.027088,0.024856,0,0,0,0,0,0,0,0,0,0,0,0
0.044281,0.025116,0.024044,0,0,0,0,0,0,0,0,0,0,0,0
0.028623,0.026471,0.03474,0,0,0,0,0,0,0,0,0,0,0,0
0.046544,0.02785,0.031599,0,0,0,0,0,0,0,0,0,0,0,0
0.062175,0.051159,0.066516,0,0,0,0,0,0,0,0,0,0,0,0
0.029054,0.034281,0.025314,0,0,0,0,0,0,0,0,0,0,0,0
0.028859,0.026728,0.034419,0,0,0,0,0,0,0,0,0,0,0,0
0.026043,0.026315,0.026195,0,0,0,0,0,0,0,0,0,0,0,0
0.042347,0.028282,0.025357,0,0,0,0,0,0,0,0,0,0,0,0
0.026976,0.027781,0.031899,0,0,0,0,0,0,0,0,0,0,0,0
0.073839,0.053468,0.061428,0,0,0,0,0,0,0,0,0,0,0,0
0.026926,0.026085,0.03666,0,0,0,0,0,0,0,0,0,0,0,0
0.026769,0.027795,0.025588,0,0,0,0,0,0,0,0,0,0,0,0
0.047922,0.024869,0.024978,0,0,0,0,0,0,0,0,0,0,0,0
0.036182,0.027647,0.025169,0,0,0,0,0,0,0,0,0,0,0,0
0.033741,0.025883,0.031123,0,0,0,0,0,0,0,0,0,0,0,0
0.052291,0.051979,0.059968,0,0,0,0,0,0,0,0,0,0,0,0
0.057483,0.027037,0.024869,0,0,0,0,0,0,0,0,0,0,0,0
0.043156,0.027716,0.035287,0,0,0,0,0,0,0,0,0,0,0,0
0.034117,0.024909,0.024613,0,0,0,0,0,0,0,0,0,0,0,0
0.031429,0.031845,0.034761,0,0,0,0,0,0,0,0,0,0,0,0
0.043227,0.036949,0.025753,0,0,0,0,0,0,0,0,0,0,0,0
0.070808,0.056902,0.054338,0,0,0,0,0,0,0,0,0,0,0,0
0.039691,0.027787,0.027687,0,0,0,0,0,0,0,0,0,0,0,0
0.04422,0.027085,0.037832,0,0,0,0,0,0,0,0,0,0,0,0
0.032215,0.028024,0.02492,0,0,0,0,0,0,0,0,0,0,0,0
0.057294,0.029632,0.03062,0,0,0,0,0,0,0,0,0,0,0,0
0.033101,0.027661,0.024335,0,0,0,0,0,0,0,0,0,0,0,0
0.065698,0.060267,0.047882,0,0,0,0,0,0,0,0,0,0,0,0
0.036034,0.034078,0.025892,0,0,0,0,0,0,0,0,0,0,0,0
0.047382,0.031035,0.024387,0,0,0,0,0,0,0,0,0,0,0,0
0.027235,0.027695,0.026186,0,0,0,0,0,0,0,0,0,0,0,0
0.024852,0.025336,0.024478,0,0,0,0,0,0,0,0,0,0,0,0
0.037892,0.02612,0.034878,0,0,0,0,0,0,0,0,0,0,0,0
0.06161,0.049429,0.049077,0,0,0,0,0,0,0,0,0,0,0,0
0.030088,0.032497,0.042171,0,0,0,0,0,0,0,0,0,0,0,0
0.02858,0.025327,0.025678,0,0,0,0,0,0,0,0,0,0,0,0
0.056773,0.026386,0.026919,0,0,0,0,0,0,0,0,0,0,0,0
0.032698,0.030786,0.024409,0,0,0,0,0,0,0,0,0,0,0,0
0.054086,0.026308,0.025773,0,0,0,0,0,0,0,0,0,0,0,0
0.073305,0.050771,0.048162,0,0,0,0,0,0,0,0,0,0,0,0
0.044532,0.028729,0.027461,0,0,0,0,0,0,0,0,0,0,0,0
0.045095,0.027514,0.025944,0,0,0,0,0,0,0,0,0,0,0,0
0.033722,0.029281,0.025325,0,0,0,0,0,0,0,0,0,0,0,0
0.025267,0.027469,0.024509,0,0,0,0,0,0,0,0,0,0,0,0
0.029198,0.028404,0.025616,0,0,0,0,0,0,0,0,0,0,0,0
0.053856,0.056859,0.049643,0,0,0,0,0,0,0,0,0,0,0,0
0.02844,0.027583,0.024905,0,0,0,0,0,0,0,0,0,0,0,0
0.035828,0.024878,0.024181,0,0,0,0,0,0,0,0,0,0,0,0
0.02771,0.038945,0.036484,0,0,0,0,0,0,0,0,0,0,0,0
0.037596,0.026476,0.025732,0,0,0,0,0,0,0,0,0,0,0,0
0.027891,0.02776,0.025096,0,0,0,0,0,0,0,0,0,0,0,0
0.076434,0.049516,0.047618,0,0,0,0,0,0,0,0,0,0,0,0
0.026734,0.028252,0.025189,0,0,0,0,0,0,0,0,0,0,0,0
0.037912,0.025066,0.023891,0,0,0,0,0,0,0,0,0,0,0,0
0.053277,0.030019,0.025815,0,0,0,0,0,0,0,0,0,0,0,0
0.027993,0.024666,0.024526,0,0,0,0,0,0,0,0,0,0,0,0
0.025197,0.026381,0.029649,0,0,0,0,0,0,0,0,0,0,0,0
0.050843,0.063842,0.047682,0,0,0,0,0,0,0,0,0,0,0,0
0.041583,0.036229,0.036851,0,0,0,0,0,0,0,0,0,0,0,0
0.03355,0.02634,0.024553,0,0,0,0,0,0,0,0,0,0,0,0
0.027061,0.024113,0.027409,0,0,0,0,0,0,0,0,0,0,0,0
0.026795,0.02699,0.032236,0,0,0,0,0,0,0,0,0,0,0,0
0.026387,0.031521,0.024518,0,0,0,0,0,0,0,0,0,0,0,0
0.053656,0.057883,0.049436,0,0,0,0,0,0,0,0,0,0,0,0
0.056027,0.025442,0.024562,0,0,0,0,0,0,0,0,0,0,0,0
0.060754,0.027092,0.0242,0,0,0,0,0,0,0,0,0,0,0,0
0.043021,0.026815,0.026046,0,0,0,0,0,0,0,0,0,0,0,0
0.046746,0.027106,0.024213,0,0,0,0,0,0,0,0,0,0,0,0
0.033689,0.024701,0.025671,0,0,0,0,0,0,0,0,0,0,0,0
0.056579,0.054506,0.047349,0,0,0,0,0,0,0,0,0,0,0,0
0.049907,0.024786,0.029638,0,0,0,0,0,0,0,0,0,0,0,0
0.043089,0.030207,0.026089,0,0,0,0,0,0,0,0,0,0,0,0
0.043049,0.029072,0.024447,0,0,0,0,0,0,0,0,0,0,0,0
0.034831,0.027182,0.034077,0,0,0,0,0,0,0,0,0,0,0,0
0.044977,0.027844,0.027635,0,0,0,0,0,0,0,0,0,0,0,0
0.054081,0.056289,0.049021,0,0,0,0,0,0,0,0,0,0,0,0
0.048057,0.028811,0.026074,0,0,0,0,0,0,0,0,0,0,0,0
0.038188,0.028275,0.026932,0,0,0,0,0,0,0,0,0,0,0,0
0.045369,0.03104,0.024911,0,0,0,0,0,0,0,0,0,0,0,0
0.03486,0.028008,0.026409,0,0,0,0,0,0,0,0,0,0,0,0
0.028597,0.027014,0.024874,0,0,0,0,0,0,0,0,0,0,0,0
0.056278,0.051478,0.048603,0,0,0,0,0,0,0,0,0,0,0,0
0.056515,0.02721,0.035281,0,0,0,0,0,0,0,0,0,0,0,0
0.032775,0.028667,0.025961,0,0,0,0,0,0,0,0,0,0,0,0
0.043467,0.035489,0.025426,0,0,0,0,0,0,0,0,0,0,0,0
0.025223,0.026945,0.024657,0,0,0,0,0,0,0,0,0,0,0,0
0.044435,0.033697,0.025731,0,0,0,0,0,0,0,0,0,0,0,0
0.05803,0.05619,0.047481,0,0,0,0,0,0,0,0,0,0,0,0
0.03145,0.029126,0.027451,0,0,0,0,0,0,0,0,0,0,0,0
0.040965,0.037114,0.024447,0,0,0,0,0,0,0,0,0,0,0,0
0.030652,0.028169,0.026266,0,0,0,0,0,0,0,0,0,0,0,0
0.030759,0.028562,0.024671,0,0,0,0,0,0,0,0,0,0,0,0
0.028359,0.02964,0.025626,0,0,0,0,0,0,0,0,0,0,0,0
0.065152,0.049987,0.047907,0,0,0,0,0,0,0,0,0,0,0,0
0.025819,0.028807,0.027284,0,0,0,0,0,0,0,0,0,0,0,0
0.035009,0.027544,0.024174,0,0,0,0,0,0,0,0,0,0,0,0
0.028837,0.027237,0.033275,0,0,0,0,0,0,0,0,0,0,0,0
0.040157,0.024797,0.024723,0,0,0,0,0,0,0,0,0,0,0,0
0.02792,0.027285,0.024419,0,0,0,0,0,0,0,0,0,0,0,0
0.055441,0.052848,0.047497,0,0,0,0,0,0,0,0,0,0,0,0
0.029108,0.026483,0.025574,0,0,0,0,0,0,0,0,0,0,0,0
0.042773,0.025606,0.024697,0,0,0,0,0,0,0,0,0,0,0,0
0.038257,0.02751,0.03109,0,0,0,0,0,0,0,0,0,0,0,0
0.033727,0.039506,0.025766,0,0,0,0,0,0,0,0,0,0,0,0
0.027304,0.036159,0.035285,0,0,0,0,0,0,0,0,0,0,0,0
0.076096,0.049675,0.049299,0,0,0,0,0,0,0,0,0,0,0,0
0.025164,0.024585,0.025869,0,0,0,0,0,0,0,0,0,0,0,0
0.024973,0.028236,0.028338,0,0,0,0,0,0,0,0,0,0,0,0
0.046325,0.025945,0.029836,0,0,0,0,0,0,0,0,0,0,0,0
0.03945,0.026554,0.024058,0,0,0,0,0,0,0,0,0,0,0,0
0.048248,0.036201,0.034725,0,0,0,0,0,0,0,0,0,0,0,0
0.061099,0.048823,0.049407,0,0,0,0,0,0,0,0,0,0,0,0
0.036101,0.024489,0.024421,0,0,0,0,0,0,0,0,0,0,0,0
0.024534,0.027935,0.024432,0,0,0,0,0,0,0,0,0,0,0,0
0.02709,0.030978,0.035211,0,0,0,0,0,0,0,0,0,0,0,0
0.05173,0.047527,0.025262,0,0,0,0,0,0,0,0,0,0,0,0
0.041483,0.02863,0.027579,0,0,0,0,0,0,0,0,0,0,0,0
0.049046,0.049831,0.056367,0,0,0,0,0,0,0,0,0,0,0,0
0.041467,0.026487,0.026772,0,0,0,0,0,0,0,0,0,0,0,0
0.045643,0.029206,0.028776,0,0,0,0,0,0,0,0,0,0,0,0
0.028756,0.037004,0.026897,0,0,0,0,0,0,0,0,0,0,0,0
0.02647,0.036172,0.025951,0,0,0,0,0,0,0,0,0,0,0,0
0.036558,0.026122,0.028354,0,0,0,0,0,0,0,0,0,0,0,0
0.057286,0.046752,0.056914,0,0,0,0,0,0,0,0,0,0,0,0
0.031163,0.025592,0.027628,0,0,0,0,0,0,0,0,0,0,0,0
0.048071,0.026253,0.027431,0,0,0,0,0,0,0,0,0,0,0,0
0.025734,0.032301,0.025757,0,0,0,0,0,0,0,0,0,0,0,0
0.04955,0.02556,0.02659,0,0,0,0,0,0,0,0,0,0,0,0
0.028533,0.026434,0.025872,0,0,0,0,0,0,0,0,0,0,0,0
0.057453,0.057219,0.068368,0,0,0,0,0,0,0,0,0,0,0,0
0.036229,0.026764,0.026875,0,0,0,0,0,0,0,0,0,0,0,0
0.056875,0.024112,0.028213,0,0,0,0,0,0,0,0,0,0,0,0
0.027009,0.026303,0.028766,0,0,0,0,0,0,0,0,0,0,0,0
0.044522,0.025006,0.036181,0,0,0,0,0,0,0,0,0,0,0,0
0.036954,0.026888,0.024446,0,0,0,0,0,0,0,0,0,0,0,0
0.072981,0.049729,0.051087,0,0,0,0,0,0,0,0,0,0,0,0
0.030001,0.027241,0.029847,0,0,0,0,0,0,0,0,0,0,0,0
0.055588,0.03541,0.027794,0,0,0,0,0,0,0,0,0,0,0,0
0.032925,0.025783,0.025481,0,0,0,0,0,0,0,0,0,0,0,0
0.026031,0.024669,0.02411,0,0,0,0,0,0,0,0,0,0,0,0
0.034985,0.027145,0.024027,0,0,0,0,0,0,0,0,0,0,0,0
0.076604,0.047044,0.052499,0,0,0,0,0,0,0,0,0,0,0,0
0.026658,0.028869,0.026398,0,0,0,0,0,0,0,0,0,0,0,0
0.047872,0.026322,0.02639,0,0,0,0,0,0,0,0,0,0,0,0
0.038916,0.028305,0.024157,0,0,0,0,0,0,0,0,0,0,0,0
0.024646,0.030705,0.025866,0,0,0,0,0,0,0,0,0,0,0,0
0.058449,0.024727,0.024989,0,0,0,0,0,0,0,0,0,0,0,0
0.064129,0.060683,0.05742,0,0,0,0,0,0,0,0,0,0,0,0
0.026828,0.025906,0.025152,0,0,0,0,0,0,0,0,0,0,0,0
0.028006,0.025977,0.023922,0,0,0,0,0,0,0,0,0,0,0,0
0.026397,0.026494,0.034991,0,0,0,0,0,0,0,0,0,0,0,0
0.037398,0.027165,0.024443,0,0,0,0,0,0,0,0,0,0,0,0
0.029286,0.023933,0.024097,0,0,0,0,0,0,0,0,0,0,0,0
0.055004,0.049291,0.048622,0,0,0,0,0,0,0,0,0,0,0,0
0.043828,0.027976,0.025403,0,0,0,0,0,0,0,0,0,0,0,0
0.04489,0.029748,0.023996,0,0,0,0,0,0,0,0,0,0,0,0
0.0251,0.028113,0.024785,0,0,0,0,0,0,0,0,0,0,0,0
0.043613,0.024904,0.025015,0,0,0,0,0,0,0,0,0,0,0,0
0.035564,0.027226,0.025438,0,0,0,0,0,0,0,0,0,0,0,0
0.062376,0.058719,0.052753,0,0,0,0,0,0,0,0,0,0,0,0
0.02682,0.036169,0.025815,0,0,0,0,0,0,0,0,0,0,0,0
0.047282,0.024475,0.025669,0,0,0,0,0,0,0,0,0,0,0,0
0.032562,0.025906,0.035129,0,0,0,0,0,0,0,0,0,0,0,0
0.03112,0.026365,0.024179,0,0,0,0,0,0,0,0,0,0,0,0
0.026835,0.027187,0.031855,0,0,0,0,0,0,0,0,0,0,0,0
0.048823,0.053077,0.056245,0,0,0,0,0,0,0,0,0,0,0,0
0.036834,0.02774,0.027688,0,0,0,0,0,0,0,0,0,0,0,0
0.036278,0.025251,0.04109,0,0,0,0,0,0,0,0,0,0,0,0
0.04618,0.030801,0.025429,0,0,0,0,0,0,0,0,0,0,0,0
0.034062,0.024574,0.035337,0,0,0,0,0,0,0,0,0,0,0,0
0.03873,0.030324,0.036303,0,0,0,0,0,0,0,0,0,0,0,0
0.058094,0.047659,0.049105,0,0,0,0,0,0,0,0,0,0,0,0
0.032128,0.029677,0.035102,0,0,0,0,0,0,0,0,0,0,0,0
0.033549,0.027622,0.025058,0,0,0,0,0,0,0,0,0,0,0,0
0.045831,0.02525,0.034842,0,0,0,0,0,0,0,0,0,0,0,0
0.033836,0.026565,0.024475,0,0,0,0,0,0,0,0,0,0,0,0
0.025212,0.025138,0.024988,0,0,0,0,0,0,0,0,0,0,0,0
0.068112,0.052002,0.046623,0,0,0,0,0,0,0,0,0,0,0,0
0.033688,0.036154,0.024213,0,0,0,0,0,0,0,0,0,0,0,0
0.031077,0.047304,0.023976,0,0,0,0,0,0,0,0,0,0,0,0
0.044052,0.025177,0.02651,0,0,0,0,0,0,0,0,0,0,0,0
0.038994,0.029103,0.024419,0,0,0,0,0,0,0,0,0,0,0,0
0.027113,0.026625,0.025854,0,0,0,0,0,0,0,0,0,0,0,0
0.054941,0.050924,0.050982,0,0,0,0,0,0,0,0,0,0,0,0
0.044601,0.025881,0.028008,0,0,0,0,0,0,0,0,0,0,0,0
0.028663,0.025253,0.026806,0,0,0,0,0,0,0,0,0,0,0,0
0.045132,0.027137,0.02428,0,0,0,0,0,0,0,0,0,0,0,0
0.027864,0.024402,0.024303,0,0,0,0,0,0,0,0,0,0,0,0
0.036525,0.026556,0.025489,0,0,0,0,0,0,0,0,0,0,0,0
0.054582,0.048186,0.051441,0,0,0,0,0,0,0,0,0,0,0,0
0.037596,0.026176,0.026982,0,0,0,0,0,0,0,0,0,0,0,0
0.046909,0.026521,0.024123,0,0,0,0,0,0,0,0,0,0,0,0
0.046832,0.035474,0.024587,0,0,0,0,0,0,0,0,0,0,0,0
0.046264,0.036425,0.025387,0,0,0,0,0,0,0,0,0,0,0,0
0.04504,0.023032,0.024241,0,0,0,0,0,0,0,0,0,0,0,0
0.052188,0.049232,0.04656,0,0,0,0,0,0,0,0,0,0,0,0
0.029046,0.037339,0.025112,0,0,0,0,0,0,0,0,0,0,0,0
0.026654,0.034222,0.025326,0,0,0,0,0,0,0,0,0,0,0,0
0.024262,0.02432,0.024436,0,0,0,0,0,0,0,0,0,0,0,0
0.043632,0.026669,0.027994,0,0,0,0,0,0,0,0,0,0,0,0
0.038788,0.024344,0.025711,0,0,0,0,0,0,0,0,0,0,0,0
0.061452,0.056946,0.048391,0,0,0,0,0,0,0,0,0,0,0,0
0.048554,0.024756,0.025798,0,0,0,0,0,0,0,0,0,0,0,0
0.04162,0.03058,0.027576,0,0,0,0,0,0,0,0,0,0,0,0
0.038448,0.027372,0.024038,0,0,0,0,0,0,0,0,0,0,0,0
0.0315,0.035635,0.024809,0,0,0,0,0,0,0,0,0,0,0,0
0.02763,0.035528,0.028326,0,0,0,0,0,0,0,0,0,0,0,0
0.068783,0.049222,0.046767,0,0,0,0,0,0,0,0,0,0,0,0
0.025407,0.026271,0.024615,0,0,0,0,0,0,0,0,0,0,0,0
0.028792,0.033711,0.024055,0,0,0,0,0,0,0,0,0,0,0,0
0.036385,0.035869,0.026538,0,0,0,0,0,0,0,0,0,0,0,0
0.042428,0.026851,0.02437,0,0,0,0,0,0,0,0,0,0,0,0
0.034729,0.03138,0.026141,0,0,0,0,0,0,0,0,0,0,0,0
0.068077,0.051781,0.046611,0,0,0,0,0,0,0,0,0,0,0,0
0.024052,0.034494,0.025148,0,0,0,0,0,0,0,0,0,0,0,0
0.043042,0.027127,0.031961,0,0,0,0,0,0,0,0,0,0,0,0
0.031757,0.025948,0.03668,0,0,0,0,0,0,0,0,0,0,0,0
0.044604,0.027797,0.035857,0,0,0,0,0,0,0,0,0,0,0,0
0.037355,0.028372,0.024097,0,0,0,0,0,0,0,0,0,0,0,0
0.069695,0.059056,0.050663,0,0,0,0,0,0,0,0,0,0,0,0
0.046797,0.026678,0.025141,0,0,0,0,0,0,0,0,0,0,0,0
0.025706,0.028605,0.031097,0,0,0,0,0,0,0,0,0,0,0,0
0.041042,0.028014,0.04043,0,0,0,0,0,0,0,0,0,0,0,0
0.053959,0.03764,0.026573,0,0,0,0,0,0,0,0,0,0,0,0
0.032176,0.029575,0.029075,0,0,0,0,0,0,0,0,0,0,0,0
0.051626,0.050634,0.05669,0,0,0,0,0,0,0,0,0,0,0,0
0.026733,0.028995,0.025982,0,0,0,0,0,0,0,0,0,0,0,0
0.031376,0.024215,0.026693,0,0,0,0,0,0,0,0,0,0,0,0
0.027468,0.03617,0.027288,0,0,0,0,0,0,0,0,0,0,0,0
0.031,0.034563,0.026416,0,0,0,0,0,0,0,0,0,0,0,0
0.030961,0.026286,0.025192,0,0,0,0,0,0,0,0,0,0,0,0
0.071537,0.047619,0.052313,0,0,0,0,0,0,0,0,0,0,0,0
0.041234,0.027318,0.024319,0,0,0,0,0,0,0,0,0,0,0,0
0.02976,0.02448,0.023914,0,0,0,0,0,0,0,0,0,0,0,0
0.040491,0.026342,0.025037,0,0,0,0,0,0,0,0,0,0,0,0
0.026779,0.026194,0.024254,0,0,0,0,0,0,0,0,0,0,0,0
0.044443,0.039373,0.024146,0,0,0,0,0,0,0,0,0,0,0,0
0.077246,0.054087,0.050588,0,0,0,0,0,0,0,0,0,0,0,0
0.040905,0.026859,0.024824,0,0,0,0,0,0,0,0,0,0,0,0
0.028581,0.026169,0.025738,0,0,0,0,0,0,0,0,0,0,0,0
0.033577,0.028338,0.024706,0,0,0,0,0,0,0,0,0,0,0,0
0.032121,0.026101,0.024376,0,0,0,0,0,0,0,0,0,0,0,0
0.055942,0.02788,0.024577,0,0,0,0,0,0,0,0,0,0,0,0
0.058576,0.054192,0.047387,0,0,0,0,0,0,0,0,0,0,0,0
0.037564,0.027385,0.027331,0,0,0,0,0,0,0,0,0,0,0,0
0.026371,0.026912,0.03942,0,0,0,0,0,0,0,0,0,0,0,0
0.025141,0.024537,0.035405,0,0,0,0,0,0,0,0,0,0,0,0
0.026191,0.024153,0.023674,0,0,0,0,0,0,0,0,0,0,0,0
0.052968,0.02404,0.023736,0,0,0,0,0,0,0,0,0,0,0,0
0.056391,0.054187,0.04664,0,0,0,0,0,0,0,0,0,0,0,0
0.029756,0.026965,0.026314,0,0,0,0,0,0,0,0,0,0,0,0
0.041295,0.034272,0.024289,0,0,0,0,0,0,0,0,0,0,0,0
0.036206,0.024416,0.027077,0,0,0,0,0,0,0,0,0,0,0,0
0.049869,0.035493,0.024375,0,0,0,0,0,0,0,0,0,0,0,0
0.03653,0.0275,0.023684,0,0,0,0,0,0,0,0,0,0,0,0
0.061931,0.050195,0.046565,0,0,0,0,0,0,0,0,0,0,0,0
0.03212,0.024973,0.024474,0,0,0,0,0,0,0,0,0,0,0,0
0.03392,0.026765,0.025694,0,0,0,0,0,0,0,0,0,0,0,0
0.046336,0.026001,0.024571,0,0,0,0,0,0,0,0,0,0,0,0
0.047832,0.027451,0.026236,0,0,0,0,0,0,0,0,0,0,0,0
0.049263,0.02475,0.024151,0,0,0,0,0,0,0,0,0,0,0,0
0.060042,0.051854,0.057389,0,0,0,0,0,0,0,0,0,0,0,0
0.033002,0.026006,0.024495,0,0,0,0,0,0,0,0,0,0,0,0
0.033502,0.02964,0.035182,0,0,0,0,0,0,0,0,0,0,0,0
0.042766,0.033515,0.038526,0,0,0,0,0,0,0,0,0,0,0,0
0.040869,0.026914,0.024616,0,0,0,0,0,0,0,0,0,0,0,0
0.044488,0.026573,0.02485,0,0,0,0,0,0,0,0,0,0,0,0
0.073246,0.054843,0.048083,0,0,0,0,0,0,0,0,0,0,0,0
0.034768,0.024587,0.024237,0,0,0,0,0,0,0,0,0,0,0,0
0.046718,0.026229,0.024255,0,0,0,0,0,0,0,0,0,0,0,0
0.027373,0.024373,0.033021,0,0,0,0,0,0,0,0,0,0,0,0
0.042362,0.029567,0.024304,0,0,0,0,0,0,0,0,0,0,0,0
0.048603,0.027636,0.035254,0,0,0,0,0,0,0,0,0,0,0,0
0.054007,0.051478,0.047293,0,0,0,0,0,0,0,0,0,0,0,0
0.045388,0.026705,0.027748,0,0,0,0,0,0,0,0,0,0,0,0
0.031426,0.033252,0.02374,0,0,0,0,0,0,0,0,0,0,0,0
0.033822,0.02635,0.02378,0,0,0,0,0,0,0,0,0,0,0,0
0.044262,0.034884,0.025151,0,0,0,0,0,0,0,0,0,0,0,0
0.031362,0.026837,0.025022,0,0,0,0,0,0,0,0,0,0,0,0
0.067303,0.052542,0.047932,0,0,0,0,0,0,0,0,0,0,0,0
0.027278,0.024927,0.03215,0,0,0,0,0,0,0,0,0,0,0,0
0.038683,0.027545,0.036307,0,0,0,0,0,0,0,0,0,0,0,0
0.045923,0.026254,0.024088,0,0,0,0,0,0,0,0,0,0,0,0
0.028541,0.026754,0.024498,0,0,0,0,0,0,0,0,0,0,0,0
0.028152,0.025401,0.025582,0,0,0,0,0,0,0,0,0,0,0,0
0.047203,0.048541,0.04731,0,0,0,0,0,0,0,0,0,0,0,0
0.027289,0.024112,0.024893,0,0,0,0,0,0,0,0,0,0,0,0
0.027262,0.024143,0.023937,0,0,0,0,0,0,0,0,0,0,0,0
0.046723,0.029449,0.024838,0,0,0,0,0,0,0,0,0,0,0,0
0.038315,0.026691,0.025085,0,0,0,0,0,0,0,0,0,0,0,0
0.028614,0.028053,0.026359,0,0,0,0,0,0,0,0,0,0,0,0
0.053428,0.050528,0.05179,0,0,0,0,0,0,0,0,0,0,0,0
0.030758,0.026123,0.026024,0,0,0,0,0,0,0,0,0,0,0,0
0.034705,0.025557,0.024229,0,0,0,0,0,0,0,0,0,0,0,0
0.041082,0.027308,0.032147,0,0,0,0,0,0,0,0,0,0,0,0
0.035616,0.027402,0.026127,0,0,0,0,0,0,0,0,0,0,0,0
0.02508,0.027224,0.024437,0,0,0,0,0,0,0,0,0,0,0,0
0.058736,0.050243,0.048742,0,0,0,0,0,0,0,0,0,0,0,0
0.031316,0.03003,0.025511,0,0,0,0,0,0,0,0,0,0,0,0
0.030771,0.025824,0.026642,0,0,0,0,0,0,0,0,0,0,0,0
0.042987,0.027738,0.023917,0,0,0,0,0,0,0,0,0,0,0,0
0.026722,0.024544,0.024354,0,0,0,0,0,0,0,0,0,0,0,0
0.032185,0.027414,0.025276,0,0,0,0,0,0,0,0,0,0,0,0
0.064555,0.060974,0.048226,0,0,0,0,0,0,0,0,0,0,0,0
0.039339,0.027683,0.026997,0,0,0,0,0,0,0,0,0,0,0,0
0.0258,0.026613,0.024521,0,0,0,0,0,0,0,0,0,0,0,0
0.039824,0.027037,0.024463,0,0,0,0,0,0,0,0,0,0,0,0
0.02602,0.02471,0.024543,0,0,0,0,0,0,0,0,0,0,0,0
0.027792,0.026609,0.024505,0,0,0,0,0,0,0,0,0,0,0,0
0.057454,0.059343,0.055189,0,0,0,0,0,0,0,0,0,0,0,0
0.043823,0.027415,0.024497,0,0,0,0,0,0,0,0,0,0,0,0
0.025592,0.025397,0.025133,0,0,0,0,0,0,0,0,0,0,0,0
0.024424,0.029477,0.024405,0,0,0,0,0,0,0,0,0,0,0,0
0.033692,0.037712,0.02542,0,0,0,0,0,0,0,0,0,0,0,0
0.024685,0.027117,0.024396,0,0,0,0,0,0,0,0,0,0,0,0
0.057996,0.048597,0.046568,0,0,0,0,0,0,0,0,0,0,0,0
0.035798,0.029362,0.024113,0,0,0,0,0,0,0,0,0,0,0,0
0.045893,0.025184,0.034059,0,0,0,0,0,0,0,0,0,0,0,0
0.036262,0.037369,0.035658,0,0,0,0,0,0,0,0,0,0,0,0
0.044779,0.025563,0.024047,0,0,0,0,0,0,0,0,0,0,0,0
0.054312,0.029308,0.024757,0,0,0,0,0,0,0,0,0,0,0,0
0.06887,0.048697,0.057878,0,0,0,0,0,0,0,0,0,0,0,0
0.02921,0.027019,0.025947,0,0,0,0,0,0,0,0,0,0,0,0
0.03656,0.024358,0.033405,0,0,0,0,0,0,0,0,0,0,0,0
0.034889,0.025344,0.024998,0,0,0,0,0,0,0,0,0,0,0,0
0.05053,0.027149,0.02491,0,0,0,0,0,0,0,0,0,0,0,0
0.036132,0.024677,0.02622,0,0,0,0,0,0,0,0,0,0,0,0
0.054947,0.050943,0.049439,0,0,0,0,0,0,0,0,0,0,0,0
0.045621,0.023933,0.024779,0,0,0,0,0,0,0,0,0,0,0,0
0.032777,0.030205,0.024167,0,0,0,0,0,0,0,0,0,0,0,0
0.040656,0.027601,0.029253,0,0,0,0,0,0,0,0,0,0,0,0
0.027576,0.027142,0.024854,0,0,0,0,0,0,0,0,0,0,0,0
0.031388,0.028004,0.027332,0,0,0,0,0,0,0,0,0,0,0,0
0.06228,0.049129,0.05792,0,0,0,0,0,0,0,0,0,0,0,0
0.029305,0.027649,0.035194,0,0,0,0,0,0,0,0,0,0,0,0
0.037523,0.027629,0.035365,0,0,0,0,0,0,0,0,0,0,0,0
0.045074,0.031166,0.024338,0,0,0,0,0,0,0,0,0,0,0,0
0.028767,0.024181,0.024054,0,0,0,0,0,0,0,0,0,0,0,0
0.035239,0.026605,0.027279,0,0,0,0,0,0,0,0,0,0,0,0
0.056908,0.047258,0.04713,0,0,0,0,0,0,0,0,0,0,0,0
0.045061,0.027,0.027547,0,0,0,0,0,0,0,0,0,0,0,0
0.032975,0.032189,0.024109,0,0,0,0,0,0,0,0,0,0,0,0
0.047853,0.025285,0.026496,0,0,0,0,0,0,0,0,0,0,0,0
0.038479,0.034961,0.025246,0,0,0,0,0,0,0,0,0,0,0,0
0.027651,0.028132,0.024012,0,0,0,0,0,0,0,0,0,0,0,0
0.058213,0.051787,0.047394,0,0,0,0,0,0,0,0,0,0,0,0
0.049815,0.025471,0.027415,0,0,0,0,0,0,0,0,0,0,0,0
0.031824,0.026928,0.024667,0,0,0,0,0,0,0,0,0,0,0,0
0.055789,0.035882,0.02563,0,0,0,0,0,0,0,0,0,0,0,0
0.027372,0.035858,0.02725,0,0,0,0,0,0,0,0,0,0,0,0
0.043567,0.02392,0.026923,0,0,0,0,0,0,0,0,0,0,0,0
0.050348,0.072413,0.055888,0,0,0,0,0,0,0,0,0,0,0,0
0.046107,0.034098,0.023983,0,0,0,0,0,0,0,0,0,0,0,0
0.038225,0.030805,0.024615,0,0,0,0,0,0,0,0,0,0,0,0
0.056313,0.029732,0.02509,0,0,0,0,0,0,0,0,0,0,0,0
0.036615,0.030163,0.024223,0,0,0,0,0,0,0,0,0,0,0,0
0.053235,0.02754,0.030328,0,0,0,0,0,0,0,0,0,0,0,0
0.055041,0.064387,0.073465,0,0,0,0,0,0,0,0,0,0,0,0
0.040559,0.035806,0.026834,0,0,0,0,0,0,0,0,0,0,0,0
0.056821,0.035473,0.026283,0,0,0,0,0,0,0,0,0,0,0,0
0.030068,0.036045,0.041225,0,0,0,0,0,0,0,0,0,0,0,0
0.028331,0.027114,0.024026,0,0,0,0,0,0,0,0,0,0,0,0
0.044242,0.025828,0.026195,0,0,0,0,0,0,0,0,0,0,0,0
0.05871,0.054478,0.047905,0,0,0,0,0,0,0,0,0,0,0,0
0.048042,0.02782,0.023346,0,0,0,0,0,0,0,0,0,0,0,0
0.032625,0.027307,0.023517,0,0,0,0,0,0,0,0,0,0,0,0
0.051885,0.027157,0.022988,0,0,0,0,0,0,0,0,0,0,0,0
0.039106,0.037555,0.023311,0,0,0,0,0,0,0,0,0,0,0,0
0.046923,0.026548,0.023339,0,0,0,0,0,0,0,0,0,0,0,0
0.073187,0.054209,0.048853,0,0,0,0,0,0,0,0,0,0,0,0
0.024574,0.047883,0.03619,0,0,0,0,0,0,0,0,0,0,0,0
0.048063,0.02552,0.040202,0,0,0,0,0,0,0,0,0,0,0,0
0.046719,0.028371,0.029573,0,0,0,0,0,0,0,0,0,0,0,0
0.035932,0.026349,0.036915,0,0,0,0,0,0,0,0,0,0,0,0
0.046579,0.031403,0.026693,0,0,0,0,0,0,0,0,0,0,0,0
0.06533,0.062294,0.05034,0,0,0,0,0,0,0,0,0,0,0,0
0.028952,0.041286,0.024651,0,0,0,0,0,0,0,0,0,0,0,0
0.039388,0.030042,0.024115,0,0,0,0,0,0,0,0,0,0,0,0
0.047581,0.026509,0.025148,0,0,0,0,0,0,0,0,0,0,0,0
0.044428,0.024186,0.02579,0,0,0,0,0,0,0,0,0,0,0,0
0.044793,0.026871,0.025894,0,0,0,0,0,0,0,0,0,0,0,0
0.06686,0.047975,0.051486,0,0,0,0,0,0,0,0,0,0,0,0
0.027389,0.03054,0.023796,0,0,0,0,0,0,0,0,0,0,0,0
0.035501,0.028068,0.025667,0,0,0,0,0,0,0,0,0,0,0,0
0.024517,0.030505,0.026339,0,0,0,0,0,0,0,0,0,0,0,0
0.036568,0.027313,0.025321,0,0,0,0,0,0,0,0,0,0,0,0
0.032365,0.036598,0.026321,0,0,0,0,0,0,0,0,0,0,0,0
0.055226,0.05139,0.047637,0,0,0,0,0,0,0,0,0,0,0,0
0.028614,0.02705,0.027468,0,0,0,0,0,0,0,0,0,0,0,0
0.045687,0.026375,0.026745,0,0,0,0,0,0,0,0,0,0,0,0
0.036749,0.025382,0.02691,0,0,0,0,0,0,0,0,0,0,0,0
0.038779,0.026406,0.024268,0,0,0,0,0,0,0,0,0,0,0,0
0.040774,0.025836,0.026036,0,0,0,0,0,0,0,0,0,0,0,0
0.07703,0.059166,0.053318,0,0,0,0,0,0,0,0,0,0,0,0
0.036352,0.035416,0.026538,0,0,0,0,0,0,0,0,0,0,0,0
0.0338,0.027419,0.024397,0,0,0,0,0,0,0,0,0,0,0,0
0.032847,0.024603,0.034173,0,0,0,0,0,0,0,0,0,0,0,0
0.026701,0.029683,0.035326,0,0,0,0,0,0,0,0,0,0,0,0
0.049738,0.026413,0.036717,0,0,0,0,0,0,0,0,0,0,0,0
0.075525,0.060703,0.058014,0,0,0,0,0,0,0,0,0,0,0,0
0.027772,0.031263,0.034528,0,0,0,0,0,0,0,0,0,0,0,0
0.025713,0.027843,0.029247,0,0,0,0,0,0,0,0,0,0,0,0
0.026956,0.026885,0.025697,0,0,0,0,0,0,0,0,0,0,0,0
0.033656,0.025787,0.033631,0,0,0,0,0,0,0,0,0,0,0,0
0.02888,0.025645,0.025651,0,0,0,0,0,0,0,0,0,0,0,0
0.057756,0.059956,0.058706,0,0,0,0,0,0,0,0,0,0,0,0
0.028322,0.032591,0.035825,0,0,0,0,0,0,0,0,0,0,0,0
0.049674,0.038452,0.041206,0,0,0,0,0,0,0,0,0,0,0,0
0.029548,0.024915,0.02424,0,0,0,0,0,0,0,0,0,0,0,0
0.028653,0.02711,0.025758,0,0,0,0,0,0,0,0,0,0,0,0
0.025729,0.026854,0.024168,0,0,0,0,0,0,0,0,0,0,0,0
0.048254,0.051631,0.046499,0,0,0,0,0,0,0,0,0,0,0,0
0.035574,0.03969,0.030688,0,0,0,0,0,0,0,0,0,0,0,0
0.043478,0.035995,0.024434,0,0,0,0,0,0,0,0,0,0,0,0
0.02705,0.027079,0.026786,0,0,0,0,0,0,0,0,0,0,0,0
0.026872,0.036413,0.024222,0,0,0,0,0,0,0,0,0,0,0,0
0.027223,0.03864,0.024593,0,0,0,0,0,0,0,0,0,0,0,0
0.070818,0.057665,0.046699,0,0,0,0,0,0,0,0,0,0,0,0
0.024515,0.027029,0.026433,0,0,0,0,0,0,0,0,0,0,0,0
0.043214,0.027533,0.026611,0,0,0,0,0,0,0,0,0,0,0,0
0.024868,0.028213,0.026756,0,0,0,0,0,0,0,0,0,0,0,0
0.029419,0.040556,0.026917,0,0,0,0,0,0,0,0,0,0,0,0
0.03293,0.02391,0.033068,0,0,0,0,0,0,0,0,0,0,0,0
0.060285,0.051519,0.061039,0,0,0,0,0,0,0,0,0,0,0,0
0.024443,0.025405,0.025075,0,0,0,0,0,0,0,0,0,0,0,0
0.03018,0.025907,0.025104,0,0,0,0,0,0,0,0,0,0,0,0
0.036675,0.027843,0.025969,0,0,0,0,0,0,0,0,0,0,0,0
0.044442,0.026433,0.025405,0,0,0,0,0,0,0,0,0,0,0,0
0.043118,0.027,0.02435,0,0,0,0,0,0,0,0,0,0,0,0
0.077448,0.054346,0.050592,0,0,0,0,0,0,0,0,0,0,0,0
0.033526,0.027493,0.037095,0,0,0,0,0,0,0,0,0,0,0,0
0.024432,0.028651,0.03487,0,0,0,0,0,0,0,0,0,0,0,0
0.046943,0.027084,0.024887,0,0,0,0,0,0,0,0,0,0,0,0
0.027459,0.024952,0.033833,0,0,0,0,0,0,0,0,0,0,0,0
0.025132,0.027548,0.023959,0,0,0,0,0,0,0,0,0,0,0,0
0.081598,0.05766,0.050676,0,0,0,0,0,0,0,0,0,0,0,0
0.038975,0.036997,0.035479,0,0,0,0,0,0,0,0,0,0,0,0
0.035181,0.029873,0.025182,0,0,0,0,0,0,0,0,0,0,0,0
0.032866,0.029874,0.025626,0,0,0,0,0,0,0,0,0,0,0,0
0.032331,0.035145,0.02765,0,0,0,0,0,0,0,0,0,0,0,0
0.033845,0.035777,0.031132,0,0,0,0,0,0,0,0,0,0,0,0
0.060655,0.051526,0.055815,0,0,0,0,0,0,0,0,0,0,0,0
0.032448,0.028581,0.024825,0,0,0,0,0,0,0,0,0,0,0,0
0.043425,0.027183,0.024642,0,0,0,0,0,0,0,0,0,0,0,0
0.03098,0.028501,0.025846,0,0,0,0,0,0,0,0,0,0,0,0
0.034413,0.029653,0.028633,0,0,0,0,0,0,0,0,0,0,0,0
0.041309,0.027075,0.024163,0,0,0,0,0,0,0,0,0,0,0,0
0.066084,0.049182,0.057371,0,0,0,0,0,0,0,0,0,0,0,0
0.039461,0.026842,0.024389,0,0,0,0,0,0,0,0,0,0,0,0
0.024115,0.024571,0.036683,0,0,0,0,0,0,0,0,0,0,0,0
0.036652,0.02686,0.024244,0,0,0,0,0,0,0,0,0,0,0,0
0.03584,0.024895,0.024093,0,0,0,0,0,0,0,0,0,0,0,0
0.04322,0.027927,0.024302,0,0,0,0,0,0,0,0,0,0,0,0
0.061423,0.052966,0.058782,0,0,0,0,0,0,0,0,0,0,0,0
0.052287,0.027772,0.029158,0,0,0,0,0,0,0,0,0,0,0,0
0.042288,0.030085,0.030144,0,0,0,0,0,0,0,0,0,0,0,0
0.036824,0.02855,0.024261,0,0,0,0,0,0,0,0,0,0,0,0
0.049656,0.029531,0.024543,0,0,0,0,0,0,0,0,0,0,0,0
0.055926,0.025046,0.03505,0,0,0,0,0,0,0,0,0,0,0,0
0.052679,0.051048,0.044701,0,0,0,0,0,0,0,0,0,0,0,0
0.038899,0.027298,0.023547,0,0,0,0,0,0,0,0,0,0,0,0
0.03591,0.040351,0.024166,0,0,0,0,0,0,0,0,0,0,0,0
0.033284,0.042239,0.024902,0,0,0,0,0,0,0,0,0,0,0,0
0.034878,0.026053,0.026575,0,0,0,0,0,0,0,0,0,0,0,0
0.034936,0.024644,0.024003,0,0,0,0,0,0,0,0,0,0,0,0
0.055066,0.052412,0.048753,0,0,0,0,0,0,0,0,0,0,0,0
0.030344,0.039071,0.027702,0,0,0,0,0,0,0,0,0,0,0,0
0.028417,0.026941,0.032543,0,0,0,0,0,0,0,0,0,0,0,0
0.031506,0.027587,0.027623,0,0,0,0,0,0,0,0,0,0,0,0
0.02831,0.027074,0.032335,0,0,0,0,0,0,0,0,0,0,0,0
0.049885,0.031403,0.036522,0,0,0,0,0,0,0,0,0,0,0,0
0.064876,0.073066,0.060005,0,0,0,0,0,0,0,0,0,0,0,0
0.048761,0.029639,0.031472,0,0,0,0,0,0,0,0,0,0,0,0
0.048828,0.048015,0.025276,0,0,0,0,0,0,0,0,0,0,0,0
0.048958,0.027128,0.028362,0,0,0,0,0,0,0,0,0,0,0,0
0.035375,0.033939,0.025207,0,0,0,0,0,0,0,0,0,0,0,0
0.038528,0.036259,0.0347,0,0,0,0,0,0,0,0,0,0,0,0
0.059088,0.054351,0.047522,0,0,0,0,0,0,0,0,0,0,0,0
0.051894,0.030796,0.024868,0,0,0,0,0,0,0,0,0,0,0,0
0.032384,0.035906,0.035411,0,0,0,0,0,0,0,0,0,0,0,0
0.035278,0.028066,0.026229,0,0,0,0,0,0,0,0,0,0,0,0
0.037261,0.026905,0.025932,0,0,0,0,0,0,0,0,0,0,0,0
0.036274,0.029429,0.025294,0,0,0,0,0,0,0,0,0,0,0,0
0.063132,0.060415,0.054572,0,0,0,0,0,0,0,0,0,0,0,0
0.032121,0.03643,0.03637,0,0,0,0,0,0,0,0,0,0,0,0
0.038807,0.028876,0.03563,0,0,0,0,0,0,0,0,0,0,0,0
0.047631,0.030573,0.026852,0,0,0,0,0,0,0,0,0,0,0,0
0.035751,0.026559,0.032093,0,0,0,0,0,0,0,0,0,0,0,0
0.032107,0.029826,0.036244,0,0,0,0,0,0,0,0,0,0,0,0
0.074536,0.052864,0.058269,0,0,0,0,0,0,0,0,0,0,0,0
0.038694,0.029346,0.040113,0,0,0,0,0,0,0,0,0,0,0,0
0.035975,0.027777,0.038296,0,0,0,0,0,0,0,0,0,0,0,0
0.03615,0.027559,0.035684,0,0,0,0,0,0,0,0,0,0,0,0
0.035499,0.030712,0.024819,0,0,0,0,0,0,0,0,0,0,0,0
0.046819,0.038802,0.034872,0,0,0,0,0,0,0,0,0,0,0,0
0.058763,0.061885,0.05469,0,0,0,0,0,0,0,0,0,0,0,0
0.033853,0.036466,0.028183,0,0,0,0,0,0,0,0,0,0,0,0
0.031497,0.035679,0.03731,0,0,0,0,0,0,0,0,0,0,0,0
0.047246,0.035468,0.027198,0,0,0,0,0,0,0,0,0,0,0,0
0.035701,0.036383,0.033261,0,0,0,0,0,0,0,0,0,0,0,0
0.049322,0.036624,0.04184,0,0,0,0,0,0,0,0,0,0,0,0
0.072608,0.054182,0.050915,0,0,0,0,0,0,0,0,0,0,0,0
0.036493,0.029474,0.031794,0,0,0,0,0,0,0,0,0,0,0,0
0.042875,0.030356,0.031145,0,0,0,0,0,0,0,0,0,0,0,0
0.031354,0.029765,0.035469,0,0,0,0,0,0,0,0,0,0,0,0
0.032423,0.037095,0.03651,0,0,0,0,0,0,0,0,0,0,0,0
0.035729,0.036031,0.035618,0,0,0,0,0,0,0,0,0,0,0,0
0.064956,0.072521,0.060507,0,0,0,0,0,0,0,0,0,0,0,0
0.044487,0.039896,0.035768,0,0,0,0,0,0,0,0,0,0,0,0
0.059661,0.031234,0.048309,0,0,0,0,0,0,0,0,0,0,0,0
0.047387,0.039456,0.047669,0,0,0,0,0,0,0,0,0,0,0,0
0.030841,0.034172,0.027991,0,0,0,0,0,0,0,0,0,0,0,0
0.042254,0.03572,0.039849,0,0,0,0,0,0,0,0,0,0,0,0
0.07251,0.061665,0.059973,0,0,0,0,0,0,0,0,0,0,0,0
0.046781,0.03592,0.04107,0,0,0,0,0,0,0,0,0,0,0,0
0.025634,0.025865,0.027436,0,0,0,0,0,0,0,0,0,0,0,0
0.026874,0.040684,0.032657,0,0,0,0,0,0,0,0,0,0,0,0
0.025566,0.040398,0.040487,0,0,0,0,0,0,0,0,0,0,0,0
0.047481,0.027245,0.028612,0,0,0,0,0,0,0,0,0,0,0,0
0.049407,0.056752,0.057883,0,0,0,0,0,0,0,0,0,0,0,0
0.037132,0.036594,0.02831,0,0,0,0,0,0,0,0,0,0,0,0
0.041602,0.025435,0.027498,0,0,0,0,0,0,0,0,0,0,0,0
0.054822,0.028551,0.026694,0,0,0,0,0,0,0,0,0,0,0,0
0.027716,0.027588,0.024658,0,0,0,0,0,0,0,0,0,0,0,0
0.026502,0.028602,0.02529,0,0,0,0,0,0,0,0,0,0,0,0
0.050621,0.05084,0.047937,0,0,0,0,0,0,0,0,0,0,0,0
0.050981,0.030572,0.026399,0,0,0,0,0,0,0,0,0,0,0,0
0.044264,0.025918,0.025111,0,0,0,0,0,0,0,0,0,0,0,0
0.027844,0.02761,0.024605,0,0,0,0,0,0,0,0,0,0,0,0
0.024857,0.026628,0.03795,0,0,0,0,0,0,0,0,0,0,0,0
0.025703,0.029237,0.024427,0,0,0,0,0,0,0,0,0,0,0,0
0.06071,0.052512,0.061043,0,0,0,0,0,0,0,0,0,0,0,0
0.026336,0.041846,0.024496,0,0,0,0,0,0,0,0,0,0,0,0
0.031393,0.026368,0.026122,0,0,0,0,0,0,0,0,0,0,0,0
0.03895,0.0341,0.03307,0,0,0,0,0,0,0,0,0,0,0,0
0.044688,0.02671,0.036412,0,0,0,0,0,0,0,0,0,0,0,0
0.030199,0.026402,0.036174,0,0,0,0,0,0,0,0,0,0,0,0
0.071239,0.055149,0.04896,0,0,0,0,0,0,0,0,0,0,0,0
0.028476,0.028362,0.036205,0,0,0,0,0,0,0,0,0,0,0,0
0.046129,0.026614,0.025527,0,0,0,0,0,0,0,0,0,0,0,0
0.026024,0.025045,0.023807,0,0,0,0,0,0,0,0,0,0,0,0
0.025888,0.028105,0.023398,0,0,0,0,0,0,0,0,0,0,0,0
0.057714,0.028275,0.025695,0,0,0,0,0,0,0,0,0,0,0,0
0.05385,0.049347,0.057422,0,0,0,0,0,0,0,0,0,0,0,0
0.041534,0.031865,0.027035,0,0,0,0,0,0,0,0,0,0,0,0
0.027391,0.028505,0.029034,0,0,0,0,0,0,0,0,0,0,0,0
0.047432,0.028845,0.030665,0,0,0,0,0,0,0,0,0,0,0,0
0.043582,0.030076,0.028192,0,0,0,0,0,0,0,0,0,0,0,0
0.028492,0.028287,0.032992,0,0,0,0,0,0,0,0,0,0,0,0
0.06172,0.069231,0.05733,0,0,0,0,0,0,0,0,0,0,0,0
0.028441,0.027739,0.036504,0,0,0,0,0,0,0,0,0,0,0,0
0.024537,0.028773,0.024501,0,0,0,0,0,0,0,0,0,0,0,0
0.035236,0.030572,0.027151,0,0,0,0,0,0,0,0,0,0,0,0
0.042217,0.031494,0.027213,0,0,0,0,0,0,0,0,0,0,0,0
0.039367,0.029228,0.029484,0,0,0,0,0,0,0,0,0,0,0,0
0.060777,0.058422,0.062184,0,0,0,0,0,0,0,0,0,0,0,0
0.038243,0.025733,0.026308,0,0,0,0,0,0,0,0,0,0,0,0
0.026831,0.026461,0.031932,0,0,0,0,0,0,0,0,0,0,0,0
0.04557,0.026359,0.028547,0,0,0,0,0,0,0,0,0,0,0,0
0.028869,0.026682,0.027027,0,0,0,0,0,0,0,0,0,0,0,0
0.027317,0.024479,0.027313,0,0,0,0,0,0,0,0,0,0,0,0
0.054458,0.057562,0.055393,0,0,0,0,0,0,0,0,0,0,0,0
0.033045,0.028055,0.028811,0,0,0,0,0,0,0,0,0,0,0,0
0.027122,0.027839,0.029363,0,0,0,0,0,0,0,0,0,0,0,0
0.02457,0.02727,0.026184,0,0,0,0,0,0,0,0,0,0,0,0
0.026102,0.025319,0.027965,0,0,0,0,0,0,0,0,0,0,0,0
0.042781,0.036179,0.026652,0,0,0,0,0,0,0,0,0,0,0,0
0.051279,0.062217,0.054728,0,0,0,0,0,0,0,0,0,0,0,0
0.02748,0.028745,0.035406,0,0,0,0,0,0,0,0,0,0,0,0
0.027045,0.031668,0.024716,0,0,0,0,0,0,0,0,0,0,0,0
0.028721,0.029528,0.027589,0,0,0,0,0,0,0,0,0,0,0,0
0.03505,0.042469,0.026512,0,0,0,0,0,0,0,0,0,0,0,0
0.050081,0.028102,0.027183,0,0,0,0,0,0,0,0,0,0,0,0
0.051831,0.061661,0.047494,0,0,0,0,0,0,0,0,0,0,0,0
0.037145,0.028783,0.027653,0,0,0,0,0,0,0,0,0,0,0,0
0.046199,0.027286,0.026812,0,0,0,0,0,0,0,0,0,0,0,0
0.031486,0.036149,0.044545,0,0,0,0,0,0,0,0,0,0,0,0
0.027385,0.026059,0.036455,0,0,0,0,0,0,0,0,0,0,0,0
0.031034,0.026541,0.02671,0,0,0,0,0,0,0,0,0,0,0,0
0.067069,0.047187,0.049897,0,0,0,0,0,0,0,0,0,0,0,0
0.040276,0.026572,0.032691,0,0,0,0,0,0,0,0,0,0,0,0
0.024371,0.026697,0.032046,0,0,0,0,0,0,0,0,0,0,0,0
0.042261,0.028512,0.027395,0,0,0,0,0,0,0,0,0,0,0,0
0.037043,0.02767,0.023579,0,0,0,0,0,0,0,0,0,0,0,0
0.034218,0.026897,0.035664,0,0,0,0,0,0,0,0,0,0,0,0
0.050746,0.053238,0.044921,0,0,0,0,0,0,0,0,0,0,0,0
0.038541,0.027469,0.027282,0,0,0,0,0,0,0,0,0,0,0,0
0.044335,0.033151,0.025116,0,0,0,0,0,0,0,0,0,0,0,0
0.026422,0.034013,0.024357,0,0,0,0,0,0,0,0,0,0,0,0
0.031446,0.026061,0.024952,0,0,0,0,0,0,0,0,0,0,0,0
0.037997,0.027557,0.025057,0,0,0,0,0,0,0,0,0,0,0,0
0.065704,0.052892,0.04748,0,0,0,0,0,0,0,0,0,0,0,0
0.026269,0.029788,0.023915,0,0,0,0,0,0,0,0,0,0,0,0
0.047895,0.026324,0.033075,0,0,0,0,0,0,0,0,0,0,0,0
0.030124,0.027711,0.026469,0,0,0,0,0,0,0,0,0,0,0,0
0.029177,0.026686,0.026597,0,0,0,0,0,0,0,0,0,0,0,0
0.033123,0.031047,0.027324,0,0,0,0,0,0,0,0,0,0,0,0
0.06281,0.067972,0.058962,0,0,0,0,0,0,0,0,0,0,0,0
0.045355,0.028917,0.029578,0,0,0,0,0,0,0,0,0,0,0,0
0.049753,0.030056,0.025808,0,0,0,0,0,0,0,0,0,0,0,0
0.045105,0.027945,0.030278,0,0,0,0,0,0,0,0,0,0,0,0
0.032998,0.030457,0.029657,0,0,0,0,0,0,0,0,0,0,0,0
0.03056,0.04054,0.033942,0,0,0,0,0,0,0,0,0,0,0,0
0.089046,0.050118,0.057014,0,0,0,0,0,0,0,0,0,0,0,0
0.047291,0.02746,0.030198,0,0,0,0,0,0,0,0,0,0,0,0
0.030722,0.025834,0.028466,0,0,0,0,0,0,0,0,0,0,0,0
0.030448,0.026659,0.028626,0,0,0,0,0,0,0,0,0,0,0,0
0.029159,0.026957,0.026354,0,0,0,0,0,0,0,0,0,0,0,0
0.034498,0.027041,0.026222,0,0,0,0,0,0,0,0,0,0,0,0
0.070746,0.049266,0.050748,0,0,0,0,0,0,0,0,0,0,0,0
0.031377,0.031531,0.025202,0,0,0,0,0,0,0,0,0,0,0,0
0.033335,0.026486,0.025919,0,0,0,0,0,0,0,0,0,0,0,0
0.030692,0.033657,0.025957,0,0,0,0,0,0,0,0,0,0,0,0
0.050448,0.02737,0.027751,0,0,0,0,0,0,0,0,0,0,0,0
0.025285,0.0303,0.030924,0,0,0,0,0,0,0,0,0,0,0,0
0.071629,0.075088,0.060712,0,0,0,0,0,0,0,0,0,0,0,0
0.036102,0.029389,0.029897,0,0,0,0,0,0,0,0,0,0,0,0
0.036567,0.027573,0.024223,0,0,0,0,0,0,0,0,0,0,0,0
NaN,NaN,NaN,0,0,0,0,0,0,0,0,0,0,0,0
NaN,NaN,NaN,0,0,0,0,0,0,0,0,0,0,0,0
NaN,NaN,NaN,0,0,0,0,0,0,0,0,0,0,0,0
NaN,NaN,NaN,0,0,0,0,0,0,0,0,0,0,0,0
1.0669,1.042,1.0204,0,0,0,0,0,0,0,0,0,0,0,0
0.1696,0.1424,0.14196,0,0,0,0,0,0,0,0,0,0,0,0
0.088283,0.072994,0.073303,0,0,0,0,0,0,0,0,0,0,0,0
0.092496,0.061808,0.059974,0,0,0,0,0,0,0,0,0,0,0,0
0.08648,0.085156,0.085072,0,0,0,0,0,0,0,0,0,0,0,0
0.085109,0.073284,0.069408,0,0,0,0,0,0,0,0,0,0,0,0
0.04599,0.047756,0.041776,0,0,0,0,0,0,0,0,0,0,0,0
0.051512,0.053028,0.040541,0,0,0,0,0,0,0,0,0,0,0,0
0.041198,0.043845,0.04466,0,0,0,0,0,0,0,0,0,0,0,0
0.026661,0.024537,0.023669,0,0,0,0,0,0,0,0,0,0,0,0
0.03227,0.023832,0.024232,0,0,0,0,0,0,0,0,0,0,0,0
0.030752,0.025101,0.025139,0,0,0,0,0,0,0,0,0,0,0,0
0.04651,0.025764,0.02456,0,0,0,0,0,0,0,0,0,0,0,0
0.036521,0.024416,0.021998,0,0,0,0,0,0,0,0,0,0,0,0
0.051166,0.046019,0.048567,0,0,0,0,0,0,0,0,0,0,0,0
0.024566,0.023936,0.022289,0,0,0,0,0,0,0,0,0,0,0,0
0.025468,0.023111,0.021517,0,0,0,0,0,0,0,0,0,0,0,0
0.027801,0.024132,0.023453,0,0,0,0,0,0,0,0,0,0,0,0
0.043528,0.036061,0.022393,0,0,0,0,0,0,0,0,0,0,0,0
0.043405,0.024279,0.021809,0,0,0,0,0,0,0,0,0,0,0,0
0.054203,0.04978,0.041096,0,0,0,0,0,0,0,0,0,0,0,0
0.043323,0.031019,0.034639,0,0,0,0,0,0,0,0,0,0,0,0
0.032781,0.024186,0.020883,0,0,0,0,0,0,0,0,0,0,0,0
0.043083,0.023742,0.021853,0,0,0,0,0,0,0,0,0,0,0,0
0.036641,0.021572,0.021222,0,0,0,0,0,0,0,0,0,0,0,0
0.024265,0.022372,0.02324,0,0,0,0,0,0,0,0,0,0,0,0
0.04899,0.040673,0.040561,0,0,0,0,0,0,0,0,0,0,0,0
0.026437,0.024286,0.022336,0,0,0,0,0,0,0,0,0,0,0,0
0.04023,0.023507,0.022,0,0,0,0,0,0,0,0,0,0,0,0
0.044226,0.028141,0.021828,0,0,0,0,0,0,0,0,0,0,0,0
0.043034,0.030815,0.032228,0,0,0,0,0,0,0,0,0,0,0,0
0.0468,0.029016,0.027443,0,0,0,0,0,0,0,0,0,0,0,0
0.060922,0.048758,0.049589,0,0,0,0,0,0,0,0,0,0,0,0
0.030095,0.029752,0.025935,0,0,0,0,0,0,0,0,0,0,0,0
0.031411,0.031878,0.030009,0,0,0,0,0,0,0,0,0,0,0,0
0.024508,0.025377,0.022104,0,0,0,0,0,0,0,0,0,0,0,0
0.026576,0.0227,0.022062,0,0,0,0,0,0,0,0,0,0,0,0
0.027966,0.021847,0.022929,0,0,0,0,0,0,0,0,0,0,0,0
0.049453,0.050239,0.042746,0,0,0,0,0,0,0,0,0,0,0,0
0.026816,0.024422,0.022218,0,0,0,0,0,0,0,0,0,0,0,0
0.036783,0.022503,0.028091,0,0,0,0,0,0,0,0,0,0,0,0
0.044393,0.023474,0.028107,0,0,0,0,0,0,0,0,0,0,0,0
