0.99568
0.13108
0.065249
0.049817
0.083087
0.076191
0.039515
0.041991
0.038902
0.022761
0.02508
0.015294
0.015662
0.015792
0.038836
0.01597
0.019863
0.014895
0.014694
0.018019
0.032877
0.014672
0.014452
0.014938
0.015939
0.015709
0.032841
0.01459
0.015852
0.015617
0.031148
0.01717
0.043475
0.023877
0.023579
0.016333
0.014674
0.016746
0.033233
0.014788
0.014072
0.014526
0.01588
0.017817
0.048992
0.018906
0.014757
0.015462
0.015719
0.015857
0.031821
0.018802
0.015719
0.022086
0.016436
0.02047
0.049555
0.020493
0.015802
0.023172
0.015926
0.017979
0.032999
0.015447
0.015594
0.016182
0.031328
0.023607
0.035567
0.027575
0.022252
0.015409
0.014416
0.015915
0.031456
0.015665
0.014718
0.026046
0.014099
0.014385
0.029487
0.025397
0.015855
0.014609
0.014261
0.014393
0.029992
0.015624
0.015267
0.015521
0.015182
0.019096
0.032131
0.015424
0.023617
0.013852
0.021124
0.016021
0.029691
0.014058
0.015364
0.037004
0.016725
0.01652
0.035832
0.016997
0.015745
0.02092
0.024485
0.024509
0.031349
0.016505
0.015674
0.014631
0.015459
0.014812
0.031527
0.015495
0.015157
0.015129
0.014242
0.014954
0.029891
0.014499
0.014682
0.013167
0.014979
0.014027
0.039009
0.014618
0.015214
0.014838
0.016242
0.013836
0.028535
0.013314
0.026632
0.01541
0.015365
0.014077
0.028981
0.014542
0.013525
0.014607
0.015462
0.015581
0.030775
0.014449
0.014551
0.014178
0.015846
0.015147
0.040703
0.023816
0.015746
0.016776
0.015274
0.015181
0.031305
0.014348
0.015827
0.01536
0.014494
0.026847
0.030088
0.015415
0.015061
0.014352
0.013831
0.01602
0.031912
0.016032
0.014509
0.014966
0.014701
0.014482
0.039537
0.014774
0.016109
0.015473
0.015418
0.014153
0.030725
0.015596
0.014216
0.01539
0.015625
0.015809
0.03166
0.014001
0.01521
0.015321
0.016537
0.015215
0.03039
0.014925
0.014364
0.014329
0.024132
0.014602
0.057469
0.018141
0.028238
0.017186
0.016229
0.015876
0.031273
0.0156
0.015005
0.013913
0.014175
0.014748
0.029073
0.015615
0.014802
0.014568
0.014548
0.014845
0.037505
0.015996
0.014771
0.01432
0.024769
0.015617
0.031678
0.013719
0.014073
0.020371
0.013422
0.014922
0.031914
0.018
0.01603
0.015557
0.016564
0.014491
0.03184
0.014667
0.014228
0.014903
0.015194
0.014227
0.029599
0.014
0.015261
0.017314
0.016248
0.014751
0.032121
0.014154
0.015988
0.015902
0.016201
0.01515
0.030577
0.01493
0.015082
0.024232
0.014381
0.017543
0.029689
0.015936
0.015333
0.016014
0.015137
0.013975
0.030981
0.014067
0.015695
0.015134
0.016088
0.015012
0.031207
0.016323
0.015467
0.015463
0.01567
0.026778
0.030559
0.01423
0.014195
0.01406
0.014542
0.015031
0.031002
0.022458
0.01518
0.013896
0.01396
0.015135
0.041146
0.01397
0.015518
0.014011
0.014124
0.0149
0.031173
0.014735
0.014675
0.015072
0.014944
0.015607
0.029755
0.013674
0.013928
0.013307
0.013959
0.024931
0.0377
0.023947
0.013979
0.013746
0.014303
0.015805
0.03884
0.01596
0.014539
0.013769
0.013935
0.015798
0.029512
0.014173
0.015912
0.023588
0.01426
0.014242
0.032314
0.015466
0.013866
0.015395
0.014847
0.013998
0.030445
0.01374
0.016911
0.015421
0.019761
0.016008
0.031438
0.025428
0.016063
0.01517
0.014096
0.013646
0.030159
0.019996
0.024014
0.023911
0.013569
0.01341
0.028466
0.013667
0.013365
0.026839
0.023999
0.015027
0.031852
0.015374
0.013604
0.016736
0.017005
0.015603
0.036208
0.01592
0.014079
0.015181
