1.237
0.15688
0.094571
0.079127
NaN
0.09891
NaN
0.089564
0.060247
NaN
0.051775
0.053573
0.027261
0.027492
0.040615
0.030391
0.027025
0.054209
0.028463
0.027703
0.026969
0.026784
0.026095
0.053282
0.028187
0.040122
0.027244
0.03392
0.036053
0.051629
0.027078
0.028542
0.026413
0.046201
0.035733
0.058241
0.040226
0.035859
0.029467
0.028225
0.027373
0.058691
0.029149
0.03238
0.038932
0.02729
0.02787
0.054119
0.027914
0.026179
0.025421
0.036939
0.02451
0.051131
0.026193
0.025073
0.03
0.036199
0.050572
0.054881
0.027785
0.035847
0.041726
0.024946
0.023898
0.050402
0.025995
0.037319
0.025736
0.034027
0.030983
0.055018
NaN
0.027404
0.02743
0.031082
0.027554
0.027555
0.056161
0.026332
0.026989
0.028032
0.026809
0.032753
0.049649
0.025516
0.026918
0.026119
0.024788
0.0281
0.049495
0.024297
0.026821
0.024228
0.033692
0.024397
0.04955
0.024854
0.02344
0.024344
0.024788
0.025734
0.058396
0.027106
0.027496
0.026796
0.027132
0.024665
0.048538
0.024007
0.02387
0.023932
0.02481
0.035025
0.064041
0.025617
0.025733
0.025154
0.024203
0.025726
0.053821
0.024317
0.023136
0.024361
0.025859
0.025496
0.051074
0.02681
0.024337
0.027629
0.025449
0.024939
0.049951
0.024634
0.024565
0.026633
0.026922
0.0256
0.054578
0.02676
0.029024
0.024841
0.025772
0.023396
0.057661
0.023563
0.025033
0.036368
0.035639
0.025192
0.046183
0.024141
0.024224
0.024904
0.024008
0.025532
0.048371
0.04619
0.026261
0.023338
0.024116
0.023828
0.047338
0.023855
0.02361
0.024119
0.038085
0.023887
0.045881
0.024309
0.038425
0.035492
0.023008
0.025436
0.048218
0.025615
0.022931
0.036166
0.022163
0.024037
0.05154
0.033445
0.023688
0.023104
0.023759
0.038045
0.047896
0.025029
0.024014
0.036008
0.024896
0.036452
0.047949
0.0217
0.02361
0.024207
0.024364
0.024177
0.044399
0.024577
0.024237
0.030392
0.024202
0.034423
0.061905
NaN
0.023893
0.034196
0.025327
0.025183
0.03232
0.051463
0.024408
0.023462
0.024432
0.024571
0.024013
0.054691
0.035911
0.0378
0.026227
0.025334
0.026759
0.051056
0.024103
0.024397
0.024723
0.026898
0.025292
0.049059
0.024635
0.034236
0.022239
0.024852
0.024093
0.055855
0.029568
0.022746
0.024138
0.037336
0.022961
0.048331
0.030096
0.029609
0.033274
0.025452
0.025301
0.050255
0.025138
0.032263
NaN
NaN
NaN
NaN
1.2209
0.1533
0.092408
0.067337
0.10637
NaN
0.083565
NaN
0.060542
0.054443
0.055855
NaN
0.037944
0.032075
0.026871
0.026543
0.026876
0.056982
0.037297
0.024288
0.036173
0.024007
0.027395
0.056713
0.027485
0.025793
0.025495
0.024163
0.02809
0.051065
0.030405
0.024839
0.029459
0.049618
0.030557
0.065659
0.02889
0.039209
0.027447
0.025301
0.027907
0.050077
0.025559
0.037638
0.036088
0.023952
0.02766
0.051055
0.039304
0.024456
0.038675
0.025233
0.033704
0.051507
0.025163
0.02588
0.027335
0.038768
0.028195
0.055988
0.036047
0.024098
0.036437
0.026371
0.033097
0.048486
0.024848
0.026544
0.026159
0.025452
0.026156
0.055988
0.034086
0.025255
0.025905
0.024551
0.026137
0.05309
NaN
0.026243
0.03432
0.02492
0.025006
0.026198
0.049567
0.031399
0.035919
0.028214
0.026518
0.027894
0.055413
0.026593
0.024809
0.026522
0.025019
0.030311
0.056269
0.035878
0.029954
0.038435
0.027385
0.026985
0.058614
0.026617
0.0256
0.026972
0.025307
0.03932
0.048641
0.027137
0.026058
0.027389
0.026789
0.027537
0.048272
0.026262
0.025334
0.028917
0.038818
0.028714
0.056723
0.03651
0.027456
0.030292
0.026295
0.027095
0.05166
0.026231
0.027636
0.027118
0.026871
0.031035
0.0496
0.025237
0.025506
0.032245
0.035202
0.028623
0.055479
0.030667
0.02765
0.027159
0.028638
0.028624
0.056587
0.030916
0.025143
0.030001
0.026721
0.030223
0.057152
0.029528
0.027515
0.027616
0.024583
0.0274
0.049496
0.028658
0.027015
0.027969
0.033194
0.029752
0.048449
0.02787
0.027427
0.02706
0.025529
0.028977
0.050191
0.024468
0.024199
0.024443
0.023161
0.024238
0.046615
0.026774
0.025296
0.028518
0.025395
0.026517
0.057431
NaN
0.028527
0.027451
0.026957
0.026275
0.027621
0.049675
0.028517
0.025853
0.025803
0.025903
0.028022
0.048676
0.027942
0.023184
0.028957
0.032978
0.027115
0.055395
0.030585
0.035424
0.02701
0.022784
0.024731
0.046209
0.024921
0.023781
0.02521
0.022999
0.024753
0.056101
0.035625
0.024203
0.029456
0.02602
0.034339
0.05318
0.037258
0.023068
0.02566
0.034453
0.036228
0.048687
0.036805
0.022435
0.023344
0.025062
0.023584
0.050972
0.025146
0.024046
0.02348
0.023895
0.023925
0.050646
0.024995
0.02423
0.024355
0.028435
0.024474
0.048028
0.02732
0.024144
0.023945
0.024235
0.030725
0.060276
0.026271
0.031347
0.024822
0.035969
0.026287
0.056111
0.031179
0.032413
0.027839
0.033074
0.025778
0.050982
0.033944
0.035936
0.037614
0.024202
0.0268
0.056722
0.035917
0.024576
0.028006
0.025163
0.029193
0.062504
NaN
0.034034
0.026096
0.024897
0.024618
0.034531
0.050467
0.025076
0.023061
0.024123
0.022728
0.023977
0.050277
0.025041
0.024816
0.024135
0.024291
0.032092
0.050418
0.036001
0.024215
0.025668
0.023797
0.025057
0.048008
0.033684
0.023206
0.024814
0.024236
0.024916
0.048695
0.032076
0.03632
0.024322
0.02319
0.02473
0.048627
0.024851
0.023305
0.024876
0.023491
0.025757
0.049471
0.024744
0.022779
0.024841
0.023943
0.024624
0.048147
0.023974
0.024776
0.024313
0.022853
0.028093
0.045331
0.024132
0.0227
0.035926
0.022893
0.024497
0.048709
0.035067
0.023614
0.036332
0.02267
0.023867
0.046663
0.024134
0.024119
0.038393
0.02395
0.03676
0.04927
0.035478
0.023254
0.036294
0.023104
0.024439
0.048147
0.027261
0.022054
0.024435
0.022948
0.024633
0.047645
0.025365
0.024601
0.024254
0.022317
0.025043
0.047072
0.024351
0.02309
0.024009
0.023958
0.024767
0.044566
0.025767
0.032548
0.024066
0.035165
0.023991
0.045963
0.024363
0.022965
0.023834
0.022108
0.023776
0.05431
0.02352
0.023233
0.023397
0.022382
0.024821
0.0505
0.023804
0.022532
0.024114
0.022354
0.025179
0.045592
0.02537
0.02265
0.023742
0.022495
0.023909
0.046293
0.024144
0.022808
0.023985
0.022081
0.025737
0.055655
0.02695
0.028789
0.025983
0.038222
0.025194
0.054071
0.036911
0.024852
0.023721
0.034214
0.024298
0.049635
0.024514
0.024072
0.02451
0.023065
0.025992
0.056408
0.032353
0.02302
0.024119
0.02945
0.024089
0.05396
0.02567
0.029128
0.024106
0.023831
0.023696
0.047905
0.02747
0.025782
0.027383
0.025078
0.027213
0.060704
0.026435
0.032928
0.026444
0.025125
0.026563
0.045674
0.026175
0.028431
0.026653
0.026268
0.02718
0.055499
NaN
0.029644
0.027152
0.030245
0.026265
0.027349
0.054634
0.026623
0.02536
0.027149
0.026027
0.026983
0.053529
0.029232
0.037709
0.030164
0.028044
0.027082
0.057501
0.029153
0.028159
0.029538
0.026752
0.030199
0.052111
0.026833
0.026851
0.026371
0.028175
0.027518
0.051784
0.029308
0.024778
0.02741
0.025737
0.026266
0.047988
0.02674
0.024806
0.027024
0.025832
0.02727
0.051738
0.027078
0.026114
0.026884
0.025264
0.027756
0.046302
0.033812
0.025255
0.027564
0.030799
0.027039
0.048736
0.030593
0.025289
0.027424
0.032241
0.028135
0.052769
0.039073
0.043622
0.026978
0.027129
0.025796
0.045575
0.026656
0.030882
0.034618
0.025168
0.027661
0.05608
0.035919
0.036108
0.028967
0.031051
0.028584
0.057044
0.028172
0.026528
0.027338
0.036321
0.028133
0.056242
0.034843
0.026588
0.028974
0.026482
0.027958
0.057756
NaN
0.027479
0.026836
0.037341
0.028939
0.027607
0.057508
0.040119
0.025836
0.026827
0.031698
0.03589
0.049446
0.027308
0.025796
0.025779
0.026321
0.026121
0.048267
0.026096
0.025703
0.025449
0.025104
0.025896
0.048568
0.037729
0.035872
0.027156
0.02704
0.025693
0.045296
0.023751
0.025435
0.038084
0.037772
0.027073
0.05985
0.027241
0.026728
0.028079
0.038934
0.028312
0.073416
0.027785
0.02687
0.033205
0.024584
0.029517
0.053066
0.036416
0.024013
0.025881
0.034078
0.035717
0.047425
0.025356
0.035862
0.0259
0.033756
0.034859
0.048592
0.025841
0.02824
0.029824
0.036304
0.035256
0.047769
0.025985
0.024118
0.025177
0.0245
0.030475
0.047727
0.027266
0.024162
0.026371
0.02839
0.025975
0.049775
0.032361
0.025825
0.026825
0.024815
0.025108
0.046679
0.026026
0.024935
0.027519
0.025573
0.0268
0.04791
0.027291
0.025955
0.026615
0.025373
0.025284
0.066133
NaN
0.028367
0.026931
0.027878
0.025705
0.028701
0.051443
0.026546
0.025027
0.026429
0.025442
0.025752
0.046482
0.025784
0.046584
0.025393
0.032792
0.026697
0.049192
0.033506
0.024826
0.026956
0.025459
0.025417
0.046425
0.02701
0.024894
0.025421
0.025387
0.024702
0.046769
0.034374
0.024614
0.026096
0.024772
0.025709
NaN
NaN
NaN
NaN
1.1848
0.15069
0.090279
0.068647
0.096935
NaN
0.082026
NaN
0.058766
0.051987
0.050462
0.026649
0.026072
0.024549
0.036701
0.028826
0.049419
0.032081
0.036229
0.025251
0.023748
0.034401
0.044966
0.026958
0.026714
0.029311
0.026786
0.028147
NaN
NaN
NaN
NaN
1.1706
0.15772
0.087773
0.07328
0.1018
NaN
NaN
0.089439
0.061807
NaN
0.0584
0.058881
0.033321
0.027086
0.027122
0.026067
0.044484
0.049802
0.025759
0.022817
0.026169
0.023562
0.028979
0.050898
0.027865
0.025752
0.024662
0.023715
0.027569
0.048104
0.02544
0.02451
