1
387.0000,473.0000,446.0000,473.0000,446.0000,536.0000,387.0000,536.0000
393.0000,469.0000,451.0000,469.0000,451.0000,530.0000,393.0000,530.0000
393.0000,469.0000,451.0000,469.0000,451.0000,530.0000,393.0000,530.0000
403.0000,462.0000,459.0000,462.0000,459.0000,523.0000,403.0000,523.0000
403.0000,462.0000,459.0000,462.0000,459.0000,523.0000,403.0000,523.0000
403.0000,462.0000,459.0000,462.0000,459.0000,523.0000,403.0000,523.0000
398.0000,459.0000,454.0000,459.0000,454.0000,519.0000,398.0000,519.0000
398.0000,459.0000,454.0000,459.0000,454.0000,519.0000,398.0000,519.0000
375.0000,477.0000,431.0000,477.0000,431.0000,537.0000,375.0000,537.0000
375.0000,477.0000,431.0000,477.0000,431.0000,537.0000,375.0000,537.0000
393.0000,507.0000,448.0000,507.0000,448.0000,566.0000,393.0000,566.0000
408.0000,501.0000,464.0000,501.0000,464.0000,561.0000,408.0000,561.0000
408.0000,501.0000,464.0000,501.0000,464.0000,561.0000,408.0000,561.0000
2
0
0
0
0
1
924.0000,386.0000,995.0000,386.0000,995.0000,427.0000,924.0000,427.0000
985.0000,376.0000,1055.0000,376.0000,1055.0000,417.0000,985.0000,417.0000
985.0000,376.0000,1055.0000,376.0000,1055.0000,417.0000,985.0000,417.0000
1042.0000,371.0000,1112.0000,371.0000,1112.0000,412.0000,1042.0000,412.0000
0
2
0
0
0
0
1
1470.0000,293.0000,1527.0000,293.0000,1527.0000,329.0000,1470.0000,329.0000
1506.0000,286.0000,1563.0000,286.0000,1563.0000,323.0000,1506.0000,323.0000
1506.0000,286.0000,1563.0000,286.0000,1563.0000,323.0000,1506.0000,323.0000
1496.0000,290.0000,1553.0000,290.0000,1553.0000,326.0000,1496.0000,326.0000
1496.0000,290.0000,1553.0000,290.0000,1553.0000,326.0000,1496.0000,326.0000
1518.0000,297.0000,1573.0000,297.0000,1573.0000,332.0000,1518.0000,332.0000
1518.0000,297.0000,1573.0000,297.0000,1573.0000,332.0000,1518.0000,332.0000
1535.0000,303.0000,1593.0000,303.0000,1593.0000,339.0000,1535.0000,339.0000
1535.0000,303.0000,1593.0000,303.0000,1593.0000,339.0000,1535.0000,339.0000
1567.0000,324.0000,1624.0000,324.0000,1624.0000,360.0000,1567.0000,360.0000
1590.0000,317.0000,1647.0000,317.0000,1647.0000,353.0000,1590.0000,353.0000
1590.0000,317.0000,1647.0000,317.0000,1647.0000,353.0000,1590.0000,353.0000
1593.0000,322.0000,1649.0000,322.0000,1649.0000,358.0000,1593.0000,358.0000
1594.0000,306.0000,1652.0000,306.0000,1652.0000,343.0000,1594.0000,343.0000
1594.0000,295.0000,1652.0000,295.0000,1652.0000,332.0000,1594.0000,332.0000
1594.0000,288.0000,1653.0000,288.0000,1653.0000,326.0000,1594.0000,326.0000
1597.0000,295.0000,1656.0000,295.0000,1656.0000,332.0000,1597.0000,332.0000
1594.0000,287.0000,1653.0000,287.0000,1653.0000,324.0000,1594.0000,324.0000
1591.0000,275.0000,1650.0000,275.0000,1650.0000,312.0000,1591.0000,312.0000
1589.0000,268.0000,1648.0000,268.0000,1648.0000,305.0000,1589.0000,305.0000
1589.0000,255.0000,1649.0000,255.0000,1649.0000,292.0000,1589.0000,292.0000
1590.0000,247.0000,1651.0000,247.0000,1651.0000,285.0000,1590.0000,285.0000
1592.0000,241.0000,1650.0000,241.0000,1650.0000,278.0000,1592.0000,278.0000
1587.0000,230.0000,1645.0000,230.0000,1645.0000,266.0000,1587.0000,266.0000
1587.0000,230.0000,1645.0000,230.0000,1645.0000,266.0000,1587.0000,266.0000
1588.0000,226.0000,1646.0000,226.0000,1646.0000,263.0000,1588.0000,263.0000
1612.0000,227.0000,1670.0000,227.0000,1670.0000,263.0000,1612.0000,263.0000
1611.0000,223.0000,1668.0000,223.0000,1668.0000,259.0000,1611.0000,259.0000
1608.0000,219.0000,1666.0000,219.0000,1666.0000,256.0000,1608.0000,256.0000
1604.0000,207.0000,1662.0000,207.0000,1662.0000,244.0000,1604.0000,244.0000
1613.0000,215.0000,1672.0000,215.0000,1672.0000,252.0000,1613.0000,252.0000
1602.0000,214.0000,1662.0000,214.0000,1662.0000,252.0000,1602.0000,252.0000
1591.0000,213.0000,1654.0000,213.0000,1654.0000,252.0000,1591.0000,252.0000
1584.0000,212.0000,1646.0000,212.0000,1646.0000,251.0000,1584.0000,251.0000
1582.0000,209.0000,1644.0000,209.0000,1644.0000,248.0000,1582.0000,248.0000
1582.0000,209.0000,1644.0000,209.0000,1644.0000,248.0000,1582.0000,248.0000
1575.0000,210.0000,1638.0000,210.0000,1638.0000,250.0000,1575.0000,250.0000
1570.0000,210.0000,1633.0000,210.0000,1633.0000,250.0000,1570.0000,250.0000
2
0
0
0
0
1
1178.0000,261.0000,1251.0000,261.0000,1251.0000,313.0000,1178.0000,313.0000
1128.0000,271.0000,1204.0000,271.0000,1204.0000,324.0000,1128.0000,324.0000
1128.0000,271.0000,1204.0000,271.0000,1204.0000,324.0000,1128.0000,324.0000
1079.0000,282.0000,1155.0000,282.0000,1155.0000,335.0000,1079.0000,335.0000
2
985.0000,303.0000,1062.0000,303.0000,1062.0000,357.0000,985.0000,357.0000
0
0
0
0
1
654.0000,412.0000,736.0000,412.0000,736.0000,479.0000,654.0000,479.0000
610.0000,431.0000,693.0000,431.0000,693.0000,499.0000,610.0000,499.0000
610.0000,431.0000,693.0000,431.0000,693.0000,499.0000,610.0000,499.0000
565.0000,450.0000,648.0000,450.0000,648.0000,517.0000,565.0000,517.0000
2
0
479.0000,491.0000,563.0000,491.0000,563.0000,560.0000,479.0000,560.0000
0
0
0
0
1
415.0000,555.0000,470.0000,555.0000,470.0000,624.0000,415.0000,624.0000
410.0000,555.0000,466.0000,555.0000,466.0000,624.0000,410.0000,624.0000
410.0000,555.0000,466.0000,555.0000,466.0000,624.0000,410.0000,624.0000
401.0000,556.0000,457.0000,556.0000,457.0000,624.0000,401.0000,624.0000
401.0000,556.0000,457.0000,556.0000,457.0000,624.0000,401.0000,624.0000
404.0000,557.0000,460.0000,557.0000,460.0000,627.0000,404.0000,627.0000
404.0000,557.0000,460.0000,557.0000,460.0000,627.0000,404.0000,627.0000
394.0000,544.0000,449.0000,544.0000,449.0000,612.0000,394.0000,612.0000
394.0000,544.0000,449.0000,544.0000,449.0000,612.0000,394.0000,612.0000
415.0000,541.0000,470.0000,541.0000,470.0000,608.0000,415.0000,608.0000
415.0000,541.0000,470.0000,541.0000,470.0000,608.0000,415.0000,608.0000
429.0000,534.0000,484.0000,534.0000,484.0000,602.0000,429.0000,602.0000
431.0000,532.0000,486.0000,532.0000,486.0000,599.0000,431.0000,599.0000
429.0000,535.0000,484.0000,535.0000,484.0000,603.0000,429.0000,603.0000
429.0000,535.0000,484.0000,535.0000,484.0000,603.0000,429.0000,603.0000
430.0000,535.0000,485.0000,535.0000,485.0000,603.0000,430.0000,603.0000
424.0000,527.0000,481.0000,527.0000,481.0000,597.0000,424.0000,597.0000
422.0000,523.0000,479.0000,523.0000,479.0000,593.0000,422.0000,593.0000
421.0000,520.0000,478.0000,520.0000,478.0000,590.0000,421.0000,590.0000
422.0000,518.0000,480.0000,518.0000,480.0000,588.0000,422.0000,588.0000
419.0000,514.0000,476.0000,514.0000,476.0000,585.0000,419.0000,585.0000
421.0000,516.0000,478.0000,516.0000,478.0000,586.0000,421.0000,586.0000
421.0000,516.0000,478.0000,516.0000,478.0000,586.0000,421.0000,586.0000
443.0000,496.0000,500.0000,496.0000,500.0000,567.0000,443.0000,567.0000
447.0000,490.0000,506.0000,490.0000,506.0000,563.0000,447.0000,563.0000
383.0000,497.0000,444.0000,497.0000,444.0000,571.0000,383.0000,571.0000
393.0000,497.0000,455.0000,497.0000,455.0000,572.0000,393.0000,572.0000
388.0000,503.0000,450.0000,503.0000,450.0000,580.0000,388.0000,580.0000
392.0000,507.0000,454.0000,507.0000,454.0000,582.0000,392.0000,582.0000
414.0000,489.0000,475.0000,489.0000,475.0000,565.0000,414.0000,565.0000
419.0000,485.0000,480.0000,485.0000,480.0000,560.0000,419.0000,560.0000
450.0000,463.0000,513.0000,463.0000,513.0000,540.0000,450.0000,540.0000
450.0000,463.0000,513.0000,463.0000,513.0000,540.0000,450.0000,540.0000
2
0
0
0
0
1
1016.0000,372.0000,1101.0000,372.0000,1101.0000,414.0000,1016.0000,414.0000
1082.0000,363.0000,1171.0000,363.0000,1171.0000,406.0000,1082.0000,406.0000
1082.0000,363.0000,1171.0000,363.0000,1171.0000,406.0000,1082.0000,406.0000
1152.0000,352.0000,1239.0000,352.0000,1239.0000,395.0000,1152.0000,395.0000
0
2
0
0
0
0
1
1603.0000,285.0000,1668.0000,285.0000,1668.0000,319.0000,1603.0000,319.0000
1601.0000,275.0000,1665.0000,275.0000,1665.0000,309.0000,1601.0000,309.0000
1601.0000,275.0000,1665.0000,275.0000,1665.0000,309.0000,1601.0000,309.0000
1600.0000,290.0000,1663.0000,290.0000,1663.0000,323.0000,1600.0000,323.0000
2
1601.0000,271.0000,1665.0000,271.0000,1665.0000,305.0000,1601.0000,305.0000
0
0
0
0
1
1582.0000,275.0000,1622.0000,275.0000,1622.0000,291.0000,1582.0000,291.0000
1579.0000,269.0000,1620.0000,269.0000,1620.0000,285.0000,1579.0000,285.0000
1579.0000,269.0000,1620.0000,269.0000,1620.0000,285.0000,1579.0000,285.0000
1582.0000,266.0000,1623.0000,266.0000,1623.0000,282.0000,1582.0000,282.0000
1582.0000,266.0000,1623.0000,266.0000,1623.0000,282.0000,1582.0000,282.0000
1588.0000,261.0000,1628.0000,261.0000,1628.0000,276.0000,1588.0000,276.0000
1588.0000,261.0000,1628.0000,261.0000,1628.0000,276.0000,1588.0000,276.0000
1604.0000,254.0000,1644.0000,254.0000,1644.0000,270.0000,1604.0000,270.0000
1611.0000,252.0000,1651.0000,252.0000,1651.0000,267.0000,1611.0000,267.0000
2
0
0
0
0
1
1517.0000,243.0000,1598.0000,243.0000,1598.0000,312.0000,1517.0000,312.0000
1505.0000,253.0000,1584.0000,253.0000,1584.0000,320.0000,1505.0000,320.0000
1505.0000,253.0000,1584.0000,253.0000,1584.0000,320.0000,1505.0000,320.0000
1490.0000,262.0000,1569.0000,262.0000,1569.0000,329.0000,1490.0000,329.0000
0
2
0
0
0
0
1
1069.0000,355.0000,1146.0000,355.0000,1146.0000,403.0000,1069.0000,403.0000
1024.0000,363.0000,1102.0000,363.0000,1102.0000,412.0000,1024.0000,412.0000
1024.0000,363.0000,1102.0000,363.0000,1102.0000,412.0000,1024.0000,412.0000
977.0000,374.0000,1055.0000,374.0000,1055.0000,423.0000,977.0000,423.0000
2
889.0000,394.0000,968.0000,394.0000,968.0000,444.0000,889.0000,444.0000
0
0
0
0
1
594.0000,460.0000,677.0000,460.0000,677.0000,506.0000,594.0000,506.0000
557.0000,467.0000,641.0000,467.0000,641.0000,515.0000,557.0000,515.0000
557.0000,467.0000,641.0000,467.0000,641.0000,515.0000,557.0000,515.0000
518.0000,477.0000,602.0000,477.0000,602.0000,524.0000,518.0000,524.0000
518.0000,477.0000,602.0000,477.0000,602.0000,524.0000,518.0000,524.0000
448.0000,493.0000,533.0000,493.0000,533.0000,541.0000,448.0000,541.0000
448.0000,493.0000,533.0000,493.0000,533.0000,541.0000,448.0000,541.0000
384.0000,501.0000,470.0000,501.0000,470.0000,550.0000,384.0000,550.0000
384.0000,501.0000,470.0000,501.0000,470.0000,550.0000,384.0000,550.0000
326.0000,504.0000,412.0000,504.0000,412.0000,553.0000,326.0000,553.0000
304.0000,500.0000,392.0000,500.0000,392.0000,550.0000,304.0000,550.0000
304.0000,500.0000,392.0000,500.0000,392.0000,550.0000,304.0000,550.0000
291.0000,497.0000,382.0000,497.0000,382.0000,548.0000,291.0000,548.0000
276.0000,498.0000,366.0000,498.0000,366.0000,549.0000,276.0000,549.0000
279.0000,499.0000,367.0000,499.0000,367.0000,549.0000,279.0000,549.0000
260.0000,508.0000,352.0000,508.0000,352.0000,560.0000,260.0000,560.0000
253.0000,507.0000,348.0000,507.0000,348.0000,560.0000,253.0000,560.0000
244.0000,527.0000,339.0000,527.0000,339.0000,581.0000,244.0000,581.0000
244.0000,520.0000,339.0000,520.0000,339.0000,574.0000,244.0000,574.0000
2
0
0
0
0
1
300.0000,574.0000,355.0000,574.0000,355.0000,624.0000,300.0000,624.0000
312.0000,582.0000,367.0000,582.0000,367.0000,632.0000,312.0000,632.0000
312.0000,582.0000,367.0000,582.0000,367.0000,632.0000,312.0000,632.0000
327.0000,587.0000,382.0000,587.0000,382.0000,636.0000,327.0000,636.0000
327.0000,587.0000,382.0000,587.0000,382.0000,636.0000,327.0000,636.0000
373.0000,562.0000,426.0000,562.0000,426.0000,610.0000,373.0000,610.0000
0
2
0
0
0
0
1
992.0000,499.0000,1078.0000,499.0000,1078.0000,540.0000,992.0000,540.0000
2
0
0
0
0
1
1410.0000,480.0000,1493.0000,480.0000,1493.0000,517.0000,1410.0000,517.0000
1460.0000,477.0000,1543.0000,477.0000,1543.0000,514.0000,1460.0000,514.0000
1460.0000,477.0000,1543.0000,477.0000,1543.0000,514.0000,1460.0000,514.0000
1509.0000,474.0000,1591.0000,474.0000,1591.0000,510.0000,1509.0000,510.0000
1509.0000,474.0000,1591.0000,474.0000,1591.0000,510.0000,1509.0000,510.0000
1557.0000,483.0000,1639.0000,483.0000,1639.0000,520.0000,1557.0000,520.0000
1557.0000,483.0000,1639.0000,483.0000,1639.0000,520.0000,1557.0000,520.0000
