1.2505
0.18307
0.11069
0.10715
NaN
0.13025
NaN
NaN
0.10869
NaN
0.08558
NaN
0.083043
0.081481
NaN
NaN
NaN
NaN
NaN
1.3305
0.17638
0.11164
0.090921
NaN
0.12244
NaN
NaN
NaN
NaN
NaN
1.3426
0.17178
0.10792
0.094111
NaN
0.11983
NaN
0.097243
NaN
0.072118
NaN
0.079303
0.072974
NaN
0.051611
0.045522
0.044825
0.049638
0.043997
0.075182
0.060274
0.043683
0.047576
0.043058
0.043295
0.070837
NaN
0.047043
0.043779
0.043219
0.043775
0.051317
0.072035
0.044825
0.043803
0.048735
0.059854
NaN
0.053842
0.077902
NaN
NaN
NaN
NaN
1.2396
0.17909
0.11205
0.094341
NaN
0.12594
NaN
NaN
NaN
NaN
NaN
1.3314
0.17875
0.11074
0.092325
NaN
0.13446
NaN
NaN
NaN
NaN
NaN
NaN
1.4142
0.17008
0.11285
0.094471
NaN
0.11943
NaN
0.1084
NaN
0.078455
NaN
0.076899
NaN
0.076195
0.065017
0.062962
NaN
0.050654
0.048281
0.050711
0.079152
0.050089
0.062561
0.052217
NaN
0.045973
0.050452
0.074997
0.050009
0.059789
0.044807
0.048892
0.060537
0.074976
NaN
NaN
NaN
NaN
NaN
1.1986
0.17831
0.11599
0.097357
NaN
0.11982
NaN
NaN
NaN
NaN
NaN
1.1768
0.17241
0.10916
0.08558
NaN
0.10971
NaN
NaN
NaN
NaN
NaN
1.02
0.16299
0.097616
0.081463
NaN
0.10913
NaN
0.095286
NaN
0.06411
0.062459
NaN
NaN
NaN
NaN
1.2901
0.17576
0.10957
0.093141
NaN
0.12112
NaN
NaN
NaN
NaN
NaN
1.269
0.17872
0.11714
0.091104
NaN
0.12281
NaN
NaN
NaN
NaN
NaN
1.3184
0.18135
0.11723
0.097408
NaN
0.11394
NaN
0.10133
NaN
0.075906
NaN
0.078458
0.077708
NaN
0.051689
0.051234
0.048413
0.045013
0.046117
0.074269
0.050913
NaN
NaN
NaN
NaN
1.3475
0.18421
0.11983
0.091812
NaN
0.12757
NaN
0.10555
NaN
NaN
NaN
NaN
NaN
1.3001
0.17659
0.10938
NaN
NaN
NaN
NaN
1.3099
0.18322
0.11807
0.10275
NaN
0.12107
NaN
0.104
