1.3208
0.14495
0.081754
0.064174
0.087597
NaN
0.08577
NaN
0.047482
0.04994
0.045789
0.024457
0.019911
0.020407
0.020666
0.020618
0.050153
0.019917
0.019377
0.019871
0.019648
0.019946
0.042765
0.020751
0.019253
0.020035
0.019038
0.021704
NaN
NaN
NaN
NaN
1.2382
0.15208
0.077411
0.062782
0.092083
NaN
0.079311
NaN
0.053194
0.047893
0.050564
0.020886
0.020841
0.021933
0.021936
0.029308
0.055327
0.023439
0.021676
0.032741
0.021455
0.037586
0.046466
0.020533
0.030386
0.021798
0.021721
0.020242
0.046738
0.020216
0.020018
0.028287
0.029451
0.031353
0.052538
0.033845
0.028582
0.021121
0.02163
0.024454
0.04536
0.028365
0.02589
0.033834
0.020449
0.023523
0.052815
0.02878
0.021622
0.021904
0.021797
0.022326
0.052613
0.021926
NaN
NaN
NaN
NaN
1.2213
0.16346
0.084102
0.085425
NaN
0.088731
0.082532
NaN
0.047323
0.047257
0.04515
0.036983
0.020128
0.020401
0.025883
0.025122
0.042671
0.019481
0.020007
0.020064
0.020456
0.020593
0.047292
0.022031
0.020552
0.020151
0.020471
0.021896
0.043559
0.020849
