1.1946
0.14968
0.080164
0.064025
0.10671
0.082619
0.067906
0.047601
0.047441
0.024127
0.023508
0.02352
0.025264
0.025342
0.050944
0.035208
0.024352
0.024726
0.024083
0.024441
0.044038
0.024398
0.024745
0.02598
0.023625
0.024974
0.044457
0.02507
0.02684
0.024065
0.034823
0.029048
0.058357
0.036034
0.033049
0.023959
0.023
0.02561
0.047385
0.025563
0.023437
0.026118
0.035611
0.023993
0.045307
0.024291
0.026268
0.024483
0.023455
0.028635
0.043958
0.036304
0.023971
0.026412
0.024475
0.023758
0.057942
0.024635
0.023866
0.023244
0.023506
0.024739
0.046447
