1
189.0000,351.0000,240.0000,351.0000,240.0000,455.0000,189.0000,455.0000
197.0000,353.0000,249.0000,353.0000,249.0000,458.0000,197.0000,458.0000
205.0000,357.0000,257.0000,357.0000,257.0000,462.0000,205.0000,462.0000
214.0000,357.0000,266.0000,357.0000,266.0000,463.0000,214.0000,463.0000
222.0000,356.0000,276.0000,356.0000,276.0000,465.0000,222.0000,465.0000
234.0000,356.0000,288.0000,356.0000,288.0000,466.0000,234.0000,466.0000
243.0000,357.0000,299.0000,357.0000,299.0000,470.0000,243.0000,470.0000
254.0000,358.0000,311.0000,358.0000,311.0000,472.0000,254.0000,472.0000
266.0000,359.0000,323.0000,359.0000,323.0000,475.0000,266.0000,475.0000
279.0000,359.0000,339.0000,359.0000,339.0000,479.0000,279.0000,479.0000
292.0000,358.0000,354.0000,358.0000,354.0000,483.0000,292.0000,483.0000
306.0000,358.0000,370.0000,358.0000,370.0000,487.0000,306.0000,487.0000
320.0000,359.0000,385.0000,359.0000,385.0000,490.0000,320.0000,490.0000
336.0000,358.0000,403.0000,358.0000,403.0000,492.0000,336.0000,492.0000
353.0000,360.0000,419.0000,360.0000,419.0000,495.0000,353.0000,495.0000
369.0000,359.0000,438.0000,359.0000,438.0000,499.0000,369.0000,499.0000
384.0000,363.0000,453.0000,363.0000,453.0000,502.0000,384.0000,502.0000
396.0000,367.0000,466.0000,367.0000,466.0000,506.0000,396.0000,506.0000
411.0000,373.0000,479.0000,373.0000,479.0000,509.0000,411.0000,509.0000
419.0000,373.0000,486.0000,373.0000,486.0000,509.0000,419.0000,509.0000
451.0000,381.0000,517.0000,381.0000,517.0000,514.0000,451.0000,514.0000
458.0000,378.0000,524.0000,378.0000,524.0000,511.0000,458.0000,511.0000
456.0000,378.0000,522.0000,378.0000,522.0000,510.0000,456.0000,510.0000
463.0000,362.0000,530.0000,362.0000,530.0000,497.0000,463.0000,497.0000
475.0000,356.0000,545.0000,356.0000,545.0000,497.0000,475.0000,497.0000
503.0000,354.0000,575.0000,354.0000,575.0000,498.0000,503.0000,498.0000
525.0000,370.0000,599.0000,370.0000,599.0000,520.0000,525.0000,520.0000
533.0000,361.0000,610.0000,361.0000,610.0000,518.0000,533.0000,518.0000
534.0000,363.0000,612.0000,363.0000,612.0000,520.0000,534.0000,520.0000
536.0000,359.0000,615.0000,359.0000,615.0000,519.0000,536.0000,519.0000
533.0000,365.0000,613.0000,365.0000,613.0000,527.0000,533.0000,527.0000
487.0000,355.0000,568.0000,355.0000,568.0000,519.0000,487.0000,519.0000
515.0000,402.0000,595.0000,402.0000,595.0000,562.0000,515.0000,562.0000
640.0000,416.0000,719.0000,416.0000,719.0000,575.0000,640.0000,575.0000
649.0000,406.0000,729.0000,406.0000,729.0000,566.0000,649.0000,566.0000
637.0000,412.0000,717.0000,412.0000,717.0000,574.0000,637.0000,574.0000
621.0000,394.0000,704.0000,394.0000,704.0000,560.0000,621.0000,560.0000
602.0000,395.0000,686.0000,395.0000,686.0000,565.0000,602.0000,565.0000
598.0000,399.0000,682.0000,399.0000,682.0000,568.0000,598.0000,568.0000
2
0
0
0
0
1
624.0000,173.0000,746.0000,173.0000,746.0000,315.0000,624.0000,315.0000
636.0000,190.0000,756.0000,190.0000,756.0000,331.0000,636.0000,331.0000
634.0000,163.0000,754.0000,163.0000,754.0000,304.0000,634.0000,304.0000
632.0000,174.0000,752.0000,174.0000,752.0000,313.0000,632.0000,313.0000
672.0000,208.0000,790.0000,208.0000,790.0000,346.0000,672.0000,346.0000
585.0000,230.0000,710.0000,230.0000,710.0000,377.0000,585.0000,377.0000
568.0000,196.0000,696.0000,196.0000,696.0000,345.0000,568.0000,345.0000
520.0000,205.0000,649.0000,205.0000,649.0000,356.0000,520.0000,356.0000
614.0000,232.0000,739.0000,232.0000,739.0000,378.0000,614.0000,378.0000
600.0000,220.0000,726.0000,220.0000,726.0000,367.0000,600.0000,367.0000
596.0000,242.0000,719.0000,242.0000,719.0000,386.0000,596.0000,386.0000
584.0000,242.0000,707.0000,242.0000,707.0000,386.0000,584.0000,386.0000
557.0000,315.0000,679.0000,315.0000,679.0000,458.0000,557.0000,458.0000
511.0000,295.0000,637.0000,295.0000,637.0000,443.0000,511.0000,443.0000
491.0000,294.0000,620.0000,294.0000,620.0000,444.0000,491.0000,444.0000
465.0000,258.0000,595.0000,258.0000,595.0000,410.0000,465.0000,410.0000
445.0000,257.0000,575.0000,257.0000,575.0000,410.0000,445.0000,410.0000
490.0000,183.0000,622.0000,183.0000,622.0000,336.0000,490.0000,336.0000
514.0000,148.0000,645.0000,148.0000,645.0000,300.0000,514.0000,300.0000
557.0000,143.0000,690.0000,143.0000,690.0000,298.0000,557.0000,298.0000
595.0000,159.0000,728.0000,159.0000,728.0000,315.0000,595.0000,315.0000
619.0000,173.0000,748.0000,173.0000,748.0000,324.0000,619.0000,324.0000
600.0000,155.0000,728.0000,155.0000,728.0000,304.0000,600.0000,304.0000
605.0000,175.0000,729.0000,175.0000,729.0000,321.0000,605.0000,321.0000
613.0000,225.0000,740.0000,225.0000,740.0000,374.0000,613.0000,374.0000
2
0
0
0
0
1
699.0000,476.0000,832.0000,476.0000,832.0000,619.0000,699.0000,619.0000
699.0000,472.0000,831.0000,472.0000,831.0000,615.0000,699.0000,615.0000
699.0000,471.0000,830.0000,471.0000,830.0000,614.0000,699.0000,614.0000
695.0000,470.0000,829.0000,470.0000,829.0000,615.0000,695.0000,615.0000
697.0000,467.0000,832.0000,467.0000,832.0000,614.0000,697.0000,614.0000
691.0000,467.0000,826.0000,467.0000,826.0000,612.0000,691.0000,612.0000
691.0000,467.0000,825.0000,467.0000,825.0000,611.0000,691.0000,611.0000
687.0000,468.0000,820.0000,468.0000,820.0000,612.0000,687.0000,612.0000
688.0000,467.0000,820.0000,467.0000,820.0000,611.0000,688.0000,611.0000
685.0000,467.0000,817.0000,467.0000,817.0000,610.0000,685.0000,610.0000
688.0000,467.0000,819.0000,467.0000,819.0000,608.0000,688.0000,608.0000
691.0000,466.0000,821.0000,466.0000,821.0000,606.0000,691.0000,606.0000
693.0000,466.0000,821.0000,466.0000,821.0000,604.0000,693.0000,604.0000
693.0000,466.0000,819.0000,466.0000,819.0000,603.0000,693.0000,603.0000
689.0000,464.0000,816.0000,464.0000,816.0000,602.0000,689.0000,602.0000
690.0000,463.0000,817.0000,463.0000,817.0000,600.0000,690.0000,600.0000
689.0000,462.0000,816.0000,462.0000,816.0000,600.0000,689.0000,600.0000
687.0000,461.0000,816.0000,461.0000,816.0000,599.0000,687.0000,599.0000
682.0000,463.0000,812.0000,463.0000,812.0000,603.0000,682.0000,603.0000
677.0000,460.0000,811.0000,460.0000,811.0000,605.0000,677.0000,605.0000
678.0000,458.0000,813.0000,458.0000,813.0000,604.0000,678.0000,604.0000
675.0000,458.0000,809.0000,458.0000,809.0000,604.0000,675.0000,604.0000
674.0000,458.0000,810.0000,458.0000,810.0000,604.0000,674.0000,604.0000
675.0000,455.0000,809.0000,455.0000,809.0000,600.0000,675.0000,600.0000
684.0000,454.0000,816.0000,454.0000,816.0000,597.0000,684.0000,597.0000
683.0000,452.0000,818.0000,452.0000,818.0000,597.0000,683.0000,597.0000
685.0000,454.0000,819.0000,454.0000,819.0000,599.0000,685.0000,599.0000
682.0000,453.0000,817.0000,453.0000,817.0000,599.0000,682.0000,599.0000
682.0000,451.0000,817.0000,451.0000,817.0000,598.0000,682.0000,598.0000
659.0000,457.0000,797.0000,457.0000,797.0000,606.0000,659.0000,606.0000
662.0000,456.0000,801.0000,456.0000,801.0000,607.0000,662.0000,607.0000
711.0000,455.0000,849.0000,455.0000,849.0000,605.0000,711.0000,605.0000
710.0000,453.0000,849.0000,453.0000,849.0000,603.0000,710.0000,603.0000
708.0000,452.0000,849.0000,452.0000,849.0000,604.0000,708.0000,604.0000
707.0000,452.0000,844.0000,452.0000,844.0000,600.0000,707.0000,600.0000
704.0000,453.0000,840.0000,453.0000,840.0000,600.0000,704.0000,600.0000
701.0000,451.0000,836.0000,451.0000,836.0000,597.0000,701.0000,597.0000
697.0000,450.0000,833.0000,450.0000,833.0000,597.0000,697.0000,597.0000
692.0000,448.0000,828.0000,448.0000,828.0000,595.0000,692.0000,595.0000
691.0000,447.0000,827.0000,447.0000,827.0000,594.0000,691.0000,594.0000
684.0000,445.0000,820.0000,445.0000,820.0000,593.0000,684.0000,593.0000
