1.0547
0.13162
0.06281
0.048454
0.076961
NaN
0.065179
0.036645
0.037137
0.033733
0.026448
0.023898
0.019428
0.015366
0.015717
0.044833
0.015883
0.017588
0.018856
0.016394
0.015712
0.038091
0.016627
0.017017
0.017536
0.016403
0.016188
0.036958
0.015921
0.018359
0.016439
0.024473
0.01804
0.042688
0.023234
0.023903
0.020082
0.016297
0.015353
0.037554
0.016638
0.028233
0.015316
0.020456
0.017051
0.034781
0.020248
0.024124
0.014761
0.015465
0.01545
0.039309
0.016899
0.018312
0.023485
0.015852
0.015436
0.040148
0.015998
0.017918
0.027334
0.016108
0.019275
0.03487
0.014913
0.016468
0.015547
0.016469
0.015394
0.035361
0.015739
0.015357
0.017004
0.01647
0.016935
0.037693
0.019126
0.018388
0.024178
0.01607
0.016922
0.032538
0.015392
0.01872
0.029765
0.015128
0.015903
0.032361
0.016015
0.015198
0.019955
0.015125
0.016758
0.032867
0.016218
0.014561
0.024903
0.014844
0.018168
0.032533
0.014578
0.028401
0.014719
0.015469
0.015753
0.032718
0.018289
0.015973
0.015269
0.015909
0.015943
0.047709
0.015558
0.016783
0.017859
0.015587
0.015296
0.033594
0.015978
0.016049
0.016237
0.020441
0.015167
0.033314
0.024622
0.020674
0.015972
0.017187
0.01535
0.033274
0.015843
0.016183
0.0151
0.017055
0.015031
0.03392
0.014806
0.023286
0.015669
0.017088
0.016088
0.034389
0.015592
0.01568
0.014811
0.015791
0.015497
0.033499
0.016205
0.016224
0.025461
0.015754
0.017963
0.039853
0.01566
0.017014
0.029293
0.016374
0.015482
0.058073
0.016897
0.0169
0.015506
0.017652
0.015918
0.036057
0.015262
0.015732
0.015359
0.015833
0.015456
0.033795
0.015802
0.017306
0.016373
0.018022
0.026334
0.039175
0.01718
0.018212
0.016902
0.016379
0.015489
0.034087
0.015305
0.019848
0.016287
0.015428
0.015528
0.035655
0.015241
0.027213
0.024462
0.015579
0.015126
0.035246
0.015921
0.015704
0.01556
0.017216
0.015171
0.034897
0.022992
0.019578
0.015456
0.015884
0.021227
0.035793
0.016389
0.020517
0.023738
0.017056
0.0165
0.032528
0.015756
0.016767
0.01539
0.017452
0.015944
0.033692
0.016568
0.01694
0.027368
0.016894
0.015387
0.030631
0.017066
0.015997
0.015856
0.015557
0.017023
0.031945
0.017292
0.025123
0.016662
0.018393
0.022416
0.035849
0.016661
0.015652
0.015828
0.015763
0.016339
0.031977
0.017551
0.016645
0.017557
0.028008
0.018601
0.032752
0.016566
