8.1e-05
0.22803
0.008259
0.007361
0.007522
0.007917
0.008674
0.007558
0.007373
0.007744
0.007652
0.007603
0.007441
0.007429
0.007544
0.007445
0.007509
0.0075
0.007357
0.007408
0.007479
0.007703
0.007401
0.007474
0.007782
0.00746
0.008057
0.007888
0.007398
0.007772
0.007787
0.007751
0.007503
0.007323
0.007596
0.007603
0.007743
0.007786
0.007401
0.007644
0.007564
0.007478
0.00742
0.007604
0.007692
0.007723
0.007421
0.007466
0.007314
0.007764
0.007553
0.008225
0.008012
0.007579
0.007459
0.007603
0.007805
0.007872
0.007754
0.007776
0.007642
0.007758
0.007838
0.007452
0.007536
0.007531
0.007446
0.007619
0.007387
0.007639
0.007682
0.007553
0.007366
0.007356
0.007567
0.007646
0.007423
0.007452
0.007355
0.007502
0.007377
0.007328
0.007319
0.007452
0.00743
0.007287
0.007381
0.011115
0.008897
0.008324
0.007935
0.007818
0.007526
0.008159
0.007992
0.008093
0.007638
0.007769
0.007487
0.007727
0.008385
0.007738
0.007376
0.007407
0.007338
0.00756
0.007388
0.007512
0.007438
0.007434
0.007417
0.007395
0.007825
0.00755
0.007325
0.007463
0.00736
0.007559
0.007654
0.007735
0.007522
0.007529
0.007939
0.007584
0.007749
0.008826
0.015525
0.010755
0.008406
0.007349
0.007565
0.007519
0.007783
0.008029
0.016688
0.010826
0.008203
0.007677
0.007341
0.007452
0.007471
0.007388
0.007574
0.008437
0.008076
0.007873
0.008731
0.007691
0.007551
0.007501
0.007439
0.007519
0.007688
0.007436
0.007603
0.007288
0.007584
0.007537
0.007324
0.007995
0.007621
0.007499
0.007273
0.00757
0.007486
0.007444
0.007501
0.007536
0.007561
0.00737
0.007384
0.007267
0.007681
0.007386
0.007319
0.007402
0.008804
0.008328
0.008011
0.008163
0.008012
0.007334
0.007841
0.007444
0.007816
0.007535
0.007439
0.007336
0.007361
0.007622
0.007463
0.007615
0.007287
0.007394
0.007398
0.007556
0.008466
0.008161
0.007703
0.007652
0.007527
0.007453
0.00764
0.007389
0.007573
0.007554
0.007597
0.007524
0.007494
0.008026
0.007918
0.007529
0.007371
0.007509
0.007564
0.007493
0.007384
0.007363
0.007287
0.007346
0.007536
0.010558
0.009345
0.008795
0.007988
0.007415
0.007797
0.007412
0.007449
0.007284
0.007484
0.007604
0.007434
0.007538
0.007374
0.007736
0.007664
0.007514
0.007603
0.007424
0.007529
0.007638
0.007447
0.007379
0.007554
0.007646
0.007478
0.007486
0.007546
0.007522
0.00762
0.007557
0.007497
0.007306
0.007306
0.007469
0.007377
0.007395
0.007697
0.007603
0.008026
0.00782
0.007937
0.007791
0.007646
0.007679
0.015381
0.010323
0.008414
0.007656
0.007813
0.007961
0.007716
0.007765
0.007746
0.007612
0.007526
0.007733
0.007729
0.007489
0.008157
0.008347
0.007739
0.008236
0.015569
0.010223
0.00817
0.007646
0.007521
0.007618
0.007518
0.007553
0.007452
0.007336
0.007395
0.007683
0.00798
0.007741
0.007603
0.007477
0.007654
0.007426
0.007544
0.007352
0.007668
0.007292
0.007353
0.007434
0.007673
0.007619
0.007636
0.00767
0.007507
0.007521
0.007474
0.007382
0.007311
0.007502
0.007421
0.007479
0.00739
0.007671
0.007418
0.007447
0.007432
