0.000162
0.22814
0.008377
0.007587
0.007438
0.007732
0.008303
0.00763
0.007476
0.007459
0.007482
0.007461
0.007482
0.007835
0.007488
0.007819
0.007586
0.007597
0.007476
0.007522
0.007396
0.007651
0.007575
0.007555
0.007362
0.007655
0.008018
0.007488
0.007454
0.007519
0.007434
0.007562
0.007392
0.008386
0.007369
0.007531
0.007402
0.007449
0.007554
0.00769
0.007647
0.00766
0.008062
0.008222
0.007789
0.007882
0.00743
0.007592
0.007502
0.007539
0.00748
0.007778
0.007628
0.007664
0.007461
0.007422
0.007523
0.007651
0.007565
0.007588
0.007442
0.007484
0.007778
0.007611
0.007782
0.007408
0.007422
0.007393
0.007416
0.007514
0.007585
0.007755
0.007556
0.007471
0.007395
0.007355
0.007597
0.007598
0.007645
0.00735
0.007417
0.007406
0.007382
0.007385
0.007463
0.007453
0.007525
0.007635
0.007971
0.008636
0.007784
0.007471
0.007689
0.007495
0.007462
0.007311
0.00743
0.00736
0.007571
0.007403
0.007593
0.007528
0.008
0.007616
0.007401
0.007531
0.00947
0.01521
0.010087
0.008158
0.007468
0.007428
0.007434
0.007779
0.007691
0.007499
0.007572
0.007307
0.007544
0.00741
0.007611
0.007347
0.007645
0.00751
0.007415
0.007486
0.008681
0.007797
0.00753
0.007686
0.007522
0.008165
0.00813
0.007999
0.007823
0.007648
0.007649
0.007742
0.007756
0.008405
0.007744
0.007521
0.007381
0.007572
0.007611
0.007533
0.007563
0.008258
0.007768
0.007739
0.007811
0.007859
0.007506
0.007432
0.00746
0.007819
0.007592
0.00744
0.007532
0.007827
0.008108
0.008266
0.007539
0.008106
0.00763
0.007418
0.007503
0.007447
0.007591
0.007493
0.007524
0.007488
0.007702
0.007372
0.007644
0.007809
0.00986
0.008869
0.007595
0.007683
0.007665
0.007562
0.007422
0.00748
0.007519
0.007395
0.007637
0.007906
0.007881
0.008089
0.017064
0.011174
0.008384
0.007366
0.007275
0.007426
0.007351
0.007409
0.007431
0.007894
0.00755
0.007522
0.00732
0.007985
0.015505
0.011224
0.008003
0.007479
0.007562
0.007532
0.008097
0.007637
0.00752
0.00747
0.007579
0.007742
0.007602
0.007574
0.00762
0.007538
0.008808
0.009122
0.015422
0.010326
0.008064
0.007341
0.007317
0.007646
0.007494
0.007414
0.007907
0.007482
0.007476
0.00731
0.007763
0.007347
0.007544
0.007602
0.008082
0.00724
0.007363
0.007417
0.008094
0.016087
0.010347
0.008314
0.007703
0.007514
0.007746
0.00756
0.007419
0.007537
0.007525
0.007602
0.00774
0.007443
0.007747
0.00758
0.007708
0.007557
0.007587
0.00763
0.007413
0.007389
0.007602
0.007495
0.007914
0.007499
0.00743
0.007392
0.007488
0.007728
0.007241
0.007342
0.007435
0.007308
0.007421
0.007634
0.007521
0.007576
0.007622
0.007543
0.0074
0.007629
0.00753
0.007409
0.007447
0.007457
0.007498
0.007352
0.007406
0.007564
0.007486
0.007541
0.007406
0.007346
0.007893
0.007523
0.007579
0.007546
0.007412
0.007423
0.007348
0.007361
0.007502
0.007525
0.007489
0.007311
0.007524
0.008131
0.007828
0.008352
0.007873
0.007629
0.007443
0.007416
0.00769
0.007521
0.007509
0.007565
0.007374
0.007801
0.007738
0.007623
0.007432
0.007477
0.007645
0.007585
0.007481
0.007584
0.007603
0.007742
0.007478
0.00749
0.007683
0.007647
0.007723
0.007436
0.007533
0.00761
0.007547
0.007646
0.007609
0.007415
0.007516
0.007386
0.007576
0.00766
0.007472
0.007371
0.007288
0.007311
0.007365
0.007575
0.00783
0.00837
0.007762
0.007667
0.007397
0.007419
0.007668
0.007538
0.007269
0.007417
0.008147
0.01516
0.010537
0.008299
0.00745
0.007768
0.007263
0.00846
0.007604
0.007349
0.007386
0.007183
0.008064
0.008001
0.008171
0.007317
0.007538
0.007368
0.007921
0.008412
0.007516
0.007251
0.007181
0.007702
0.007232
0.007346
0.007114
0.007476
0.007311
0.007423
0.007377
0.007172
0.008713
0.007497
0.006814
0.010612
0.008311
0.009076
0.007463
0.007454
0.007635
0.00743
0.007585
0.00757
0.00771
0.00783
0.007435
0.007465
0.007176
0.007344
0.007522
0.00763
0.007407
0.007559
0.007601
0.007465
0.007579
0.007737
0.007498
0.007664
0.007397
0.007406
0.007594
0.007559
0.007639
0.007541
0.007397
0.0077
0.007573
0.007694
0.007824
0.007507
0.00746
0.007502
0.007199
0.007416
0.007341
0.007364
0.008171
0.01779
0.010338
0.008304
0.007607
0.007517
0.007506
0.007431
0.007499
0.007519
0.007395
0.007394
0.007833
0.007525
0.007603
0.007771
0.008133
0.007546
0.007609
0.007698
0.0079
0.007784
0.007446
0.007461
0.00746
0.007397
0.007477
0.007757
0.007791
0.00773
0.007385
0.007324
0.007465
0.007437
0.007421
0.007313
0.00739
0.007402
0.007334
0.007568
0.00748
0.00761
0.007484
0.007431
0.00767
0.008677
0.008064
0.007579
0.007558
0.00746
0.007369
0.007493
0.007406
0.007498
0.007745
0.007534
0.007843
0.00746
0.007704
0.007331
0.007501
0.00743
0.007735
0.007568
0.007713
0.007452
0.007686
0.00851
0.015426
0.01012
0.008524
0.007602
0.007464
0.007853
0.007573
0.007491
0.007473
0.007547
0.008034
0.007692
0.007629
0.00743
0.007612
0.007703
0.007512
0.00751
0.007485
0.007592
0.007789
0.007569
0.007859
0.008075
0.007602
0.007798
0.007997
0.007679
0.007671
0.008343
0.007432
0.007488
0.007409
0.00752
0.007412
0.007801
0.007427
0.007466
0.007491
0.007405
0.007563
0.007476
0.007461
0.007444
0.00757
0.007508
0.007501
0.00746
0.007663
0.0074
0.007553
0.00747
0.007416
0.007432
0.007437
0.007361
0.007542
0.007434
0.007662
0.007542
0.007663
0.007665
0.007434
0.007341
0.007462
0.007429
0.007497
0.007776
0.007848
