0.000167
0.20584
0.001547
0.001498
0.001444
0.001517
0.001444
0.001529
0.001413
0.001559
0.001488
0.001591
0.001461
0.001627
0.001436
0.001487
0.001475
0.001497
0.001427
0.001566
0.001499
0.001552
0.001426
0.00152
0.001443
0.001474
0.001457
0.00146
0.00149
0.001536
0.001502
0.0015
0.001424
0.001476
0.001433
0.001477
0.001527
0.001507
0.001516
0.001525
0.001483
0.001689
0.001643
0.001755
0.001615
0.001978
0.001588
0.001732
0.001508
0.001619
0.001588
0.001637
0.001787
0.001594
0.001698
0.001505
0.001567
0.001557
0.001637
0.001547
0.001615
0.001489
0.001653
0.001495
0.00157
0.001503
0.001758
0.001562
0.001638
0.00151
0.001737
0.001438
0.001494
0.001433
0.001564
0.00146
0.001618
0.001473
0.001527
0.001495
0.001565
0.00151
0.001593
0.001505
0.001592
0.001534
0.001627
0.001544
0.001685
0.001556
0.001559
0.001595
0.001611
0.001895
0.001695
0.00181
0.001594
0.001779
0.001517
0.001704
0.001504
0.00166
0.001572
0.001611
0.001499
0.00155
0.001431
0.001491
0.001517
0.001542
0.001489
0.001689
0.001517
0.001514
0.001435
0.001517
0.001433
0.001618
0.001422
0.001542
0.001441
0.001485
0.001423
0.001534
0.001427
0.001547
0.00153
0.00153
0.001467
0.001802
0.001499
0.001573
0.001495
0.001756
0.001532
0.001647
0.001545
0.001728
0.001569
0.001617
0.001565
0.001561
0.001552
0.00154
0.001729
0.001619
0.001952
0.001557
0.001713
0.001476
0.001528
0.001477
0.001594
0.001469
0.001767
0.001537
0.001612
0.001519
0.001626
0.001468
0.001567
0.001455
0.001462
0.001556
0.001544
0.001533
0.001591
0.001522
0.001648
0.001897
0.001575
0.001566
0.001537
0.001622
0.001497
0.001482
0.001508
0.001701
0.001483
0.001661
0.001516
0.001685
0.001579
0.001674
0.001555
0.00173
0.001517
0.001677
0.001516
0.001765
0.001563
0.001666
0.001562
0.001655
0.001566
0.001679
0.001491
0.001499
0.001549
0.00155
0.001497
0.001505
0.001443
0.001535
0.001494
0.001577
0.001463
0.001717
0.001424
0.001565
0.001464
0.00162
0.001499
0.001646
0.002437
0.001893
0.002072
0.00348
0.001552
0.004655
0.001618
0.00244
0.001714
0.001604
0.002572
0.004525
0.00391
0.002194
0.004026
0.004471
0.004683
0.00264
0.002229
0.001604
0.001902
0.001584
0.001982
0.00163
0.001873
0.001522
0.00193
0.00149
0.001644
0.001487
0.001691
0.001486
0.001616
0.00151
0.001607
0.001492
0.001695
0.001498
0.001531
0.001516
0.001544
0.001505
0.00155
0.001505
0.001504
0.001549
0.001498
0.001661
0.001852
0.002255
0.001799
0.001992
0.0016
0.001875
0.002294
0.001545
0.001628
0.001502
0.001588
0.001535
0.002289
0.002578
0.001924
0.003579
0.00175
0.001548
0.00186
0.001894
0.001591
0.001621
0.001484
0.001631
0.001539
0.001568
0.001601
0.001627
0.00153
0.002874
0.001616
0.001968
0.001553
0.001484
0.001706
0.001514
0.00147
0.001511
0.001508
0.001449
0.001433
0.001553
0.001798
0.00148
0.001671
0.003142
0.001702
0.002047
0.00152
0.001683
0.001522
0.000263
0.001536
0.001719
0.001541
0.00165
0.001522
0.00174
0.001554
0.001555
0.001573
0.001575
0.001633
0.003012
