1.27
0.151
0.081695
0.066278
0.1022
NaN
0.086139
NaN
0.052053
0.058355
0.048782
0.037231
0.028046
0.033272
0.021773
0.028897
0.047056
0.023105
0.021659
0.022072
0.031359
0.020953
0.053687
0.023519
0.022023
0.022081
0.023209
0.023458
0.052903
0.028719
0.023402
0.025268
0.032888
0.025438
0.051948
0.023982
NaN
NaN
NaN
NaN
1.2929
0.14178
0.077956
0.066382
0.093297
NaN
0.07816
NaN
0.046931
0.046862
0.052261
0.021309
0.023761
0.027926
0.020754
0.021062
0.04538
0.020057
0.021475
0.021173
0.020288
0.029832
0.047844
0.021327
0.027109
0.02096
0.030008
0.022158
0.046612
0.021016
0.020932
0.021759
0.032295
0.025806
0.058322
0.030389
0.034121
0.022171
0.02092
0.030964
0.049365
0.023825
0.02151
0.02223
NaN
NaN
NaN
NaN
1.2259
0.14766
0.083677
0.068018
0.094828
NaN
0.081447
NaN
0.059224
0.061794
0.050767
0.024759
0.033929
0.022803
0.021916
0.022558
0.04746
0.023347
0.023804
0.024214
0.0222
0.023147
0.049535
0.026054
0.022941
0.033087
0.022851
0.024192
0.055404
0.025845
0.023931
0.022412
0.031428
0.046747
0.076542
NaN
0.024857
0.043681
0.036438
0.024239
0.036876
0.053704
0.02493
0.028093
0.024902
0.025524
0.024395
0.072508
0.023958
0.02471
0.035152
0.025132
0.025618
0.05609
NaN
0.023375
0.027452
0.026335
0.033938
0.036111
0.048004
0.036358
0.02277
0.022854
0.023665
0.02344
0.047742
0.023913
0.022776
0.023476
0.023513
0.023804
0.051534
0.023798
0.022059
0.022829
