1
44.0000,568.0000,65.0000,64.0000
68.0000,579.0000,66.0000,65.0000
92.0000,589.0000,65.0000,65.0000
116.0000,597.0000,67.0000,67.0000
141.0000,607.0000,67.0000,67.0000
165.0000,614.0000,69.0000,68.0000
192.0000,622.0000,68.0000,67.0000
192.0000,633.0000,66.0000,65.0000
2
0
0
0
0
1
456.0000,661.0000,61.0000,49.0000
487.0000,659.0000,62.0000,50.0000
519.0000,657.0000,61.0000,49.0000
549.0000,653.0000,62.0000,50.0000
579.0000,647.0000,64.0000,51.0000
608.0000,641.0000,66.0000,53.0000
637.0000,636.0000,64.0000,52.0000
663.0000,629.0000,66.0000,53.0000
687.0000,622.0000,64.0000,52.0000
707.0000,617.0000,62.0000,50.0000
680.0000,618.0000,64.0000,52.0000
694.0000,610.0000,66.0000,53.0000
703.0000,626.0000,66.0000,53.0000
2
0
0
0
0
1
891.0000,582.0000,48.0000,50.0000
907.0000,579.0000,47.0000,48.0000
923.0000,578.0000,45.0000,47.0000
936.0000,576.0000,46.0000,47.0000
948.0000,574.0000,46.0000,47.0000
960.0000,572.0000,45.0000,46.0000
972.0000,570.0000,44.0000,46.0000
982.0000,567.0000,43.0000,45.0000
992.0000,564.0000,42.0000,43.0000
1001.0000,561.0000,41.0000,42.0000
1009.0000,556.0000,40.0000,42.0000
1018.0000,552.0000,40.0000,41.0000
1025.0000,547.0000,39.0000,40.0000
1031.0000,540.0000,39.0000,40.0000
1038.0000,531.0000,40.0000,41.0000
1048.0000,520.0000,40.0000,41.0000
1051.0000,509.0000,41.0000,42.0000
1049.0000,502.0000,41.0000,42.0000
1065.0000,489.0000,41.0000,42.0000
1066.0000,477.0000,42.0000,44.0000
1056.0000,481.0000,42.0000,43.0000
1060.0000,480.0000,42.0000,44.0000
2
0
0
0
0
1
1072.0000,422.0000,29.0000,17.0000
1071.0000,415.0000,30.0000,17.0000
1072.0000,408.0000,29.0000,17.0000
1071.0000,402.0000,30.0000,17.0000
1071.0000,397.0000,30.0000,17.0000
1070.0000,391.0000,29.0000,16.0000
1071.0000,385.0000,28.0000,16.0000
1070.0000,378.0000,28.0000,16.0000
1069.0000,370.0000,27.0000,15.0000
1068.0000,364.0000,28.0000,16.0000
1067.0000,358.0000,27.0000,15.0000
1064.0000,354.0000,28.0000,16.0000
1062.0000,350.0000,27.0000,15.0000
1061.0000,348.0000,28.0000,16.0000
1059.0000,345.0000,27.0000,15.0000
1059.0000,342.0000,27.0000,15.0000
1059.0000,339.0000,26.0000,15.0000
1059.0000,337.0000,26.0000,15.0000
1060.0000,335.0000,25.0000,14.0000
1060.0000,334.0000,25.0000,14.0000
1061.0000,335.0000,25.0000,14.0000
1062.0000,336.0000,26.0000,15.0000
1065.0000,338.0000,25.0000,14.0000
1067.0000,340.0000,25.0000,14.0000
1071.0000,344.0000,25.0000,14.0000
1074.0000,346.0000,25.0000,14.0000
1078.0000,347.0000,25.0000,14.0000
1083.0000,345.0000,25.0000,14.0000
1087.0000,345.0000,26.0000,15.0000
1091.0000,347.0000,25.0000,14.0000
1096.0000,347.0000,25.0000,14.0000
1101.0000,344.0000,25.0000,14.0000
1105.0000,340.0000,25.0000,14.0000
1109.0000,336.0000,26.0000,15.0000
1114.0000,332.0000,25.0000,14.0000
1116.0000,328.0000,26.0000,15.0000
1119.0000,325.0000,25.0000,14.0000
1121.0000,323.0000,24.0000,14.0000
1122.0000,320.0000,24.0000,14.0000
1122.0000,318.0000,23.0000,13.0000
1120.0000,317.0000,23.0000,13.0000
1119.0000,316.0000,23.0000,13.0000
1117.0000,316.0000,23.0000,13.0000
1115.0000,317.0000,22.0000,13.0000
1112.0000,318.0000,22.0000,13.0000
1110.0000,317.0000,22.0000,12.0000
1108.0000,317.0000,21.0000,12.0000
1106.0000,317.0000,21.0000,12.0000
1105.0000,317.0000,20.0000,11.0000
1104.0000,315.0000,20.0000,11.0000
1103.0000,313.0000,19.0000,11.0000
1102.0000,313.0000,20.0000,11.0000
1101.0000,314.0000,20.0000,11.0000
1102.0000,315.0000,19.0000,11.0000
1102.0000,316.0000,20.0000,11.0000
1105.0000,316.0000,19.0000,11.0000
1106.0000,317.0000,19.0000,11.0000
1108.0000,318.0000,19.0000,11.0000
1109.0000,321.0000,20.0000,11.0000
1111.0000,324.0000,20.0000,11.0000
1114.0000,324.0000,20.0000,11.0000
1117.0000,323.0000,20.0000,11.0000
1119.0000,321.0000,20.0000,11.0000
1121.0000,319.0000,20.0000,11.0000
1124.0000,316.0000,20.0000,11.0000
1126.0000,314.0000,20.0000,11.0000
1126.0000,311.0000,21.0000,12.0000
1125.0000,310.0000,21.0000,12.0000
1125.0000,307.0000,21.0000,12.0000
1125.0000,305.0000,21.0000,12.0000
1124.0000,304.0000,22.0000,13.0000
1122.0000,304.0000,22.0000,12.0000
1119.0000,305.0000,23.0000,13.0000
1117.0000,305.0000,23.0000,13.0000
1115.0000,306.0000,22.0000,12.0000
1112.0000,306.0000,22.0000,12.0000
1110.0000,305.0000,22.0000,13.0000
1108.0000,304.0000,21.0000,12.0000
1105.0000,305.0000,22.0000,13.0000
1102.0000,305.0000,22.0000,12.0000
1100.0000,305.0000,21.0000,12.0000
1096.0000,302.0000,22.0000,12.0000
1094.0000,300.0000,22.0000,12.0000
1092.0000,298.0000,21.0000,12.0000
1088.0000,297.0000,21.0000,12.0000
