1.0049
0.13986
0.06978
0.05423
0.078746
0.065661
0.03684
0.034242
0.03447
0.018258
0.016644
0.016446
0.015853
0.018426
0.035341
0.015975
0.015583
0.01577
0.015428
0.016609
0.034656
0.016923
0.016195
0.01724
0.016278
0.016671
0.03626
0.016808
0.016718
0.018445
0.026257
0.01924
0.043929
0.01861
0.026192
0.018338
0.018062
0.016691
0.034512
0.016582
0.017051
0.017507
0.019288
0.016347
0.034006
0.016025
0.020245
0.01691
0.016324
0.01777
0.034605
0.016536
0.015524
0.01875
0.020255
0.015957
0.039353
0.017464
0.017053
0.016108
0.015701
0.0154
0.033202
0.015516
0.017398
0.016183
0.016716
0.015891
0.034261
0.015494
0.015921
0.015564
0.015701
0.015248
0.032414
0.015349
0.015487
0.015614
0.015716
0.014931
0.033658
0.01531
0.020198
0.014725
0.016336
0.018357
0.032435
0.016421
0.017714
0.015596
0.016076
0.015701
0.034501
0.01558
0.016777
0.015418
0.016543
0.016271
0.035511
0.017683
0.016315
0.015686
0.015756
0.015527
0.03341
0.014771
0.017172
0.016619
0.016053
0.015852
0.035893
0.016366
0.017619
0.01709
0.016506
0.017264
0.035693
0.015593
0.016712
0.015574
0.0159
0.015954
0.035705
0.016881
0.017528
0.016046
0.016079
0.015249
0.034548
0.016361
0.017613
0.015744
0.017374
0.016137
0.035521
0.016519
0.017893
0.01695
0.015548
0.017078
0.035028
0.015969
0.016495
0.016379
0.016342
0.015702
0.033838
0.016431
0.016373
0.016353
0.018195
0.018466
0.043621
0.017959
0.018174
0.016725
0.018006
0.016252
0.032519
0.015068
0.015375
0.015818
0.015355
0.015862
0.033794
0.017395
0.015793
0.017157
0.015699
0.017441
0.032761
0.016595
0.015797
0.016953
0.016745
0.016655
0.036606
0.017753
0.018252
0.016548
0.016678
0.018408
0.036711
0.017781
0.016361
0.016327
0.016227
0.016783
0.033558
0.016925
0.016012
0.020369
0.017114
0.019047
0.032545
0.017444
0.015823
0.015636
0.015973
0.017035
0.034441
0.017164
0.017182
0.019819
0.01527
0.01505
0.034667
0.022536
0.02364
0.017159
0.017035
0.017004
0.033677
0.016866
0.015862
0.016563
0.015435
0.016004
0.0333
0.018071
0.015778
0.01771
0.016361
0.016196
0.031254
0.016401
0.016735
0.015009
0.016896
0.015846
0.038455
0.019842
0.016966
0.018961
0.018297
0.016483
0.040172
0.017569
0.01649
0.01636
0.015094
0.016178
0.032537
0.016151
0.017811
0.017548
0.018426
0.016838
0.039228
0.018242
0.018786
