0.000147
0.21929
0.003619
0.003481
0.003338
0.00354
0.003423
0.003987
0.00289
0.003417
0.003276
0.003724
0.003532
0.003491
0.003397
0.003171
0.0034
0.002996
0.003398
NaN
NaN
NaN
NaN
0.000139
0.237
0.005801
0.004506
0.004064
NaN
NaN
NaN
NaN
0.000167
0.22352
0.003726
0.00311
0.00319
0.003199
0.003197
0.00289
0.003195
0.003265
0.003675
0.003008
0.003674
0.00352
0.003397
0.003154
0.003054
0.003872
0.003869
0.003493
0.003743
0.003587
0.003848
0.003625
0.003928
0.003272
0.003097
0.002783
0.002958
0.005351
0.003815
0.003592
0.003832
0.003166
0.00346
0.003756
0.004715
0.003422
0.00416
0.003673
0.003243
0.002965
0.003873
0.004677
0.002901
0.002984
0.002862
0.003074
0.003305
0.00413
0.003806
0.005326
0.004422
0.003247
NaN
NaN
NaN
NaN
0.000171
0.22071
0.002924
0.002934
0.002742
0.002807
0.002775
0.003156
0.003166
0.002958
0.002837
0.002861
0.002881
0.003022
0.002817
0.002871
0.003725
0.00518
NaN
NaN
NaN
NaN
0.000175
0.21303
0.003107
0.002941
0.003692
0.003015
0.003007
0.002904
