1.3109,1.1766,1.4705,0,0,0,0,0,0,0,0,0,0,0,0
0.16236,0.16666,0.15363,0,0,0,0,0,0,0,0,0,0,0,0
0.091352,0.084366,0.085287,0,0,0,0,0,0,0,0,0,0,0,0
0.071831,0.069007,0.074678,0,0,0,0,0,0,0,0,0,0,0,0
0.090895,0.093695,0.092491,0,0,0,0,0,0,0,0,0,0,0,0
0.094994,0.088072,0.078587,0,0,0,0,0,0,0,0,0,0,0,0
0.067511,0.051773,0.051394,0,0,0,0,0,0,0,0,0,0,0,0
0.046061,0.046539,0.04659,0,0,0,0,0,0,0,0,0,0,0,0
0.057747,0.048623,0.044501,0,0,0,0,0,0,0,0,0,0,0,0
0.038903,0.024051,0.022681,0,0,0,0,0,0,0,0,0,0,0,0
0.043334,0.021722,0.022049,0,0,0,0,0,0,0,0,0,0,0,0
0.022329,0.021623,0.022907,0,0,0,0,0,0,0,0,0,0,0,0
0.021118,0.022425,0.033803,0,0,0,0,0,0,0,0,0,0,0,0
0.022312,0.022544,0.022393,0,0,0,0,0,0,0,0,0,0,0,0
0.073833,0.05721,0.048363,0,0,0,0,0,0,0,0,0,0,0,0
0.022075,0.024025,0.028352,0,0,0,0,0,0,0,0,0,0,0,0
0.027374,0.024233,0.021299,0,0,0,0,0,0,0,0,0,0,0,0
0.038143,0.024206,0.022207,0,0,0,0,0,0,0,0,0,0,0,0
0.035224,0.023633,0.021848,0,0,0,0,0,0,0,0,0,0,0,0
0.02869,0.021936,0.022492,0,0,0,0,0,0,0,0,0,0,0,0
0.045812,0.044961,0.057699,0,0,0,0,0,0,0,0,0,0,0,0
0.022129,0.020415,0.021984,0,0,0,0,0,0,0,0,0,0,0,0
0.036411,0.020516,0.021705,0,0,0,0,0,0,0,0,0,0,0,0
0.021637,0.021391,0.021433,0,0,0,0,0,0,0,0,0,0,0,0
0.021267,0.02053,0.021043,0,0,0,0,0,0,0,0,0,0,0,0
0.021309,0.020834,0.021887,0,0,0,0,0,0,0,0,0,0,0,0
0.056572,0.055821,0.048551,0,0,0,0,0,0,0,0,0,0,0,0
0.02565,0.02803,0.024497,0,0,0,0,0,0,0,0,0,0,0,0
0.023541,0.032627,0.022856,0,0,0,0,0,0,0,0,0,0,0,0
0.050931,0.026525,0.02436,0,0,0,0,0,0,0,0,0,0,0,0
0.059916,0.031201,0.036473,0,0,0,0,0,0,0,0,0,0,0,0
0.03158,0.028042,0.02872,0,0,0,0,0,0,0,0,0,0,0,0
0.055517,0.05735,0.055185,0,0,0,0,0,0,0,0,0,0,0,0
0.025374,0.026455,0.03837,0,0,0,0,0,0,0,0,0,0,0,0
0.02858,0.027076,0.026773,0,0,0,0,0,0,0,0,0,0,0,0
0.024531,0.035603,0.025048,0,0,0,0,0,0,0,0,0,0,0,0
0.024731,0.023779,0.021989,0,0,0,0,0,0,0,0,0,0,0,0
0.023522,0.023429,0.034695,0,0,0,0,0,0,0,0,0,0,0,0
0.044945,0.04939,0.048152,0,0,0,0,0,0,0,0,0,0,0,0
0.022793,0.021662,0.021901,0,0,0,0,0,0,0,0,0,0,0,0
0.026765,0.02166,0.028333,0,0,0,0,0,0,0,0,0,0,0,0
0.021538,0.029015,0.023801,0,0,0,0,0,0,0,0,0,0,0,0
0.037732,0.021939,0.03687,0,0,0,0,0,0,0,0,0,0,0,0
0.038853,0.021909,0.022181,0,0,0,0,0,0,0,0,0,0,0,0
0.066436,0.048218,0.056292,0,0,0,0,0,0,0,0,0,0,0,0
0.038368,0.031409,0.021557,0,0,0,0,0,0,0,0,0,0,0,0
0.043811,0.024786,0.033661,0,0,0,0,0,0,0,0,0,0,0,0
0.040356,0.024995,0.020346,0,0,0,0,0,0,0,0,0,0,0,0
0.032992,0.02106,0.021081,0,0,0,0,0,0,0,0,0,0,0,0
0.021448,0.027212,0.02038,0,0,0,0,0,0,0,0,0,0,0,0
0.042677,0.04739,0.059518,0,0,0,0,0,0,0,0,0,0,0,0
0.032356,0.021807,0.022634,0,0,0,0,0,0,0,0,0,0,0,0
0.035187,0.022067,0.021072,0,0,0,0,0,0,0,0,0,0,0,0
0.021119,0.033446,0.029453,0,0,0,0,0,0,0,0,0,0,0,0
0.021865,0.027302,0.022146,0,0,0,0,0,0,0,0,0,0,0,0
0.027141,0.025083,0.024657,0,0,0,0,0,0,0,0,0,0,0,0
0.052622,0.056184,0.049469,0,0,0,0,0,0,0,0,0,0,0,0
0.030657,0.022171,0.022262,0,0,0,0,0,0,0,0,0,0,0,0
0.032133,0.022585,0.022117,0,0,0,0,0,0,0,0,0,0,0,0
0.030944,0.021288,0.028262,0,0,0,0,0,0,0,0,0,0,0,0
0.026709,0.021251,0.024213,0,0,0,0,0,0,0,0,0,0,0,0
0.038968,0.02851,0.020195,0,0,0,0,0,0,0,0,0,0,0,0
0.051396,0.047554,0.05264,0,0,0,0,0,0,0,0,0,0,0,0
0.023907,0.033387,0.020635,0,0,0,0,0,0,0,0,0,0,0,0
0.042672,0.021463,0.027402,0,0,0,0,0,0,0,0,0,0,0,0
0.043471,0.026673,0.024463,0,0,0,0,0,0,0,0,0,0,0,0
0.024521,0.03726,0.023592,0,0,0,0,0,0,0,0,0,0,0,0
0.022514,0.022848,0.021986,0,0,0,0,0,0,0,0,0,0,0,0
0.053896,0.053428,0.052202,0,0,0,0,0,0,0,0,0,0,0,0
0.02485,0.034998,0.022723,0,0,0,0,0,0,0,0,0,0,0,0
0.043365,0.02405,0.027519,0,0,0,0,0,0,0,0,0,0,0,0
0.023089,0.036247,0.036953,0,0,0,0,0,0,0,0,0,0,0,0
0.028574,0.022845,0.021737,0,0,0,0,0,0,0,0,0,0,0,0
0.021949,0.023358,0.021411,0,0,0,0,0,0,0,0,0,0,0,0
0.057474,0.050948,0.045337,0,0,0,0,0,0,0,0,0,0,0,0
0.026636,0.025592,0.022869,0,0,0,0,0,0,0,0,0,0,0,0
0.02313,0.022869,0.021593,0,0,0,0,0,0,0,0,0,0,0,0
0.038271,0.02276,0.022362,0,0,0,0,0,0,0,0,0,0,0,0
0.042224,0.024906,0.02242,0,0,0,0,0,0,0,0,0,0,0,0
0.02754,0.038291,0.021867,0,0,0,0,0,0,0,0,0,0,0,0
0.069666,0.044013,0.04228,0,0,0,0,0,0,0,0,0,0,0,0
0.035482,0.031521,0.025175,0,0,0,0,0,0,0,0,0,0,0,0
0.024224,0.035539,0.022895,0,0,0,0,0,0,0,0,0,0,0,0
0.024645,0.024797,0.02265,0,0,0,0,0,0,0,0,0,0,0,0
0.024377,0.022707,0.022236,0,0,0,0,0,0,0,0,0,0,0,0
0.021433,0.023814,0.027871,0,0,0,0,0,0,0,0,0,0,0,0
0.063581,0.051132,0.044404,0,0,0,0,0,0,0,0,0,0,0,0
0.038196,0.023789,0.029057,0,0,0,0,0,0,0,0,0,0,0,0
0.021369,0.022502,0.024655,0,0,0,0,0,0,0,0,0,0,0,0
0.033401,0.02752,0.021699,0,0,0,0,0,0,0,0,0,0,0,0
0.026135,0.024146,0.022001,0,0,0,0,0,0,0,0,0,0,0,0
0.052624,0.022297,0.020582,0,0,0,0,0,0,0,0,0,0,0,0
0.06285,0.062382,0.043297,0,0,0,0,0,0,0,0,0,0,0,0
0.024429,0.022821,0.022007,0,0,0,0,0,0,0,0,0,0,0,0
0.019704,0.028237,0.020639,0,0,0,0,0,0,0,0,0,0,0,0
0.02751,0.03374,0.029488,0,0,0,0,0,0,0,0,0,0,0,0
0.026608,0.036135,0.031916,0,0,0,0,0,0,0,0,0,0,0,0
0.029365,0.021699,0.020785,0,0,0,0,0,0,0,0,0,0,0,0
0.057617,0.051544,0.055528,0,0,0,0,0,0,0,0,0,0,0,0
0.031966,0.020296,0.022141,0,0,0,0,0,0,0,0,0,0,0,0
0.029398,0.019701,0.021508,0,0,0,0,0,0,0,0,0,0,0,0
0.026698,0.020039,0.022006,0,0,0,0,0,0,0,0,0,0,0,0
0.034202,0.020469,0.03352,0,0,0,0,0,0,0,0,0,0,0,0
0.021411,0.026479,0.022588,0,0,0,0,0,0,0,0,0,0,0,0
0.058578,0.049109,0.052652,0,0,0,0,0,0,0,0,0,0,0,0
0.041897,0.022396,0.024556,0,0,0,0,0,0,0,0,0,0,0,0
0.045193,0.019528,0.023731,0,0,0,0,0,0,0,0,0,0,0,0
0.038962,0.022437,0.027425,0,0,0,0,0,0,0,0,0,0,0,0
0.033985,0.022705,0.02143,0,0,0,0,0,0,0,0,0,0,0,0
0.023464,0.021506,0.029519,0,0,0,0,0,0,0,0,0,0,0,0
0.060772,0.052738,0.046849,0,0,0,0,0,0,0,0,0,0,0,0
0.023877,0.02726,0.025389,0,0,0,0,0,0,0,0,0,0,0,0
0.0385,0.019984,0.023961,0,0,0,0,0,0,0,0,0,0,0,0
0.029553,0.02577,0.025728,0,0,0,0,0,0,0,0,0,0,0,0
0.057151,0.020697,0.021764,0,0,0,0,0,0,0,0,0,0,0,0
0.022316,0.027611,0.025537,0,0,0,0,0,0,0,0,0,0,0,0
0.050142,0.043498,0.043505,0,0,0,0,0,0,0,0,0,0,0,0
0.022966,0.029621,0.020533,0,0,0,0,0,0,0,0,0,0,0,0
0.038056,0.025413,0.021998,0,0,0,0,0,0,0,0,0,0,0,0
0.020464,0.039584,0.024979,0,0,0,0,0,0,0,0,0,0,0,0
0.041131,0.021785,0.021718,0,0,0,0,0,0,0,0,0,0,0,0
0.037409,0.026975,0.021658,0,0,0,0,0,0,0,0,0,0,0,0
0.061008,0.060968,0.057432,0,0,0,0,0,0,0,0,0,0,0,0
0.021063,0.024367,0.03708,0,0,0,0,0,0,0,0,0,0,0,0
0.021692,0.033647,0.038892,0,0,0,0,0,0,0,0,0,0,0,0
0.041453,0.026074,0.02671,0,0,0,0,0,0,0,0,0,0,0,0
0.021346,0.024615,0.029195,0,0,0,0,0,0,0,0,0,0,0,0
0.028511,0.023112,0.038452,0,0,0,0,0,0,0,0,0,0,0,0
0.0643,0.049668,0.066495,0,0,0,0,0,0,0,0,0,0,0,0
0.02096,0.023806,0.025195,0,0,0,0,0,0,0,0,0,0,0,0
0.024842,0.021791,0.034866,0,0,0,0,0,0,0,0,0,0,0,0
0.026395,0.032746,0.022958,0,0,0,0,0,0,0,0,0,0,0,0
0.040064,0.025375,0.02376,0,0,0,0,0,0,0,0,0,0,0,0
0.021198,0.027519,0.032102,0,0,0,0,0,0,0,0,0,0,0,0
0.06248,0.065716,0.051743,0,0,0,0,0,0,0,0,0,0,0,0
0.023672,0.023624,0.02694,0,0,0,0,0,0,0,0,0,0,0,0
0.028329,0.028095,0.029728,0,0,0,0,0,0,0,0,0,0,0,0
0.02958,0.024779,0.027673,0,0,0,0,0,0,0,0,0,0,0,0
0.02214,0.036688,0.036152,0,0,0,0,0,0,0,0,0,0,0,0
0.045492,0.037405,0.02504,0,0,0,0,0,0,0,0,0,0,0,0
0.048776,0.046343,0.050855,0,0,0,0,0,0,0,0,0,0,0,0
0.033046,0.020355,0.036309,0,0,0,0,0,0,0,0,0,0,0,0
0.039633,0.020235,0.037828,0,0,0,0,0,0,0,0,0,0,0,0
0.024166,0.021727,0.023792,0,0,0,0,0,0,0,0,0,0,0,0
0.033461,0.026769,0.025079,0,0,0,0,0,0,0,0,0,0,0,0
0.021448,0.024178,0.026665,0,0,0,0,0,0,0,0,0,0,0,0
0.051511,0.051338,0.051532,0,0,0,0,0,0,0,0,0,0,0,0
0.02123,0.035589,0.025531,0,0,0,0,0,0,0,0,0,0,0,0
0.035112,0.020863,0.025958,0,0,0,0,0,0,0,0,0,0,0,0
0.044,0.037571,0.025456,0,0,0,0,0,0,0,0,0,0,0,0
0.035546,0.021778,0.023983,0,0,0,0,0,0,0,0,0,0,0,0
0.020654,0.029664,0.023408,0,0,0,0,0,0,0,0,0,0,0,0
0.04549,0.06777,0.064994,0,0,0,0,0,0,0,0,0,0,0,0
0.024388,0.025368,0.039594,0,0,0,0,0,0,0,0,0,0,0,0
0.036634,0.027617,0.037818,0,0,0,0,0,0,0,0,0,0,0,0
0.033373,0.025551,0.033076,0,0,0,0,0,0,0,0,0,0,0,0
0.021434,0.026349,0.041497,0,0,0,0,0,0,0,0,0,0,0,0
0.036393,0.03537,0.022298,0,0,0,0,0,0,0,0,0,0,0,0
0.043662,0.051567,0.054035,0,0,0,0,0,0,0,0,0,0,0,0
0.021354,0.025088,0.03101,0,0,0,0,0,0,0,0,0,0,0,0
0.024014,0.025574,0.028792,0,0,0,0,0,0,0,0,0,0,0,0
0.025385,0.023488,0.033387,0,0,0,0,0,0,0,0,0,0,0,0
0.022079,0.027664,0.024901,0,0,0,0,0,0,0,0,0,0,0,0
0.022564,0.036147,0.041904,0,0,0,0,0,0,0,0,0,0,0,0
0.066062,0.050002,0.061353,0,0,0,0,0,0,0,0,0,0,0,0
0.036233,0.032024,0.036533,0,0,0,0,0,0,0,0,0,0,0,0
0.020915,0.030235,0.02083,0,0,0,0,0,0,0,0,0,0,0,0
0.020989,0.024087,0.026338,0,0,0,0,0,0,0,0,0,0,0,0
0.022863,0.024106,0.024576,0,0,0,0,0,0,0,0,0,0,0,0
0.03056,0.023352,0.02556,0,0,0,0,0,0,0,0,0,0,0,0
0.042974,0.047443,0.04937,0,0,0,0,0,0,0,0,0,0,0,0
0.042317,0.021059,0.021183,0,0,0,0,0,0,0,0,0,0,0,0
0.023267,0.020213,0.021009,0,0,0,0,0,0,0,0,0,0,0,0
0.020549,0.022717,0.02105,0,0,0,0,0,0,0,0,0,0,0,0
0.020957,0.021552,0.021866,0,0,0,0,0,0,0,0,0,0,0,0
0.029708,0.020572,0.020576,0,0,0,0,0,0,0,0,0,0,0,0
0.055116,0.047845,0.047881,0,0,0,0,0,0,0,0,0,0,0,0
0.033931,0.021867,0.022313,0,0,0,0,0,0,0,0,0,0,0,0
0.029354,0.020323,0.021042,0,0,0,0,0,0,0,0,0,0,0,0
0.025931,0.021272,0.02134,0,0,0,0,0,0,0,0,0,0,0,0
0.021165,0.021049,0.022155,0,0,0,0,0,0,0,0,0,0,0,0
0.020532,0.020699,0.021105,0,0,0,0,0,0,0,0,0,0,0,0
0.042625,0.044586,0.042728,0,0,0,0,0,0,0,0,0,0,0,0
0.040965,0.020335,0.019707,0,0,0,0,0,0,0,0,0,0,0,0
0.021067,0.022011,0.022481,0,0,0,0,0,0,0,0,0,0,0,0
0.035017,0.021409,0.020593,0,0,0,0,0,0,0,0,0,0,0,0
0.031116,0.020229,0.023043,0,0,0,0,0,0,0,0,0,0,0,0
0.035173,0.028694,0.033488,0,0,0,0,0,0,0,0,0,0,0,0
0.046728,0.057114,0.044129,0,0,0,0,0,0,0,0,0,0,0,0
0.024959,0.039074,0.022599,0,0,0,0,0,0,0,0,0,0,0,0
0.027965,0.024141,0.021632,0,0,0,0,0,0,0,0,0,0,0,0
0.022718,0.02601,0.034615,0,0,0,0,0,0,0,0,0,0,0,0
0.023493,0.022611,0.025389,0,0,0,0,0,0,0,0,0,0,0,0
0.023876,0.021577,0.020532,0,0,0,0,0,0,0,0,0,0,0,0
0.061572,0.043805,0.045207,0,0,0,0,0,0,0,0,0,0,0,0
0.033894,0.020229,0.035928,0,0,0,0,0,0,0,0,0,0,0,0
0.025229,0.020403,0.026288,0,0,0,0,0,0,0,0,0,0,0,0
0.032928,0.033806,0.023354,0,0,0,0,0,0,0,0,0,0,0,0
0.035795,0.025322,0.026415,0,0,0,0,0,0,0,0,0,0,0,0
0.027681,0.021064,0.042854,0,0,0,0,0,0,0,0,0,0,0,0
0.063847,0.05406,0.051606,0,0,0,0,0,0,0,0,0,0,0,0
0.024467,0.035999,0.039672,0,0,0,0,0,0,0,0,0,0,0,0
0.030137,0.022241,0.034655,0,0,0,0,0,0,0,0,0,0,0,0
0.041809,0.032951,0.023867,0,0,0,0,0,0,0,0,0,0,0,0
0.023265,0.023108,0.02284,0,0,0,0,0,0,0,0,0,0,0,0
0.022496,0.023104,0.036541,0,0,0,0,0,0,0,0,0,0,0,0
0.048475,0.055171,0.045303,0,0,0,0,0,0,0,0,0,0,0,0
0.042944,0.029238,0.024014,0,0,0,0,0,0,0,0,0,0,0,0
0.042652,0.021636,0.020607,0,0,0,0,0,0,0,0,0,0,0,0
0.023864,0.020088,0.03095,0,0,0,0,0,0,0,0,0,0,0,0
0.020447,0.021009,0.020801,0,0,0,0,0,0,0,0,0,0,0,0
0.037527,0.021673,0.026799,0,0,0,0,0,0,0,0,0,0,0,0
0.056808,0.0436,0.051384,0,0,0,0,0,0,0,0,0,0,0,0
0.038336,0.020237,0.020188,0,0,0,0,0,0,0,0,0,0,0,0
0.043198,0.034336,0.020921,0,0,0,0,0,0,0,0,0,0,0,0
0.032615,0.024771,0.029798,0,0,0,0,0,0,0,0,0,0,0,0
0.036142,0.019268,0.01957,0,0,0,0,0,0,0,0,0,0,0,0
0.03836,0.029903,0.030042,0,0,0,0,0,0,0,0,0,0,0,0
0.058177,0.044253,0.04677,0,0,0,0,0,0,0,0,0,0,0,0
0.021046,0.020176,0.020442,0,0,0,0,0,0,0,0,0,0,0,0
0.026798,0.020446,0.019498,0,0,0,0,0,0,0,0,0,0,0,0
0.038062,0.02032,0.020856,0,0,0,0,0,0,0,0,0,0,0,0
0.021427,0.020769,0.022245,0,0,0,0,0,0,0,0,0,0,0,0
0.021013,0.021614,0.023573,0,0,0,0,0,0,0,0,0,0,0,0
0.047079,0.04299,0.043773,0,0,0,0,0,0,0,0,0,0,0,0
0.037699,0.021471,0.033252,0,0,0,0,0,0,0,0,0,0,0,0
0.024146,0.022455,0.032141,0,0,0,0,0,0,0,0,0,0,0,0
0.023248,0.020475,0.02274,0,0,0,0,0,0,0,0,0,0,0,0
0.039108,0.020932,0.022564,0,0,0,0,0,0,0,0,0,0,0,0
0.024512,0.02104,0.022797,0,0,0,0,0,0,0,0,0,0,0,0
0.050442,0.050031,0.051629,0,0,0,0,0,0,0,0,0,0,0,0
0.027694,0.023224,0.023221,0,0,0,0,0,0,0,0,0,0,0,0
0.01985,0.020516,0.022475,0,0,0,0,0,0,0,0,0,0,0,0
0.026234,0.024833,0.023455,0,0,0,0,0,0,0,0,0,0,0,0
0.04035,0.031138,0.025911,0,0,0,0,0,0,0,0,0,0,0,0
0.020618,0.021799,0.028136,0,0,0,0,0,0,0,0,0,0,0,0
0.059531,0.050184,0.058399,0,0,0,0,0,0,0,0,0,0,0,0
0.02507,0.024434,0.030838,0,0,0,0,0,0,0,0,0,0,0,0
0.021225,0.025167,0.024545,0,0,0,0,0,0,0,0,0,0,0,0
0.022017,0.020703,0.021375,0,0,0,0,0,0,0,0,0,0,0,0
0.036918,0.021802,0.027546,0,0,0,0,0,0,0,0,0,0,0,0
0.024938,0.020538,0.021066,0,0,0,0,0,0,0,0,0,0,0,0
0.051636,0.044571,0.052338,0,0,0,0,0,0,0,0,0,0,0,0
0.03411,0.024676,0.024489,0,0,0,0,0,0,0,0,0,0,0,0
0.022196,0.025817,0.032116,0,0,0,0,0,0,0,0,0,0,0,0
0.025212,0.024048,0.020218,0,0,0,0,0,0,0,0,0,0,0,0
0.023799,0.025225,0.027083,0,0,0,0,0,0,0,0,0,0,0,0
0.035235,0.024487,0.020936,0,0,0,0,0,0,0,0,0,0,0,0
0.050131,0.074719,0.054665,0,0,0,0,0,0,0,0,0,0,0,0
0.037498,0.037445,0.020261,0,0,0,0,0,0,0,0,0,0,0,0
0.024565,0.033149,0.022895,0,0,0,0,0,0,0,0,0,0,0,0
0.023333,0.0223,0.02129,0,0,0,0,0,0,0,0,0,0,0,0
0.030917,0.030165,0.030006,0,0,0,0,0,0,0,0,0,0,0,0
0.028684,0.023155,0.024883,0,0,0,0,0,0,0,0,0,0,0,0
0.060896,0.050153,0.05343,0,0,0,0,0,0,0,0,0,0,0,0
0.036414,0.021189,0.021439,0,0,0,0,0,0,0,0,0,0,0,0
0.037625,0.022805,0.023047,0,0,0,0,0,0,0,0,0,0,0,0
0.029322,0.033824,0.044031,0,0,0,0,0,0,0,0,0,0,0,0
0.021658,0.029119,0.023664,0,0,0,0,0,0,0,0,0,0,0,0
0.031584,0.031715,0.023747,0,0,0,0,0,0,0,0,0,0,0,0
0.050864,0.041591,0.051642,0,0,0,0,0,0,0,0,0,0,0,0
0.021715,0.021094,0.023026,0,0,0,0,0,0,0,0,0,0,0,0
0.025301,0.021761,0.023499,0,0,0,0,0,0,0,0,0,0,0,0
0.020211,0.022052,0.022866,0,0,0,0,0,0,0,0,0,0,0,0
0.05526,0.029259,0.021499,0,0,0,0,0,0,0,0,0,0,0,0
0.027094,0.02102,0.02271,0,0,0,0,0,0,0,0,0,0,0,0
0.043961,0.052159,0.050883,0,0,0,0,0,0,0,0,0,0,0,0
0.021316,0.02456,0.021608,0,0,0,0,0,0,0,0,0,0,0,0
0.032658,0.021006,0.020777,0,0,0,0,0,0,0,0,0,0,0,0
0.029551,0.026887,0.022077,0,0,0,0,0,0,0,0,0,0,0,0
0.030268,0.024128,0.02776,0,0,0,0,0,0,0,0,0,0,0,0
0.025393,0.024593,0.024236,0,0,0,0,0,0,0,0,0,0,0,0
0.065778,0.041605,0.051901,0,0,0,0,0,0,0,0,0,0,0,0
0.028441,0.02015,0.023578,0,0,0,0,0,0,0,0,0,0,0,0
0.020251,0.019798,0.030576,0,0,0,0,0,0,0,0,0,0,0,0
0.026771,0.026698,0.023251,0,0,0,0,0,0,0,0,0,0,0,0
0.035989,0.020224,0.023413,0,0,0,0,0,0,0,0,0,0,0,0
0.025271,0.022803,0.023256,0,0,0,0,0,0,0,0,0,0,0,0
0.043431,0.050393,0.050048,0,0,0,0,0,0,0,0,0,0,0,0
0.020828,0.021981,0.023453,0,0,0,0,0,0,0,0,0,0,0,0
0.020418,0.044237,0.023581,0,0,0,0,0,0,0,0,0,0,0,0
0.036576,0.028152,0.023252,0,0,0,0,0,0,0,0,0,0,0,0
0.024588,0.026099,0.023054,0,0,0,0,0,0,0,0,0,0,0,0
0.049108,0.034399,0.022677,0,0,0,0,0,0,0,0,0,0,0,0
0.067096,0.049284,0.050302,0,0,0,0,0,0,0,0,0,0,0,0
0.026034,0.023984,0.022998,0,0,0,0,0,0,0,0,0,0,0,0
0.024268,0.021681,0.023884,0,0,0,0,0,0,0,0,0,0,0,0
0.024647,0.020895,0.022877,0,0,0,0,0,0,0,0,0,0,0,0
0.022717,0.022261,0.031966,0,0,0,0,0,0,0,0,0,0,0,0
0.030101,0.023214,0.023482,0,0,0,0,0,0,0,0,0,0,0,0
0.05148,0.042893,0.063782,0,0,0,0,0,0,0,0,0,0,0,0
0.021976,0.020943,0.026323,0,0,0,0,0,0,0,0,0,0,0,0
0.019096,0.019977,0.023494,0,0,0,0,0,0,0,0,0,0,0,0
0.029138,0.02215,0.023436,0,0,0,0,0,0,0,0,0,0,0,0
0.036388,0.026113,0.022283,0,0,0,0,0,0,0,0,0,0,0,0
0.021811,0.020749,0.024648,0,0,0,0,0,0,0,0,0,0,0,0
0.044236,0.051641,0.053438,0,0,0,0,0,0,0,0,0,0,0,0
0.023537,0.029085,0.024375,0,0,0,0,0,0,0,0,0,0,0,0
0.0276,0.021809,0.020443,0,0,0,0,0,0,0,0,0,0,0,0
0.039978,0.024909,0.022266,0,0,0,0,0,0,0,0,0,0,0,0
0.020324,0.022029,0.021342,0,0,0,0,0,0,0,0,0,0,0,0
0.019896,0.025371,0.022071,0,0,0,0,0,0,0,0,0,0,0,0
0.043188,0.066185,0.042215,0,0,0,0,0,0,0,0,0,0,0,0
0.026006,0.024872,0.027419,0,0,0,0,0,0,0,0,0,0,0,0
0.027465,0.023242,0.021106,0,0,0,0,0,0,0,0,0,0,0,0
0.049541,0.022465,0.021838,0,0,0,0,0,0,0,0,0,0,0,0
0.035943,0.02682,0.020971,0,0,0,0,0,0,0,0,0,0,0,0
0.028117,0.036997,0.02215,0,0,0,0,0,0,0,0,0,0,0,0
0.045781,0.060147,0.041702,0,0,0,0,0,0,0,0,0,0,0,0
0.040969,0.045451,0.020801,0,0,0,0,0,0,0,0,0,0,0,0
0.045404,0.026565,0.020991,0,0,0,0,0,0,0,0,0,0,0,0
0.029857,0.022745,0.022506,0,0,0,0,0,0,0,0,0,0,0,0
0.030321,0.021612,0.022156,0,0,0,0,0,0,0,0,0,0,0,0
0.037161,0.019989,0.021766,0,0,0,0,0,0,0,0,0,0,0,0
0.044794,0.043273,0.044867,0,0,0,0,0,0,0,0,0,0,0,0
0.036374,0.022584,0.02077,0,0,0,0,0,0,0,0,0,0,0,0
0.028533,0.027226,0.026195,0,0,0,0,0,0,0,0,0,0,0,0
0.031321,0.036608,0.019999,0,0,0,0,0,0,0,0,0,0,0,0
0.020634,0.019777,0.020396,0,0,0,0,0,0,0,0,0,0,0,0
0.026738,0.019999,0.021235,0,0,0,0,0,0,0,0,0,0,0,0
0.046332,0.046331,0.042483,0,0,0,0,0,0,0,0,0,0,0,0
0.037156,0.020285,0.020782,0,0,0,0,0,0,0,0,0,0,0,0
0.031696,0.020902,0.03032,0,0,0,0,0,0,0,0,0,0,0,0
0.040944,0.021085,0.023817,0,0,0,0,0,0,0,0,0,0,0,0
0.041238,0.034458,0.020058,0,0,0,0,0,0,0,0,0,0,0,0
0.027167,0.036648,0.02247,0,0,0,0,0,0,0,0,0,0,0,0
0.048895,0.052151,0.055367,0,0,0,0,0,0,0,0,0,0,0,0
0.028934,0.024495,0.020791,0,0,0,0,0,0,0,0,0,0,0,0
0.020672,0.020742,0.028446,0,0,0,0,0,0,0,0,0,0,0,0
0.037752,0.021947,0.021089,0,0,0,0,0,0,0,0,0,0,0,0
0.035769,0.020944,0.021233,0,0,0,0,0,0,0,0,0,0,0,0
0.035945,0.021171,0.028621,0,0,0,0,0,0,0,0,0,0,0,0
0.047002,0.045452,0.04262,0,0,0,0,0,0,0,0,0,0,0,0
0.036527,0.02116,0.020245,0,0,0,0,0,0,0,0,0,0,0,0
0.02121,0.025868,0.023586,0,0,0,0,0,0,0,0,0,0,0,0
0.040459,0.024215,0.023188,0,0,0,0,0,0,0,0,0,0,0,0
0.022693,0.035915,0.024394,0,0,0,0,0,0,0,0,0,0,0,0
0.034232,0.022118,0.024405,0,0,0,0,0,0,0,0,0,0,0,0
0.049217,0.051104,0.049783,0,0,0,0,0,0,0,0,0,0,0,0
0.037423,0.022806,0.02409,0,0,0,0,0,0,0,0,0,0,0,0
0.04006,0.020288,0.0243,0,0,0,0,0,0,0,0,0,0,0,0
0.020905,0.021578,0.023903,0,0,0,0,0,0,0,0,0,0,0,0
0.021688,0.020936,0.020705,0,0,0,0,0,0,0,0,0,0,0,0
0.029788,0.025836,0.02056,0,0,0,0,0,0,0,0,0,0,0,0
0.043942,0.065904,0.046272,0,0,0,0,0,0,0,0,0,0,0,0
0.02899,0.033346,0.020002,0,0,0,0,0,0,0,0,0,0,0,0
0.024283,0.022112,0.022217,0,0,0,0,0,0,0,0,0,0,0,0
0.030411,0.020993,0.0206,0,0,0,0,0,0,0,0,0,0,0,0
0.03033,0.020112,0.022019,0,0,0,0,0,0,0,0,0,0,0,0
0.020395,0.021177,0.020917,0,0,0,0,0,0,0,0,0,0,0,0
0.053275,0.050694,0.046229,0,0,0,0,0,0,0,0,0,0,0,0
0.024159,0.023833,0.027084,0,0,0,0,0,0,0,0,0,0,0,0
0.031636,0.020149,0.021689,0,0,0,0,0,0,0,0,0,0,0,0
0.020188,0.028436,0.022643,0,0,0,0,0,0,0,0,0,0,0,0
0.038552,0.019435,0.030484,0,0,0,0,0,0,0,0,0,0,0,0
0.021555,0.01926,0.022259,0,0,0,0,0,0,0,0,0,0,0,0
0.042271,0.044043,0.050591,0,0,0,0,0,0,0,0,0,0,0,0
0.037806,0.037901,0.02155,0,0,0,0,0,0,0,0,0,0,0,0
0.037496,0.023732,0.020952,0,0,0,0,0,0,0,0,0,0,0,0
0.02209,0.020399,0.022153,0,0,0,0,0,0,0,0,0,0,0,0
0.023316,0.022724,0.021838,0,0,0,0,0,0,0,0,0,0,0,0
0.021218,0.030901,0.02163,0,0,0,0,0,0,0,0,0,0,0,0
0.059829,0.050158,0.044458,0,0,0,0,0,0,0,0,0,0,0,0
0.020905,0.023018,0.020323,0,0,0,0,0,0,0,0,0,0,0,0
0.03655,0.036585,0.030266,0,0,0,0,0,0,0,0,0,0,0,0
0.042573,0.023478,0.026166,0,0,0,0,0,0,0,0,0,0,0,0
0.030484,0.023377,0.023611,0,0,0,0,0,0,0,0,0,0,0,0
0.036644,0.023957,0.021186,0,0,0,0,0,0,0,0,0,0,0,0
0.075189,0.052241,0.044843,0,0,0,0,0,0,0,0,0,0,0,0
0.031902,0.022623,0.020942,0,0,0,0,0,0,0,0,0,0,0,0
0.021034,0.022524,0.020959,0,0,0,0,0,0,0,0,0,0,0,0
0.03258,0.023163,0.020992,0,0,0,0,0,0,0,0,0,0,0,0
0.020868,0.020004,0.021086,0,0,0,0,0,0,0,0,0,0,0,0
0.020555,0.020498,0.021708,0,0,0,0,0,0,0,0,0,0,0,0
0.047573,0.045938,0.044447,0,0,0,0,0,0,0,0,0,0,0,0
0.021858,0.026565,0.022138,0,0,0,0,0,0,0,0,0,0,0,0
0.024431,0.020477,0.020274,0,0,0,0,0,0,0,0,0,0,0,0
0.023014,0.030531,0.02196,0,0,0,0,0,0,0,0,0,0,0,0
0.023506,0.024302,0.032533,0,0,0,0,0,0,0,0,0,0,0,0
0.022843,0.024035,0.022157,0,0,0,0,0,0,0,0,0,0,0,0
0.060995,0.042421,0.045956,0,0,0,0,0,0,0,0,0,0,0,0
0.030106,0.021626,0.020916,0,0,0,0,0,0,0,0,0,0,0,0
0.021728,0.020982,0.020567,0,0,0,0,0,0,0,0,0,0,0,0
0.032682,0.021545,0.022268,0,0,0,0,0,0,0,0,0,0,0,0
0.027846,0.020935,0.021444,0,0,0,0,0,0,0,0,0,0,0,0
0.021397,0.020342,0.021,0,0,0,0,0,0,0,0,0,0,0,0
0.043782,0.042379,0.046315,0,0,0,0,0,0,0,0,0,0,0,0
0.028645,0.021221,0.023572,0,0,0,0,0,0,0,0,0,0,0,0
0.022498,0.020295,0.020035,0,0,0,0,0,0,0,0,0,0,0,0
0.020377,0.020544,0.019549,0,0,0,0,0,0,0,0,0,0,0,0
0.038209,0.019989,0.032104,0,0,0,0,0,0,0,0,0,0,0,0
0.036245,0.02214,0.021999,0,0,0,0,0,0,0,0,0,0,0,0
0.053622,0.04334,0.048317,0,0,0,0,0,0,0,0,0,0,0,0
0.039489,0.020959,0.023476,0,0,0,0,0,0,0,0,0,0,0,0
0.021633,0.021615,0.020748,0,0,0,0,0,0,0,0,0,0,0,0
0.022361,0.021588,0.03171,0,0,0,0,0,0,0,0,0,0,0,0
0.030007,0.022769,0.020391,0,0,0,0,0,0,0,0,0,0,0,0
0.021583,0.023157,0.033494,0,0,0,0,0,0,0,0,0,0,0,0
0.042829,0.043373,0.044495,0,0,0,0,0,0,0,0,0,0,0,0
0.020475,0.022901,0.020116,0,0,0,0,0,0,0,0,0,0,0,0
0.042506,0.022827,0.019605,0,0,0,0,0,0,0,0,0,0,0,0
0.034821,0.021531,0.020368,0,0,0,0,0,0,0,0,0,0,0,0
0.020906,0.023608,0.021608,0,0,0,0,0,0,0,0,0,0,0,0
0.047538,0.023516,0.020239,0,0,0,0,0,0,0,0,0,0,0,0
0.06418,0.044843,0.054916,0,0,0,0,0,0,0,0,0,0,0,0
0.022013,0.03081,0.024488,0,0,0,0,0,0,0,0,0,0,0,0
0.021874,0.025023,0.019106,0,0,0,0,0,0,0,0,0,0,0,0
0.038953,0.039055,0.022164,0,0,0,0,0,0,0,0,0,0,0,0
0.022657,0.023086,0.020028,0,0,0,0,0,0,0,0,0,0,0,0
0.021026,0.027311,0.021804,0,0,0,0,0,0,0,0,0,0,0,0
0.042636,0.056371,0.042722,0,0,0,0,0,0,0,0,0,0,0,0
0.024016,0.023504,0.029372,0,0,0,0,0,0,0,0,0,0,0,0
0.020659,0.030033,0.023918,0,0,0,0,0,0,0,0,0,0,0,0
0.037407,0.022349,0.021224,0,0,0,0,0,0,0,0,0,0,0,0
0.021635,0.022312,0.020559,0,0,0,0,0,0,0,0,0,0,0,0
0.028705,0.021543,0.020404,0,0,0,0,0,0,0,0,0,0,0,0
0.069215,0.050599,0.041768,0,0,0,0,0,0,0,0,0,0,0,0
0.020659,0.022853,0.020822,0,0,0,0,0,0,0,0,0,0,0,0
0.022312,0.023662,0.022355,0,0,0,0,0,0,0,0,0,0,0,0
0.036066,0.022654,0.021366,0,0,0,0,0,0,0,0,0,0,0,0
0.023109,0.022122,0.021454,0,0,0,0,0,0,0,0,0,0,0,0
0.022501,0.030452,0.022141,0,0,0,0,0,0,0,0,0,0,0,0
0.052421,0.043453,0.043121,0,0,0,0,0,0,0,0,0,0,0,0
0.031076,0.037221,0.020434,0,0,0,0,0,0,0,0,0,0,0,0
0.019542,0.023531,0.019811,0,0,0,0,0,0,0,0,0,0,0,0
0.020566,0.020624,0.020502,0,0,0,0,0,0,0,0,0,0,0,0
0.023244,0.02038,0.021686,0,0,0,0,0,0,0,0,0,0,0,0
0.021696,0.033317,0.020474,0,0,0,0,0,0,0,0,0,0,0,0
0.064826,0.04315,0.042337,0,0,0,0,0,0,0,0,0,0,0,0
0.023802,0.020515,0.023242,0,0,0,0,0,0,0,0,0,0,0,0
0.042558,0.021674,0.021327,0,0,0,0,0,0,0,0,0,0,0,0
0.036759,0.02189,0.021251,0,0,0,0,0,0,0,0,0,0,0,0
0.023516,0.025324,0.032608,0,0,0,0,0,0,0,0,0,0,0,0
0.022814,0.023283,0.021736,0,0,0,0,0,0,0,0,0,0,0,0
0.046549,0.043482,0.052045,0,0,0,0,0,0,0,0,0,0,0,0
0.0253,0.019965,0.021076,0,0,0,0,0,0,0,0,0,0,0,0
0.022016,0.032835,0.020784,0,0,0,0,0,0,0,0,0,0,0,0
0.023648,0.021907,0.020485,0,0,0,0,0,0,0,0,0,0,0,0
0.024984,0.020387,0.021864,0,0,0,0,0,0,0,0,0,0,0,0
0.020937,0.021301,0.025017,0,0,0,0,0,0,0,0,0,0,0,0
0.046767,0.042572,0.048353,0,0,0,0,0,0,0,0,0,0,0,0
0.039672,0.029449,0.02106,0,0,0,0,0,0,0,0,0,0,0,0
0.032904,0.022586,0.022488,0,0,0,0,0,0,0,0,0,0,0,0
0.021886,0.021492,0.027311,0,0,0,0,0,0,0,0,0,0,0,0
0.026033,0.041753,0.020313,0,0,0,0,0,0,0,0,0,0,0,0
0.026508,0.032314,0.020616,0,0,0,0,0,0,0,0,0,0,0,0
0.045983,0.044914,0.046329,0,0,0,0,0,0,0,0,0,0,0,0
0.040411,0.038247,0.022138,0,0,0,0,0,0,0,0,0,0,0,0
0.020993,0.021997,0.020456,0,0,0,0,0,0,0,0,0,0,0,0
0.02079,0.021696,0.020957,0,0,0,0,0,0,0,0,0,0,0,0
0.023103,0.019628,0.021032,0,0,0,0,0,0,0,0,0,0,0,0
0.022919,0.019652,0.020197,0,0,0,0,0,0,0,0,0,0,0,0
0.042341,0.04297,0.042212,0,0,0,0,0,0,0,0,0,0,0,0
0.020197,0.038837,0.019548,0,0,0,0,0,0,0,0,0,0,0,0
0.019889,0.021503,0.019966,0,0,0,0,0,0,0,0,0,0,0,0
0.020295,0.022333,0.020331,0,0,0,0,0,0,0,0,0,0,0,0
0.021404,0.02553,0.021937,0,0,0,0,0,0,0,0,0,0,0,0
0.020425,0.023475,0.019681,0,0,0,0,0,0,0,0,0,0,0,0
0.055037,0.054626,0.049601,0,0,0,0,0,0,0,0,0,0,0,0
0.034014,0.022703,0.027679,0,0,0,0,0,0,0,0,0,0,0,0
0.026557,0.021119,0.020081,0,0,0,0,0,0,0,0,0,0,0,0
0.021049,0.030404,0.020111,0,0,0,0,0,0,0,0,0,0,0,0
0.020975,0.021735,0.019671,0,0,0,0,0,0,0,0,0,0,0,0
0.02171,0.021316,0.024641,0,0,0,0,0,0,0,0,0,0,0,0
0.059091,0.047126,0.041954,0,0,0,0,0,0,0,0,0,0,0,0
0.029393,0.031812,0.019503,0,0,0,0,0,0,0,0,0,0,0,0
0.026024,0.025018,0.022466,0,0,0,0,0,0,0,0,0,0,0,0
0.027613,0.024582,0.02062,0,0,0,0,0,0,0,0,0,0,0,0
0.042004,0.022594,0.020121,0,0,0,0,0,0,0,0,0,0,0,0
0.021654,0.023067,0.02155,0,0,0,0,0,0,0,0,0,0,0,0
0.044692,0.063008,0.04246,0,0,0,0,0,0,0,0,0,0,0,0
0.026608,0.023875,0.028091,0,0,0,0,0,0,0,0,0,0,0,0
0.023775,0.029593,0.02304,0,0,0,0,0,0,0,0,0,0,0,0
0.034756,0.020472,0.033413,0,0,0,0,0,0,0,0,0,0,0,0
0.023236,0.020219,0.020008,0,0,0,0,0,0,0,0,0,0,0,0
0.021307,0.019465,0.020388,0,0,0,0,0,0,0,0,0,0,0,0
0.048755,0.049959,0.044039,0,0,0,0,0,0,0,0,0,0,0,0
0.039198,0.02282,0.027178,0,0,0,0,0,0,0,0,0,0,0,0
0.033213,0.027071,0.020106,0,0,0,0,0,0,0,0,0,0,0,0
0.034348,0.024429,0.021933,0,0,0,0,0,0,0,0,0,0,0,0
0.031677,0.021175,0.020196,0,0,0,0,0,0,0,0,0,0,0,0
0.020416,0.020813,0.020111,0,0,0,0,0,0,0,0,0,0,0,0
0.042763,0.044228,0.044818,0,0,0,0,0,0,0,0,0,0,0,0
0.034257,0.019566,0.030419,0,0,0,0,0,0,0,0,0,0,0,0
0.041634,0.029827,0.019023,0,0,0,0,0,0,0,0,0,0,0,0
0.038133,0.022516,0.02961,0,0,0,0,0,0,0,0,0,0,0,0
0.024351,0.025837,0.021061,0,0,0,0,0,0,0,0,0,0,0,0
0.023134,0.023274,0.02099,0,0,0,0,0,0,0,0,0,0,0,0
0.041413,0.049705,0.042011,0,0,0,0,0,0,0,0,0,0,0,0
0.021567,0.030716,0.020397,0,0,0,0,0,0,0,0,0,0,0,0
0.032329,0.021058,0.020139,0,0,0,0,0,0,0,0,0,0,0,0
0.021083,0.01935,0.020227,0,0,0,0,0,0,0,0,0,0,0,0
0.020927,0.019826,0.021468,0,0,0,0,0,0,0,0,0,0,0,0
0.025267,0.020265,0.021244,0,0,0,0,0,0,0,0,0,0,0,0
0.053528,0.056581,0.044177,0,0,0,0,0,0,0,0,0,0,0,0
0.031921,0.021495,0.023096,0,0,0,0,0,0,0,0,0,0,0,0
0.025066,0.019751,0.023914,0,0,0,0,0,0,0,0,0,0,0,0
0.020757,0.029982,0.019749,0,0,0,0,0,0,0,0,0,0,0,0
0.023659,0.026967,0.026672,0,0,0,0,0,0,0,0,0,0,0,0
0.036369,0.026673,0.02456,0,0,0,0,0,0,0,0,0,0,0,0
0.059182,0.047941,0.060496,0,0,0,0,0,0,0,0,0,0,0,0
0.041462,0.024164,0.024182,0,0,0,0,0,0,0,0,0,0,0,0
0.046368,0.024537,0.023938,0,0,0,0,0,0,0,0,0,0,0,0
0.033534,0.024599,0.023498,0,0,0,0,0,0,0,0,0,0,0,0
0.038048,0.023537,0.021263,0,0,0,0,0,0,0,0,0,0,0,0
0.032037,0.021835,0.025112,0,0,0,0,0,0,0,0,0,0,0,0
0.073088,0.045669,0.046731,0,0,0,0,0,0,0,0,0,0,0,0
0.042746,0.029763,0.025672,0,0,0,0,0,0,0,0,0,0,0,0
0.03088,0.021177,0.021907,0,0,0,0,0,0,0,0,0,0,0,0
0.042318,0.020225,0.025972,0,0,0,0,0,0,0,0,0,0,0,0
0.019956,0.0253,0.023808,0,0,0,0,0,0,0,0,0,0,0,0
0.038876,0.023533,0.023255,0,0,0,0,0,0,0,0,0,0,0,0
0.064468,0.066863,0.044401,0,0,0,0,0,0,0,0,0,0,0,0
0.047481,0.029194,0.019929,0,0,0,0,0,0,0,0,0,0,0,0
0.032105,0.028268,0.03415,0,0,0,0,0,0,0,0,0,0,0,0
0.042137,0.056003,0.022685,0,0,0,0,0,0,0,0,0,0,0,0
0.037001,0.034202,0.028123,0,0,0,0,0,0,0,0,0,0,0,0
0.038302,0.025621,0.024541,0,0,0,0,0,0,0,0,0,0,0,0
0.049847,0.051139,0.045007,0,0,0,0,0,0,0,0,0,0,0,0
0.039012,0.023902,0.020366,0,0,0,0,0,0,0,0,0,0,0,0
0.028289,0.023172,0.019787,0,0,0,0,0,0,0,0,0,0,0,0
0.021595,0.02503,0.020186,0,0,0,0,0,0,0,0,0,0,0,0
0.021758,0.022983,0.019308,0,0,0,0,0,0,0,0,0,0,0,0
0.031601,0.020527,0.020104,0,0,0,0,0,0,0,0,0,0,0,0
0.039448,0.042389,0.046991,0,0,0,0,0,0,0,0,0,0,0,0
0.033661,0.024581,0.029815,0,0,0,0,0,0,0,0,0,0,0,0
0.032741,0.024889,0.021585,0,0,0,0,0,0,0,0,0,0,0,0
0.025974,0.024698,0.026667,0,0,0,0,0,0,0,0,0,0,0,0
0.036918,0.021698,0.020204,0,0,0,0,0,0,0,0,0,0,0,0
0.02422,0.027173,0.019698,0,0,0,0,0,0,0,0,0,0,0,0
0.045514,0.048553,0.042196,0,0,0,0,0,0,0,0,0,0,0,0
0.030369,0.025397,0.026745,0,0,0,0,0,0,0,0,0,0,0,0
0.02353,0.020176,0.020034,0,0,0,0,0,0,0,0,0,0,0,0
0.056226,0.019977,0.028935,0,0,0,0,0,0,0,0,0,0,0,0
0.021217,0.019825,0.018966,0,0,0,0,0,0,0,0,0,0,0,0
0.024356,0.019362,0.018954,0,0,0,0,0,0,0,0,0,0,0,0
0.043538,0.041668,0.062691,0,0,0,0,0,0,0,0,0,0,0,0
0.020392,0.020325,0.019957,0,0,0,0,0,0,0,0,0,0,0,0
0.034981,0.02,0.020917,0,0,0,0,0,0,0,0,0,0,0,0
0.031571,0.031722,0.040428,0,0,0,0,0,0,0,0,0,0,0,0
0.03684,0.020506,0.020347,0,0,0,0,0,0,0,0,0,0,0,0
0.021516,0.020918,0.019766,0,0,0,0,0,0,0,0,0,0,0,0
0.048488,0.055869,0.043364,0,0,0,0,0,0,0,0,0,0,0,0
0.022254,0.019812,0.019653,0,0,0,0,0,0,0,0,0,0,0,0
0.020169,0.020271,0.019601,0,0,0,0,0,0,0,0,0,0,0,0
0.023239,0.022113,0.020645,0,0,0,0,0,0,0,0,0,0,0,0
0.026581,0.02458,0.023184,0,0,0,0,0,0,0,0,0,0,0,0
0.028158,0.020462,0.032488,0,0,0,0,0,0,0,0,0,0,0,0
0.041728,0.046744,0.048821,0,0,0,0,0,0,0,0,0,0,0,0
0.025047,0.024012,0.021561,0,0,0,0,0,0,0,0,0,0,0,0
0.020702,0.040255,0.024987,0,0,0,0,0,0,0,0,0,0,0,0
0.021026,0.025871,0.019357,0,0,0,0,0,0,0,0,0,0,0,0
0.031255,0.021514,0.01981,0,0,0,0,0,0,0,0,0,0,0,0
0.027512,0.027275,0.033471,0,0,0,0,0,0,0,0,0,0,0,0
0.043295,0.053186,0.042137,0,0,0,0,0,0,0,0,0,0,0,0
0.020204,0.021866,0.030953,0,0,0,0,0,0,0,0,0,0,0,0
0.022918,0.018796,0.023994,0,0,0,0,0,0,0,0,0,0,0,0
0.028521,0.028354,0.024681,0,0,0,0,0,0,0,0,0,0,0,0
0.031454,0.037716,0.020202,0,0,0,0,0,0,0,0,0,0,0,0
0.033645,0.023355,0.035145,0,0,0,0,0,0,0,0,0,0,0,0
0.065052,0.056514,0.042327,0,0,0,0,0,0,0,0,0,0,0,0
0.038506,0.023843,0.021118,0,0,0,0,0,0,0,0,0,0,0,0
0.036457,0.022032,0.019435,0,0,0,0,0,0,0,0,0,0,0,0
0.022019,0.02944,0.019516,0,0,0,0,0,0,0,0,0,0,0,0
0.023691,0.037774,0.024334,0,0,0,0,0,0,0,0,0,0,0,0
0.021906,0.022228,0.024469,0,0,0,0,0,0,0,0,0,0,0,0
0.051673,0.047561,0.058856,0,0,0,0,0,0,0,0,0,0,0,0
0.030217,0.031409,0.022,0,0,0,0,0,0,0,0,0,0,0,0
0.024265,0.022013,0.019839,0,0,0,0,0,0,0,0,0,0,0,0
0.019831,0.027094,0.019815,0,0,0,0,0,0,0,0,0,0,0,0
0.044327,0.021036,0.020725,0,0,0,0,0,0,0,0,0,0,0,0
0.028514,0.021117,0.022043,0,0,0,0,0,0,0,0,0,0,0,0
0.043837,0.048769,0.048836,0,0,0,0,0,0,0,0,0,0,0,0
0.034633,0.034965,0.021123,0,0,0,0,0,0,0,0,0,0,0,0
0.020692,0.022518,0.020226,0,0,0,0,0,0,0,0,0,0,0,0
0.020108,0.028705,0.026647,0,0,0,0,0,0,0,0,0,0,0,0
0.020681,0.021893,0.023225,0,0,0,0,0,0,0,0,0,0,0,0
0.02135,0.02392,0.020985,0,0,0,0,0,0,0,0,0,0,0,0
0.04204,0.050226,0.042889,0,0,0,0,0,0,0,0,0,0,0,0
0.025217,0.027676,0.026854,0,0,0,0,0,0,0,0,0,0,0,0
0.020298,0.020635,0.020077,0,0,0,0,0,0,0,0,0,0,0,0
0.020649,0.021984,0.021109,0,0,0,0,0,0,0,0,0,0,0,0
0.021549,0.022011,0.021548,0,0,0,0,0,0,0,0,0,0,0,0
0.040823,0.041149,0.019733,0,0,0,0,0,0,0,0,0,0,0,0
0.043732,0.052047,0.045436,0,0,0,0,0,0,0,0,0,0,0,0
0.021188,0.025604,0.021174,0,0,0,0,0,0,0,0,0,0,0,0
0.024904,0.034731,0.023062,0,0,0,0,0,0,0,0,0,0,0,0
0.024215,0.023987,0.021704,0,0,0,0,0,0,0,0,0,0,0,0
0.019675,0.025161,0.021823,0,0,0,0,0,0,0,0,0,0,0,0
0.022702,0.026244,0.022806,0,0,0,0,0,0,0,0,0,0,0,0
0.046362,0.049761,0.049494,0,0,0,0,0,0,0,0,0,0,0,0
0.028746,0.023441,0.0211,0,0,0,0,0,0,0,0,0,0,0,0
0.020439,0.026573,0.021113,0,0,0,0,0,0,0,0,0,0,0,0
0.030807,0.025228,0.024345,0,0,0,0,0,0,0,0,0,0,0,0
0.026737,0.022042,0.023321,0,0,0,0,0,0,0,0,0,0,0,0
0.022224,0.02483,0.023221,0,0,0,0,0,0,0,0,0,0,0,0
0.042251,0.050576,0.049669,0,0,0,0,0,0,0,0,0,0,0,0
0.037358,0.036351,0.022545,0,0,0,0,0,0,0,0,0,0,0,0
0.021086,0.021376,0.022695,0,0,0,0,0,0,0,0,0,0,0,0
0.020646,0.021929,0.021239,0,0,0,0,0,0,0,0,0,0,0,0
0.028008,0.020684,0.022844,0,0,0,0,0,0,0,0,0,0,0,0
0.020137,0.022207,0.033613,0,0,0,0,0,0,0,0,0,0,0,0
0.045183,0.055173,0.043198,0,0,0,0,0,0,0,0,0,0,0,0
0.02038,0.037109,0.029697,0,0,0,0,0,0,0,0,0,0,0,0
0.021749,0.024386,0.019617,0,0,0,0,0,0,0,0,0,0,0,0
0.020725,0.02397,0.019948,0,0,0,0,0,0,0,0,0,0,0,0
0.019854,0.022595,0.019995,0,0,0,0,0,0,0,0,0,0,0,0
0.028491,0.027959,0.020707,0,0,0,0,0,0,0,0,0,0,0,0
0.043815,0.052212,0.041346,0,0,0,0,0,0,0,0,0,0,0,0
0.021357,0.020679,0.020081,0,0,0,0,0,0,0,0,0,0,0,0
0.019432,0.029416,0.02033,0,0,0,0,0,0,0,0,0,0,0,0
0.026985,0.022609,0.019556,0,0,0,0,0,0,0,0,0,0,0,0
0.032998,0.038353,0.020016,0,0,0,0,0,0,0,0,0,0,0,0
0.020371,0.024774,0.027605,0,0,0,0,0,0,0,0,0,0,0,0
0.052824,0.05096,0.040464,0,0,0,0,0,0,0,0,0,0,0,0
0.023394,0.020648,0.021555,0,0,0,0,0,0,0,0,0,0,0,0
0.032405,0.024215,0.019446,0,0,0,0,0,0,0,0,0,0,0,0
0.03036,0.02962,0.019417,0,0,0,0,0,0,0,0,0,0,0,0
0.023493,0.023357,0.020064,0,0,0,0,0,0,0,0,0,0,0,0
0.039339,0.019868,0.021571,0,0,0,0,0,0,0,0,0,0,0,0
0.049843,0.053395,0.050479,0,0,0,0,0,0,0,0,0,0,0,0
0.031541,0.021052,0.026184,0,0,0,0,0,0,0,0,0,0,0,0
0.043408,0.020216,0.022212,0,0,0,0,0,0,0,0,0,0,0,0
0.033742,0.032143,0.020393,0,0,0,0,0,0,0,0,0,0,0,0
0.023514,0.019263,0.031438,0,0,0,0,0,0,0,0,0,0,0,0
0.022685,0.01945,0.021297,0,0,0,0,0,0,0,0,0,0,0,0
0.054495,0.043226,0.052358,0,0,0,0,0,0,0,0,0,0,0,0
0.028538,0.019945,0.02085,0,0,0,0,0,0,0,0,0,0,0,0
0.022316,0.019225,0.020062,0,0,0,0,0,0,0,0,0,0,0,0
0.02013,0.021167,0.020493,0,0,0,0,0,0,0,0,0,0,0,0
0.031339,0.025901,0.02067,0,0,0,0,0,0,0,0,0,0,0,0
0.031642,0.020331,0.021318,0,0,0,0,0,0,0,0,0,0,0,0
0.050221,0.044745,0.041944,0,0,0,0,0,0,0,0,0,0,0,0
0.038374,0.020833,0.023541,0,0,0,0,0,0,0,0,0,0,0,0
0.034553,0.020741,0.024481,0,0,0,0,0,0,0,0,0,0,0,0
0.025424,0.019645,0.019532,0,0,0,0,0,0,0,0,0,0,0,0
0.029518,0.019538,0.019763,0,0,0,0,0,0,0,0,0,0,0,0
0.028478,0.024395,0.031468,0,0,0,0,0,0,0,0,0,0,0,0
0.068719,0.050971,0.040063,0,0,0,0,0,0,0,0,0,0,0,0
0.021818,0.028422,0.01941,0,0,0,0,0,0,0,0,0,0,0,0
0.020994,0.020755,0.025812,0,0,0,0,0,0,0,0,0,0,0,0
0.021676,0.020686,0.019371,0,0,0,0,0,0,0,0,0,0,0,0
0.024587,0.022113,0.027968,0,0,0,0,0,0,0,0,0,0,0,0
0.037517,0.020934,0.020129,0,0,0,0,0,0,0,0,0,0,0,0
0.071919,0.044385,0.045063,0,0,0,0,0,0,0,0,0,0,0,0
0.032869,0.020588,0.020377,0,0,0,0,0,0,0,0,0,0,0,0
0.021901,0.025116,0.02041,0,0,0,0,0,0,0,0,0,0,0,0
0.030269,0.024097,0.028517,0,0,0,0,0,0,0,0,0,0,0,0
0.02255,0.023483,0.021076,0,0,0,0,0,0,0,0,0,0,0,0
0.027179,0.020166,0.019497,0,0,0,0,0,0,0,0,0,0,0,0
0.044342,0.050458,0.042015,0,0,0,0,0,0,0,0,0,0,0,0
0.040515,0.020169,0.022112,0,0,0,0,0,0,0,0,0,0,0,0
0.036198,0.019801,0.029825,0,0,0,0,0,0,0,0,0,0,0,0
NaN,NaN,NaN,0,0,0,0,0,0,0,0,0,0,0,0
NaN,NaN,NaN,0,0,0,0,0,0,0,0,0,0,0,0
NaN,NaN,NaN,0,0,0,0,0,0,0,0,0,0,0,0
NaN,NaN,NaN,0,0,0,0,0,0,0,0,0,0,0,0
1.2658,1.1862,1.1872,0,0,0,0,0,0,0,0,0,0,0,0
0.16455,0.14606,0.14313,0,0,0,0,0,0,0,0,0,0,0,0
0.10408,0.084464,0.080914,0,0,0,0,0,0,0,0,0,0,0,0
0.064418,0.068043,0.063531,0,0,0,0,0,0,0,0,0,0,0,0
0.095736,0.095607,0.099895,0,0,0,0,0,0,0,0,0,0,0,0
0.081753,0.089117,0.076167,0,0,0,0,0,0,0,0,0,0,0,0
0.050556,0.059458,0.049855,0,0,0,0,0,0,0,0,0,0,0,0
0.061236,0.050449,0.055316,0,0,0,0,0,0,0,0,0,0,0,0
0.057997,0.047508,0.051681,0,0,0,0,0,0,0,0,0,0,0,0
0.029956,0.023713,0.022655,0,0,0,0,0,0,0,0,0,0,0,0
0.024764,0.022667,0.021559,0,0,0,0,0,0,0,0,0,0,0,0
0.024086,0.020468,0.021208,0,0,0,0,0,0,0,0,0,0,0,0
0.036803,0.021703,0.019715,0,0,0,0,0,0,0,0,0,0,0,0
0.036554,0.020588,0.020452,0,0,0,0,0,0,0,0,0,0,0,0
0.050893,0.044332,0.044275,0,0,0,0,0,0,0,0,0,0,0,0
0.037552,0.023151,0.020184,0,0,0,0,0,0,0,0,0,0,0,0
0.036218,0.021967,0.020462,0,0,0,0,0,0,0,0,0,0,0,0
0.020613,0.020976,0.019614,0,0,0,0,0,0,0,0,0,0,0,0
0.02518,0.042843,0.01981,0,0,0,0,0,0,0,0,0,0,0,0
0.038148,0.022027,0.020572,0,0,0,0,0,0,0,0,0,0,0,0
0.049171,0.049892,0.045114,0,0,0,0,0,0,0,0,0,0,0,0
0.028429,0.031505,0.021335,0,0,0,0,0,0,0,0,0,0,0,0
0.028377,0.022392,0.02247,0,0,0,0,0,0,0,0,0,0,0,0
0.031108,0.025814,0.023893,0,0,0,0,0,0,0,0,0,0,0,0
0.020257,0.024777,0.020826,0,0,0,0,0,0,0,0,0,0,0,0
0.021918,0.021494,0.022537,0,0,0,0,0,0,0,0,0,0,0,0
0.048845,0.047761,0.053927,0,0,0,0,0,0,0,0,0,0,0,0
0.038619,0.020439,0.021928,0,0,0,0,0,0,0,0,0,0,0,0
0.056802,0.020051,0.022811,0,0,0,0,0,0,0,0,0,0,0,0
0.032214,0.024461,0.022551,0,0,0,0,0,0,0,0,0,0,0,0
0.037705,0.030728,0.031229,0,0,0,0,0,0,0,0,0,0,0,0
0.035661,0.024116,0.024835,0,0,0,0,0,0,0,0,0,0,0,0
0.053446,0.048287,0.058815,0,0,0,0,0,0,0,0,0,0,0,0
0.02114,0.02106,0.023589,0,0,0,0,0,0,0,0,0,0,0,0
0.042839,0.029785,0.030159,0,0,0,0,0,0,0,0,0,0,0,0
0.032004,0.025438,0.02903,0,0,0,0,0,0,0,0,0,0,0,0
0.027016,0.021375,0.022052,0,0,0,0,0,0,0,0,0,0,0,0
0.025838,0.023235,0.023696,0,0,0,0,0,0,0,0,0,0,0,0
0.051734,0.057618,0.045799,0,0,0,0,0,0,0,0,0,0,0,0
0.02756,0.021594,0.022553,0,0,0,0,0,0,0,0,0,0,0,0
0.024251,0.0231,0.022782,0,0,0,0,0,0,0,0,0,0,0,0
0.030694,0.020002,0.022534,0,0,0,0,0,0,0,0,0,0,0,0
0.043502,0.019807,0.02,0,0,0,0,0,0,0,0,0,0,0,0
0.025868,0.019276,0.021802,0,0,0,0,0,0,0,0,0,0,0,0
0.065337,0.047167,0.056118,0,0,0,0,0,0,0,0,0,0,0,0
0.022742,0.029343,0.0237,0,0,0,0,0,0,0,0,0,0,0,0
0.031842,0.031617,0.021002,0,0,0,0,0,0,0,0,0,0,0,0
0.039977,0.030021,0.021288,0,0,0,0,0,0,0,0,0,0,0,0
0.02356,0.022778,0.020847,0,0,0,0,0,0,0,0,0,0,0,0
0.023168,0.026485,0.030176,0,0,0,0,0,0,0,0,0,0,0,0
0.05849,0.050937,0.053615,0,0,0,0,0,0,0,0,0,0,0,0
0.022896,0.020689,0.023353,0,0,0,0,0,0,0,0,0,0,0,0
0.03343,0.020246,0.023819,0,0,0,0,0,0,0,0,0,0,0,0
0.049422,0.030638,0.023071,0,0,0,0,0,0,0,0,0,0,0,0
0.028402,0.024825,0.023784,0,0,0,0,0,0,0,0,0,0,0,0
0.019638,0.022951,0.024799,0,0,0,0,0,0,0,0,0,0,0,0
0.048244,0.051684,0.052626,0,0,0,0,0,0,0,0,0,0,0,0
0.022269,0.024525,0.022476,0,0,0,0,0,0,0,0,0,0,0,0
0.022955,0.023453,0.024713,0,0,0,0,0,0,0,0,0,0,0,0
0.044057,0.023259,0.024461,0,0,0,0,0,0,0,0,0,0,0,0
0.021628,0.033491,0.023416,0,0,0,0,0,0,0,0,0,0,0,0
0.020826,0.03788,0.035389,0,0,0,0,0,0,0,0,0,0,0,0
0.057057,0.054898,0.053993,0,0,0,0,0,0,0,0,0,0,0,0
0.022266,0.034202,0.024479,0,0,0,0,0,0,0,0,0,0,0,0
0.019928,0.023239,0.023604,0,0,0,0,0,0,0,0,0,0,0,0
0.035307,0.020833,0.023753,0,0,0,0,0,0,0,0,0,0,0,0
0.021073,0.021125,0.035249,0,0,0,0,0,0,0,0,0,0,0,0
0.019447,0.020254,0.024017,0,0,0,0,0,0,0,0,0,0,0,0
