0.000132
0.21924
0.006041
0.005328
0.005381
0.005154
0.005498
0.00534
0.005434
0.005287
0.005262
0.005315
0.005371
0.005631
0.005302
0.005698
0.005289
0.005747
0.005523
0.005428
0.005331
0.005542
0.005387
0.005779
0.005415
0.00543
0.005286
0.006094
0.0055
0.005516
0.005521
0.0053
0.005352
0.005424
0.005481
0.005607
0.005456
0.005833
0.005733
0.005346
0.005963
0.005331
0.005687
0.005429
0.006228
0.005636
0.005407
0.005677
0.005564
0.005461
0.005497
0.005445
0.005619
0.005427
0.00536
0.005518
0.005336
0.005901
0.005404
0.005643
0.005285
0.005375
0.005411
0.005483
0.00536
0.005452
0.005301
0.005388
0.005496
0.005501
0.005415
0.005493
0.005367
0.005445
0.005564
0.00534
0.006834
0.011778
0.010589
0.012034
0.009193
0.007234
0.006623
0.00614
0.005302
0.005534
0.005557
0.00554
0.005916
0.005355
0.005711
0.005521
0.005524
0.005431
0.005633
0.006332
0.005942
0.011767
0.008306
0.006284
0.005797
0.00542
0.005331
0.005506
0.005513
0.00546
0.005588
0.005504
0.005575
0.005485
0.005938
0.005493
0.005398
0.00545
0.005728
0.005442
0.005369
0.005444
0.005639
0.005362
0.005447
0.00584
0.005412
0.006099
0.005808
0.005478
0.006026
0.005687
0.005578
0.005556
0.006022
0.006548
0.006577
0.012303
0.00805
0.006832
0.006008
0.005481
0.005449
0.005427
0.005401
0.005379
0.005362
0.005385
0.005418
0.005663
0.005567
0.005365
0.005524
0.005351
0.005454
0.005702
0.005361
0.0056
0.005545
0.005378
0.005408
0.005921
0.005387
0.005394
0.005407
0.00588
0.005612
0.005412
0.005385
0.005493
0.005369
0.005581
0.005325
0.006036
0.005368
0.005425
0.005467
0.005534
0.005657
0.005759
0.005536
0.005561
0.005569
0.005618
0.00643
0.005359
0.0054
0.005332
0.00568
0.005328
0.005648
0.005385
0.005914
0.005396
0.005358
0.005329
0.005911
0.00538
0.005621
0.00536
0.00558
0.005866
0.005433
0.005259
0.005403
0.005314
0.005734
0.005486
0.005586
0.005416
0.005788
0.005373
0.006286
0.005269
0.005255
0.005636
0.005645
0.005454
0.005346
0.00542
0.005314
0.005406
0.005451
0.005648
0.005482
0.005665
0.006121
0.005006
0.005559
0.005877
0.00535
0.005309
0.00552
0.005378
0.005683
0.005463
0.00564
0.005443
0.005315
0.00542
0.005263
0.005737
0.005354
0.005608
0.005433
0.005559
0.005282
0.005935
0.005407
0.005381
0.005299
0.006013
0.00545
0.005327
0.005228
0.005953
0.005191
0.005847
0.005427
0.005587
0.00548
0.005474
0.005415
0.005586
0.005594
0.00563
0.005802
0.005439
0.006923
0.005466
0.005301
0.005731
0.005492
0.005281
0.005355
0.005498
0.005574
0.005504
0.005375
0.005338
0.005942
0.005284
0.005753
0.005454
0.005563
0.005617
0.005482
0.005349
0.005531
0.005475
0.005626
0.005318
0.005604
0.005446
0.005739
0.005328
0.005753
0.005325
0.007704
0.006542
0.0062
0.005462
0.00594
0.005423
0.005366
0.005169
0.005923
0.00535
0.005704
0.007606
0.006632
0.005334
0.006393
0.005606
0.005328
0.005979
0.005275
0.005376
0.005322
0.005329
0.005329
0.00529
0.005821
0.005435
0.005818
0.005621
0.00529
0.00552
0.005339
0.005465
0.005772
0.011431
0.009905
0.007469
0.006239
0.00522
0.005244
0.005262
0.005204
0.00534
0.00539
0.005255
0.00583
0.005229
0.005763
0.005357
0.005774
0.005304
0.00586
0.005275
0.00557
0.005456
0.00537
0.005432
0.005504
0.005327
0.005544
0.005291
0.006007
0.005325
0.005418
0.005307
0.005784
0.005109
0.005436
0.005193
0.005172
0.005309
0.005247
0.005076
0.005163
0.005639
0.005251
0.00542
0.005133
0.005291
0.005336
0.005129
0.005254
0.00515
0.005803
0.005197
0.005842
0.005161
0.00559
0.0053
0.005649
0.005181
0.005369
0.005169
0.005268
0.00517
0.005246
0.005525
0.005235
0.005755
0.005229
0.005772
0.005203
0.005737
0.005368
0.00549
0.005424
0.006616
0.005352
0.005256
0.005386
0.00516
0.00531
0.005182
0.005252
0.005725
0.005375
0.006329
0.005126
0.005331
0.005307
0.00578
0.005156
0.006125
0.011329
0.00918
0.007338
0.00621
0.005393
0.005224
0.005153
0.005689
0.005302
0.005709
0.005132
0.005329
0.005269
0.00523
0.005701
0.011383
0.009126
0.007
0.006251
0.006022
0.005573
0.005234
0.005716
0.006092
0.005269
0.005999
0.005666
0.005317
0.005191
0.005841
0.005922
0.005272
0.00528
0.005841
0.005222
0.005222
0.006036
0.005637
0.005152
0.005183
0.005407
0.005705
0.005347
0.0055
0.005187
0.005684
0.00536
0.006094
0.005408
0.005281
0.005209
0.00587
0.00526
0.005936
0.00517
0.005964
0.005109
0.00574
0.005188
0.005806
0.005323
0.005581
0.005392
0.005787
0.006146
0.005483
0.006549
0.011391
0.008598
0.006501
0.005774
0.011357
0.009485
0.007529
0.007234
0.005183
0.005665
0.005303
0.005543
0.00545
0.005612
0.005107
0.005435
0.005175
0.005013
0.005227
0.00531
0.005097
0.00507
0.005181
0.00497
0.00536
0.011287
0.008121
0.006479
0.005996
0.005283
0.005228
0.005256
0.006112
0.011487
0.009097
0.007199
0.006332
0.005345
0.005283
0.005298
0.00586
0.00558
0.005395
0.005483
0.005322
0.005323
0.005238
0.005291
0.005585
0.005328
0.005717
0.005242
0.006405
0.005797
0.005633
0.005911
0.005325
0.005685
0.005355
0.005584
0.005354
0.005591
0.005197
0.005656
0.005111
0.005196
0.005234
0.005278
0.005224
0.005165
0.005653
0.005775
0.00535
0.005374
0.005491
0.005256
0.005672
0.005338
0.005608
0.005111
0.005985
0.005078
0.005982
0.011581
0.009758
0.008144
0.006736
0.005383
0.005331
0.00537
0.005293
0.005261
0.005434
0.0114
0.00936
0.006882
0.006238
0.005422
0.00515
0.005915
0.005492
0.005501
0.00522
0.005759
0.005419
0.005593
0.005176
0.005504
0.005301
0.005192
0.005068
0.005226
0.005257
0.005168
0.005877
0.005135
0.005762
0.005246
0.005894
0.005209
0.005725
0.005282
0.005774
0.005281
0.005682
0.005278
0.005788
0.005635
0.011422
0.009708
0.007394
0.00687
0.011435
0.0086
0.006698
0.0058
0.005576
0.005088
0.005336
0.005139
0.005546
0.005148
0.008396
0.006959
0.006348
0.005283
0.005202
0.005256
0.005519
0.005421
0.005276
0.006078
0.005339
0.005276
0.005294
0.00526
0.005616
0.005078
0.005207
0.00521
0.005198
0.005164
0.005156
0.005802
0.00511
0.005748
0.005317
0.005821
0.005219
0.005469
0.00517
0.00588
0.005387
0.005426
0.005528
0.005434
0.005249
0.005716
0.00513
0.005538
0.005109
0.005323
0.005071
0.005147
0.005441
0.005194
0.006331
0.013341
0.007539
0.006418
0.005967
0.00527
0.005839
0.005108
0.005989
0.005196
0.005745
0.005278
0.005637
0.005278
0.005703
0.005988
0.006268
0.005282
0.0052
0.005101
0.005129
0.005246
0.005803
0.005658
0.005624
0.005275
0.005206
0.00529
0.00589
0.005416
0.005329
0.005349
0.005819
0.006944
0.005172
0.00609
0.005141
0.005834
0.005898
0.00547
0.005406
0.0051
0.005285
0.005696
0.005211
0.005942
0.005424
0.005497
0.005184
0.006552
0.005986
0.005068
0.005177
0.005295
0.005266
0.005215
0.005287
0.005974
0.00542
0.005296
0.005371
0.005532
0.00532
0.005618
0.005403
0.005513
0.00662
0.005895
0.005331
0.005198
0.005898
0.005883
0.00577
0.005277
0.005666
0.006164
0.005091
0.005225
0.005527
0.005283
0.005402
0.005489
0.006035
0.005703
0.005332
0.005202
0.005121
0.005342
0.00572
0.00527
0.005787
0.005205
0.005926
0.01141
0.008365
0.00671
0.005895
0.005532
0.005611
0.005888
0.00525
0.00564
0.005475
0.005678
0.005302
0.005198
0.005159
0.00523
0.005807
0.005612
0.006063
0.005241
0.005715
0.005161
0.005478
0.005565
0.006033
0.005493
0.005528
0.005569
0.005302
0.005472
0.005358
0.005258
0.005286
0.005352
0.005118
0.005666
0.005468
0.005118
0.005889
0.005287
0.005581
0.005352
0.005425
0.005196
0.005258
0.005624
0.005498
0.005847
0.005275
0.005843
0.005782
0.005753
0.005335
0.006155
0.005295
0.00638
0.005352
0.005425
0.005547
0.010928
0.008999
0.007232
0.00565
0.005349
0.005759
0.005245
0.005654
0.005626
0.00547
0.005338
0.005459
0.005254
0.005253
0.005406
0.005893
0.005335
0.005285
0.005202
0.005764
0.005186
0.005786
0.005218
0.005654
0.005396
0.005657
0.005282
0.006027
0.005513
0.005308
0.005168
0.005439
0.005331
0.006228
0.005229
0.005129
0.005179
0.005407
0.005233
0.005148
0.005161
0.005208
0.005305
0.005285
0.005897
0.005181
0.005803
0.005342
0.005595
0.005103
0.005953
0.005431
0.005649
0.005431
0.005191
0.005437
0.005471
0.005344
0.005554
0.005209
0.005759
0.005233
0.005577
0.005081
0.005542
0.005404
0.005211
0.005321
0.005281
0.005159
0.005219
0.005839
0.011371
0.008956
0.007064
0.006364
0.005232
0.005751
0.005121
0.005366
0.005306
0.005291
0.005401
0.005381
0.005167
0.005232
0.005231
0.005192
0.005341
0.005221
0.005289
0.005646
0.005442
0.011443
0.008612
0.006167
0.005786
0.005315
0.005359
0.005263
0.005265
0.005289
0.005155
0.005184
0.00577
0.005113
0.005592
0.005274
0.005316
0.005152
0.005237
0.005209
0.00515
0.005504
0.005277
0.00594
0.005506
0.005312
0.005146
0.005841
0.005337
0.005781
0.005214
0.006012
0.011357
0.008598
0.006575
0.005745
0.005269
0.005377
0.005377
0.00551
0.005434
0.005225
0.006034
0.01138
0.009429
0.007824
0.006559
0.005569
0.005571
0.005335
0.005268
0.006307
0.005258
0.005513
0.005726
0.005296
0.005259
0.005259
0.005313
0.005818
0.00541
0.005637
0.005168
0.00572
0.00521
0.005565
0.005313
0.005756
0.005249
0.005978
0.005417
0.005829
0.005271
0.005467
0.005146
0.005818
0.005179
0.005511
0.005371
0.005352
0.005258
0.005349
0.005159
0.005641
0.005147
0.005156
0.005684
0.005408
0.005433
0.005575
0.005542
0.005354
0.005371
0.005367
0.005468
0.005358
0.005745
0.005505
0.00514
0.005278
0.005266
0.005249
0.005351
0.005109
0.005189
0.00641
0.00553
0.005113
0.005138
0.005201
0.005185
0.00583
0.011398
0.009599
0.007586
0.006411
0.005233
0.005165
0.00519
0.005602
0.005294
0.005558
0.005342
0.005372
0.005146
0.005522
0.005244
0.005655
0.005184
0.005168
0.005127
0.005164
0.005369
0.005441
0.005333
0.005207
0.005867
0.0053
0.00525
0.005349
0.005207
0.005276
0.005639
0.005188
0.005808
0.005884
0.005698
0.005324
0.005229
0.005341
0.005531
0.005496
0.005222
0.005324
0.00591
0.005457
0.005424
0.00527
0.005828
0.005175
0.005994
0.011352
0.009492
0.007681
0.006367
0.005227
0.005185
0.005174
0.00575
0.005145
0.005348
0.005335
0.005396
0.005156
0.005958
0.005171
0.005469
0.005135
0.005985
0.005207
0.005569
0.005193
0.005815
0.005238
0.005746
0.005179
0.00591
0.011286
0.008444
0.006339
0.005808
0.005318
0.005289
0.005697
0.005285
0.005858
0.005145
0.005664
0.0053
0.005666
0.005161
0.005868
0.005204
0.006508
0.005311
0.005229
0.005207
0.005198
0.005143
0.005687
0.005307
0.005969
0.005121
0.005853
0.00524
0.005729
0.00524
0.005789
0.011841
0.009666
0.007649
0.006379
0.005403
0.005318
0.005584
0.005406
0.0055
0.005276
0.005673
0.005155
0.005484
0.00516
0.005298
0.005202
0.005466
0.01144
0.008944
0.007215
0.006307
0.005208
0.005422
0.005031
0.005123
0.005371
0.005163
0.005141
0.005056
0.005143
0.005696
0.011318
0.008432
0.006586
0.005637
0.005349
0.005147
0.005711
0.005161
0.005222
0.005155
0.005106
0.005007
0.005314
0.005351
0.005146
0.005353
0.005227
0.005398
0.005163
0.005587
0.005133
0.005063
0.005071
0.005061
0.005102
0.005032
0.005109
0.00537
0.005089
0.00534
0.005076
0.005114
0.005029
0.005137
0.005685
0.005283
0.005899
0.005242
0.005714
0.005079
0.005442
0.005022
0.005251
0.005173
0.005117
0.00528
0.005176
0.005727
0.005155
0.005637
0.005336
0.005323
0.005279
0.00546
0.005303
0.005305
0.005151
0.005241
0.005317
0.005361
0.005667
0.005825
0.005559
0.006104
0.005385
0.005526
0.005123
0.005058
0.004989
0.005142
0.005439
0.00535
0.005369
0.005038
0.005116
0.00506
0.005046
0.005299
0.005019
0.004993
0.004997
0.005139
0.00545
0.005095
0.00502
0.005031
0.005346
0.00548
0.005173
0.005967
0.00531
0.005785
0.00624
0.008643
0.006569
0.006411
0.005096
0.006459
0.005302
0.005312
0.005737
0.005266
0.00537
0.005911
0.005318
0.00588
0.006129
0.004996
0.005248
0.005357
0.005049
0.005118
0.005119
0.005139
0.005107
0.005223
0.00575
0.011417
0.011459
0.009435
0.007269
0.00592
0.005348
0.00536
0.005118
0.005464
0.00614
0.005708
0.00546
0.005355
0.012111
0.010913
0.0072
0.005637
0.005322
0.006216
0.006992
0.005673
0.005563
0.005084
0.006065
0.005285
0.005712
0.005456
0.005329
0.005231
0.005785
0.005395
0.005232
0.005183
0.005695
0.007235
0.005356
0.005483
0.011537
0.007425
0.006542
0.006807
0.005226
0.005001
0.005005
0.005229
0.005645
0.005057
0.005848
0.005535
0.005607
0.005542
0.00509
0.005104
0.005127
0.004981
0.005195
0.005078
0.005085
0.005326
0.005061
0.005017
0.005089
0.005173
0.006136
0.011465
0.008818
0.007019
0.006458
0.00512
0.005654
0.00506
0.005706
0.005204
0.005798
0.005335
0.005411
0.005277
0.005517
0.005661
0.005622
0.005391
0.005327
0.00529
0.005724
0.005137
0.005503
0.005062
0.005568
0.005177
0.005029
0.005346
0.00521
0.005373
0.005164
0.005766
0.005247
0.005766
0.005662
0.005305
