0.000145
0.22072
0.005752
0.004599
0.00451
0.004062
0.004235
0.004397
0.00448
0.004521
NaN
NaN
NaN
NaN
0.000333
0.4748
0.005259
NaN
NaN
NaN
NaN
0.000169
0.21562
0.00525
NaN
NaN
NaN
NaN
0.000117
0.23654
0.005098
0.005032
0.004432
0.004841
0.005538
0.010477
0.008279
NaN
NaN
NaN
NaN
0.000184
0.22791
0.005485
0.005602
0.005241
0.005043
0.005317
0.004717
NaN
NaN
NaN
NaN
0.000168
0.23417
0.005027
0.004486
NaN
NaN
NaN
NaN
0.000166
0.22531
0.005099
0.004277
0.004483
0.004224
0.004634
0.004575
0.004563
0.004432
0.004797
0.004812
0.004605
0.004414
0.004803
0.004357
0.004421
0.004192
NaN
NaN
NaN
NaN
0.000152
0.23484
0.004826
0.004203
NaN
NaN
NaN
NaN
0.000142
0.23326
0.005248
0.004647
NaN
NaN
NaN
NaN
0.000203
0.28413
0.004997
0.004505
NaN
NaN
NaN
NaN
0.000161
0.21369
0.004764
0.00524
0.008893
0.007274
NaN
NaN
NaN
NaN
0.000409
0.26443
0.005946
0.00428
0.004358
NaN
NaN
NaN
NaN
0.000164
0.21674
0.004849
0.004839
0.004456
0.004487
0.00442
0.004396
0.004529
NaN
NaN
NaN
NaN
0.000373
0.23153
0.004823
0.004174
0.00426
NaN
NaN
NaN
NaN
0.000396
0.24024
0.005035
0.004651
0.004429
0.004476
0.005503
0.007505
0.007327
0.00768
0.007685
0.007513
0.004527
NaN
NaN
NaN
NaN
0.000105
0.59487
0.006571
NaN
NaN
NaN
NaN
0.000158
0.22823
0.0046
0.004367
0.004227
0.004664
0.004502
0.004199
0.005213
0.005299
0.004503
NaN
NaN
NaN
NaN
0.000165
0.24385
0.006634
0.006096
0.00834
0.008618
NaN
NaN
NaN
NaN
0.000187
0.24147
0.004588
NaN
NaN
NaN
NaN
0.00022
0.21793
0.004543
0.008428
0.007275
0.006558
0.005011
0.005942
0.00435
0.004507
NaN
NaN
NaN
NaN
0.000257
0.47499
0.005051
NaN
NaN
NaN
NaN
0.000149
0.22144
0.004424
NaN
NaN
NaN
NaN
0.000178
0.22243
0.004723
NaN
NaN
NaN
NaN
0.000165
0.21929
0.004657
0.004268
0.003964
0.00423
0.004498
0.004358
0.004207
0.004225
0.004215
0.004942
0.004529
NaN
NaN
NaN
NaN
0.000162
0.22309
0.005387
0.004947
0.005238
0.004563
0.004817
0.005005
NaN
NaN
NaN
NaN
0.000187
0.2434
0.006066
0.005013
0.005163
NaN
NaN
NaN
NaN
0.000132
0.24111
0.004439
0.005055
NaN
NaN
NaN
NaN
0.000192
0.22367
0.010347
NaN
NaN
NaN
NaN
0.000168
0.23577
0.005042
NaN
NaN
NaN
NaN
0.000185
0.22642
NaN
NaN
NaN
NaN
0.000153
0.22306
NaN
NaN
NaN
NaN
0.000182
0.22328
NaN
NaN
NaN
NaN
0.00014
0.2234
0.00515
0.004878
0.00429
NaN
NaN
NaN
NaN
0.000164
0.22323
0.004996
0.004802
0.004796
0.004841
NaN
NaN
NaN
NaN
0.000152
0.22466
0.005322
0.00472
0.004986
0.004712
0.005209
0.004807
0.004758
0.004767
0.005401
NaN
NaN
NaN
