1.0933
0.14397
0.074827
0.069112
0.084539
0.073516
0.045698
0.048951
0.043435
0.019785
0.019854
0.018377
0.017012
0.018213
0.039984
0.019243
0.018081
0.016889
0.030937
0.017063
0.039048
0.018275
0.01738
0.01843
0.017186
0.01808
0.038355
0.017177
0.019375
0.019047
0.039314
0.024558
0.041009
0.019737
0.035004
0.02275
0.020325
0.019606
0.037456
0.017227
0.019294
0.018372
0.020896
0.018978
0.036639
0.01949
0.019819
0.020074
0.022734
0.019414
0.036456
0.018547
0.017108
0.019026
0.022684
0.024834
0.048096
0.024363
0.019518
0.025522
0.018016
0.017579
0.037041
0.019758
0.017729
0.019162
0.018689
0.018581
0.043133
0.017816
0.018973
0.017509
0.017036
0.017917
0.038159
0.016642
0.018281
0.028696
0.019946
0.018945
0.036887
0.018371
0.024516
0.026407
0.016882
0.017715
0.037769
0.016827
0.030753
0.018472
0.018424
0.017807
0.035727
0.01823
0.028528
0.018104
0.02187
0.022001
0.037693
0.016727
0.017715
0.017017
0.018033
0.0171
0.039216
0.017411
0.018473
0.019059
0.019533
0.019635
0.039937
0.019043
0.02389
0.024249
0.016661
0.017077
0.036376
0.017869
0.016849
0.019081
0.016398
0.019692
0.03873
0.022795
0.023969
0.01651
0.017621
0.018458
0.047085
0.021001
0.01762
0.01914
0.017152
0.01581
0.053182
0.023251
0.020107
0.019965
0.016174
0.018941
0.036529
0.017418
0.026282
0.01801
0.016483
0.017161
0.037324
0.016415
0.01737
0.017174
0.017225
0.025998
0.044173
0.029185
0.016807
0.016588
0.016973
0.016758
0.037129
0.017292
0.016629
0.017105
0.017155
0.017249
0.040192
0.018706
0.019214
0.019492
0.016
0.016605
0.03883
0.016588
0.017913
0.016127
0.02704
0.016021
0.036693
0.020872
0.02398
0.027499
0.019076
0.016541
0.036352
0.022017
0.016622
0.017223
0.017432
0.016668
0.042825
0.018436
0.016681
0.012599
0.017352
0.018038
0.037436
0.017549
0.016498
0.016006
0.026848
0.016718
0.035957
0.020651
0.01931
0.022019
0.019314
0.019362
0.042732
0.017368
0.018755
0.018581
0.017223
0.018535
0.040501
0.026474
0.01686
0.017678
0.016405
0.016853
0.042055
0.017386
0.017756
0.017452
0.018834
0.018406
0.039157
0.016767
0.02252
0.016867
0.018394
0.023906
0.042043
0.017579
0.019749
0.018758
0.019215
0.019923
0.042119
0.019952
0.018251
0.019447
0.01984
0.018331
0.042893
0.018226
0.018843
0.026439
0.024253
0.018392
0.040479
0.017897
0.018384
0.026621
0.018157
0.019858
0.042376
0.017812
0.017802
0.018089
0.017877
0.017944
0.041965
0.016952
0.018109
0.019525
0.018703
0.017364
0.040427
0.01834
0.019035
0.019136
0.018846
0.018913
0.041242
0.019243
0.01872
0.019927
0.018397
0.01744
0.034382
0.01875
0.026449
0.017363
0.015814
0.017024
0.035333
0.017078
0.018644
0.016549
0.019458
0.027779
0.033173
0.025682
0.01702
0.017792
0.024027
0.015881
0.044851
0.021209
0.016707
0.017726
0.029007
0.018213
0.044288
0.017023
0.016737
0.017495
0.016248
0.018648
0.03811
0.016812
0.017746
0.022154
0.016545
0.015589
0.041259
0.017744
0.016644
0.017759
0.016476
0.016787
0.035783
0.016264
0.018671
0.024637
0.015753
0.015931
0.038963
0.01854
0.019692
0.023761
0.024165
0.015996
0.032568
0.01737
0.01904
0.024184
0.024205
0.018504
0.03649
0.030439
0.019451
