1.3305
0.14766
0.078815
0.065196
0.091848
0.077342
0.046342
0.047029
0.053683
0.022785
0.022366
0.022781
0.035459
0.022345
0.063144
0.022079
0.029845
0.024493
0.030724
0.022596
0.048224
0.021666
0.022298
0.031607
0.025922
0.022736
0.050499
0.026259
0.023457
0.034058
0.031573
0.029747
0.078225
0.025704
0.043859
0.02367
0.023306
0.023394
0.049977
0.023835
0.022614
0.022591
0.040504
0.036887
0.049097
0.025275
0.023669
0.034395
0.024424
0.024046
0.055132
0.024347
0.02378
0.032173
0.022902
0.024219
0.054379
0.034801
0.023764
0.024833
0.022172
0.02199
0.046882
0.029828
0.023003
0.023346
0.023552
0.022338
0.05587
0.02408
0.028269
0.031711
0.024227
0.024118
0.049994
0.024285
0.022691
0.026509
0.024219
0.024896
0.054145
0.023403
0.025456
0.03005
0.023348
0.02439
0.06409
0.024298
0.021711
0.022003
0.026752
0.021532
0.047977
0.029222
0.020546
0.027076
0.023145
0.025324
0.04323
0.021552
0.020864
0.020519
0.023129
0.020959
0.04325
0.042072
0.031215
0.026379
0.035183
0.021969
0.049029
0.020851
0.030472
0.021391
0.020663
0.021283
0.070645
0.023221
0.020503
0.021297
0.020867
0.023362
0.042877
0.031489
0.022861
0.020324
0.021491
0.021598
0.047113
0.020224
0.021593
0.021244
0.02122
0.021015
0.043237
0.021038
0.02276
0.021102
0.020934
0.020038
0.043286
0.021318
0.021068
0.022775
0.021439
0.023654
0.046724
0.021587
0.02153
0.021219
0.037615
0.022667
0.052484
0.022694
0.023397
0.027139
0.02112
0.022144
0.042723
0.021087
0.021135
0.020628
0.021759
0.02049
0.047752
0.020416
0.021008
0.021198
0.021342
0.020784
0.043479
0.021202
0.021577
0.020264
0.020937
0.020099
0.042928
0.022391
0.020852
0.01993
0.020601
0.020682
0.047147
0.021128
0.020376
0.021641
0.019903
0.021199
0.043205
0.021979
0.0221
0.021673
0.022017
0.020532
0.043054
0.019919
0.020844
0.020909
0.021463
0.021556
0.055188
0.021965
0.02628
0.021639
0.023003
0.020811
0.050947
0.021717
0.021527
0.020551
0.02509
0.021945
0.051509
0.022271
0.023945
0.023715
0.022094
0.02318
0.055413
0.023354
0.022977
0.022966
0.02347
0.023411
0.056747
0.022666
0.025084
0.023093
0.023531
0.022215
0.054387
0.023959
0.023004
0.021136
0.021193
0.029933
0.052413
0.031016
0.022613
0.023467
0.023169
0.022479
0.052913
0.036254
0.026664
0.027054
0.031874
0.024446
0.049494
0.024187
0.021514
0.02094
0.038296
0.021305
0.042646
0.020538
0.0188
0.020077
0.024787
0.02246
0.053854
0.02003
0.022583
0.020831
0.023497
0.022181
0.051266
0.021265
0.021951
0.021767
0.021133
0.022584
0.053072
0.020762
0.020865
0.021644
0.020745
0.02157
0.05602
0.024089
0.028059
0.020752
0.020528
0.020515
0.045136
0.020654
0.022292
0.020321
0.031127
0.023788
0.045837
0.020841
0.020109
0.034171
0.024617
0.019907
0.042556
0.02372
0.024069
0.020351
0.021619
0.021218
0.047763
0.020738
0.020818
0.020429
0.02034
0.020707
0.042888
0.020166
0.019645
0.019823
0.026165
0.023478
0.052181
0.022396
0.024065
0.023958
0.023922
0.019647
0.053866
0.020242
0.020099
0.019191
0.020594
0.027295
0.047406
0.021582
0.020872
0.020747
0.019884
0.021118
0.050276
0.020076
0.021474
0.022763
0.02235
0.021152
0.046742
0.023827
0.020483
0.020848
0.022617
0.03039
0.044982
0.030073
0.026011
0.02113
0.020499
0.019958
0.045786
0.020112
0.031861
0.027254
0.020042
0.026761
0.061133
0.021517
0.028312
0.019795
0.022693
0.027361
0.051735
0.022627
0.020589
0.021068
0.022179
0.022774
0.048708
0.020044
0.021156
0.020097
0.020304
0.021228
0.048776
0.020884
0.021159
0.020399
0.021547
0.021972
0.051988
0.021787
0.027034
0.01851
0.019158
0.021638
0.06277
0.020061
0.027639
0.020524
0.019812
0.02001
