1.1657
0.16747
0.095746
0.075439
NaN
0.095303
0.08943
NaN
0.053453
0.052122
0.054526
0.025177
0.024977
0.032974
0.023966
0.02436
0.050308
0.02433
0.024532
0.025457
0.030892
0.024357
0.049247
0.024557
0.024184
0.023627
0.024044
0.025945
0.049342
0.032271
0.035162
0.036242
0.035419
0.02868
0.065345
NaN
0.026766
0.031752
0.02593
0.025372
0.028618
0.046618
0.026369
0.024504
0.035455
0.024427
0.025544
0.048223
0.024523
0.025898
0.027688
0.025682
0.028516
0.046562
0.026238
0.023789
0.03627
0.036145
0.029765
0.055707
0.027131
0.02819
0.027634
0.026595
0.026853
0.054924
0.028631
0.027853
0.027615
0.027098
0.026993
0.055618
0.027115
0.02759
0.027374
0.027682
0.027328
0.065016
0.026676
0.034479
0.026619
0.025425
0.026752
0.050896
0.02964
0.034981
0.026784
0.031468
0.026271
0.051017
0.026218
0.026311
0.028651
0.035895
0.035769
0.050688
0.028264
0.028389
0.040309
0.034218
0.025507
0.048888
0.024599
0.024113
0.025213
0.025049
0.030303
0.050716
0.02667
0.024693
0.031159
0.0247
0.024779
0.05933
NaN
0.028228
0.027185
0.027418
0.031527
0.027439
0.055453
0.027088
0.026563
0.028658
0.031755
0.049202
0.067259
0.027285
0.026318
0.025708
0.026343
