1.062,1.0273,1.0136,0,0,0,0,0,0,0,0,0,0,0,0
0.15842,0.14539,0.14883,0,0,0,0,0,0,0,0,0,0,0,0
0.087412,0.077336,0.071682,0,0,0,0,0,0,0,0,0,0,0,0
0.069514,0.061151,0.056368,0,0,0,0,0,0,0,0,0,0,0,0
0.08879,0.089057,0.087859,0,0,0,0,0,0,0,0,0,0,0,0
0.087214,0.076706,0.070629,0,0,0,0,0,0,0,0,0,0,0,0
0.060621,0.046168,0.0422,0,0,0,0,0,0,0,0,0,0,0,0
0.057315,0.049192,0.040575,0,0,0,0,0,0,0,0,0,0,0,0
0.039785,0.042047,0.043428,0,0,0,0,0,0,0,0,0,0,0,0
0.033938,0.031006,0.022583,0,0,0,0,0,0,0,0,0,0,0,0
0.02266,0.02141,0.022357,0,0,0,0,0,0,0,0,0,0,0,0
0.023843,0.02603,0.023357,0,0,0,0,0,0,0,0,0,0,0,0
0.021802,0.022718,0.021187,0,0,0,0,0,0,0,0,0,0,0,0
0.023196,0.022798,0.021709,0,0,0,0,0,0,0,0,0,0,0,0
0.039422,0.042364,0.052177,0,0,0,0,0,0,0,0,0,0,0,0
0.034714,0.024658,0.035872,0,0,0,0,0,0,0,0,0,0,0,0
0.045244,0.021484,0.021636,0,0,0,0,0,0,0,0,0,0,0,0
0.022254,0.022908,0.021651,0,0,0,0,0,0,0,0,0,0,0,0
0.032323,0.021651,0.021728,0,0,0,0,0,0,0,0,0,0,0,0
0.022767,0.022309,0.021317,0,0,0,0,0,0,0,0,0,0,0,0
0.040803,0.0403,0.041297,0,0,0,0,0,0,0,0,0,0,0,0
0.022181,0.022678,0.02169,0,0,0,0,0,0,0,0,0,0,0,0
0.039541,0.022868,0.028903,0,0,0,0,0,0,0,0,0,0,0,0
0.022732,0.023345,0.024462,0,0,0,0,0,0,0,0,0,0,0,0
0.023993,0.022856,0.021119,0,0,0,0,0,0,0,0,0,0,0,0
0.025425,0.021672,0.026231,0,0,0,0,0,0,0,0,0,0,0,0
0.038147,0.039436,0.041785,0,0,0,0,0,0,0,0,0,0,0,0
0.051827,0.021897,0.022655,0,0,0,0,0,0,0,0,0,0,0,0
0.022766,0.032367,0.023553,0,0,0,0,0,0,0,0,0,0,0,0
0.037686,0.023544,0.023042,0,0,0,0,0,0,0,0,0,0,0,0
0.032491,0.035475,0.032792,0,0,0,0,0,0,0,0,0,0,0,0
0.037289,0.02382,0.027071,0,0,0,0,0,0,0,0,0,0,0,0
0.047991,0.047828,0.056093,0,0,0,0,0,0,0,0,0,0,0,0
0.027562,0.03256,0.023411,0,0,0,0,0,0,0,0,0,0,0,0
0.035347,0.029376,0.029103,0,0,0,0,0,0,0,0,0,0,0,0
0.022268,0.023383,0.022465,0,0,0,0,0,0,0,0,0,0,0,0
0.046642,0.027111,0.025537,0,0,0,0,0,0,0,0,0,0,0,0
0.035712,0.034265,0.022982,0,0,0,0,0,0,0,0,0,0,0,0
0.046772,0.041985,0.040305,0,0,0,0,0,0,0,0,0,0,0,0
0.027703,0.026324,0.02245,0,0,0,0,0,0,0,0,0,0,0,0
0.022638,0.022627,0.021546,0,0,0,0,0,0,0,0,0,0,0,0
0.021618,0.022201,0.02214,0,0,0,0,0,0,0,0,0,0,0,0
0.022336,0.024571,0.023413,0,0,0,0,0,0,0,0,0,0,0,0
0.022675,0.023558,0.021429,0,0,0,0,0,0,0,0,0,0,0,0
0.040079,0.045425,0.053245,0,0,0,0,0,0,0,0,0,0,0,0
0.026165,0.022662,0.021328,0,0,0,0,0,0,0,0,0,0,0,0
0.032352,0.022179,0.022011,0,0,0,0,0,0,0,0,0,0,0,0
0.035393,0.023938,0.023831,0,0,0,0,0,0,0,0,0,0,0,0
0.023614,0.021914,0.023057,0,0,0,0,0,0,0,0,0,0,0,0
0.021512,0.021233,0.021623,0,0,0,0,0,0,0,0,0,0,0,0
0.042377,0.039387,0.042335,0,0,0,0,0,0,0,0,0,0,0,0
0.028481,0.023306,0.02256,0,0,0,0,0,0,0,0,0,0,0,0
0.028107,0.022777,0.021797,0,0,0,0,0,0,0,0,0,0,0,0
0.024641,0.037163,0.029859,0,0,0,0,0,0,0,0,0,0,0,0
0.03147,0.035579,0.02357,0,0,0,0,0,0,0,0,0,0,0,0
0.024353,0.023313,0.024587,0,0,0,0,0,0,0,0,0,0,0,0
0.039415,0.044806,0.04396,0,0,0,0,0,0,0,0,0,0,0,0
0.027639,0.023819,0.028283,0,0,0,0,0,0,0,0,0,0,0,0
0.033663,0.023287,0.022841,0,0,0,0,0,0,0,0,0,0,0,0
0.022286,0.023657,0.021823,0,0,0,0,0,0,0,0,0,0,0,0
0.045814,0.022394,0.02564,0,0,0,0,0,0,0,0,0,0,0,0
0.023077,0.022568,0.024442,0,0,0,0,0,0,0,0,0,0,0,0
0.057035,0.043558,0.048949,0,0,0,0,0,0,0,0,0,0,0,0
0.029001,0.022706,0.022544,0,0,0,0,0,0,0,0,0,0,0,0
0.023845,0.023393,0.02336,0,0,0,0,0,0,0,0,0,0,0,0
0.021744,0.023074,0.023505,0,0,0,0,0,0,0,0,0,0,0,0
0.021961,0.023183,0.02331,0,0,0,0,0,0,0,0,0,0,0,0
0.023525,0.024087,0.023808,0,0,0,0,0,0,0,0,0,0,0,0
0.039093,0.043662,0.043109,0,0,0,0,0,0,0,0,0,0,0,0
0.023559,0.023263,0.023232,0,0,0,0,0,0,0,0,0,0,0,0
0.023043,0.03561,0.022915,0,0,0,0,0,0,0,0,0,0,0,0
0.023084,0.023156,0.022226,0,0,0,0,0,0,0,0,0,0,0,0
0.021916,0.021906,0.021381,0,0,0,0,0,0,0,0,0,0,0,0
0.021946,0.021563,0.022867,0,0,0,0,0,0,0,0,0,0,0,0
0.056893,0.038507,0.039286,0,0,0,0,0,0,0,0,0,0,0,0
0.049711,0.023061,0.022286,0,0,0,0,0,0,0,0,0,0,0,0
0.022325,0.022261,0.022732,0,0,0,0,0,0,0,0,0,0,0,0
0.022134,0.021622,0.021883,0,0,0,0,0,0,0,0,0,0,0,0
0.025995,0.022886,0.02275,0,0,0,0,0,0,0,0,0,0,0,0
0.024166,0.022921,0.023199,0,0,0,0,0,0,0,0,0,0,0,0
0.049126,0.038701,0.037797,0,0,0,0,0,0,0,0,0,0,0,0
0.021916,0.021882,0.022557,0,0,0,0,0,0,0,0,0,0,0,0
0.024156,0.033253,0.031974,0,0,0,0,0,0,0,0,0,0,0,0
0.022641,0.032111,0.022239,0,0,0,0,0,0,0,0,0,0,0,0
0.021849,0.023635,0.022999,0,0,0,0,0,0,0,0,0,0,0,0
0.022909,0.022729,0.023318,0,0,0,0,0,0,0,0,0,0,0,0
0.059495,0.036828,0.039108,0,0,0,0,0,0,0,0,0,0,0,0
0.022859,0.022158,0.023191,0,0,0,0,0,0,0,0,0,0,0,0
0.022331,0.021497,0.022993,0,0,0,0,0,0,0,0,0,0,0,0
0.022786,0.02143,0.021997,0,0,0,0,0,0,0,0,0,0,0,0
0.021842,0.021291,0.02189,0,0,0,0,0,0,0,0,0,0,0,0
0.038286,0.021581,0.022663,0,0,0,0,0,0,0,0,0,0,0,0
0.058588,0.038542,0.038663,0,0,0,0,0,0,0,0,0,0,0,0
0.023651,0.021477,0.022415,0,0,0,0,0,0,0,0,0,0,0,0
0.023601,0.022505,0.02272,0,0,0,0,0,0,0,0,0,0,0,0
0.022877,0.022708,0.022514,0,0,0,0,0,0,0,0,0,0,0,0
0.022524,0.023344,0.022401,0,0,0,0,0,0,0,0,0,0,0,0
0.02399,0.024098,0.023448,0,0,0,0,0,0,0,0,0,0,0,0
0.039469,0.040193,0.041157,0,0,0,0,0,0,0,0,0,0,0,0
0.053513,0.02801,0.022494,0,0,0,0,0,0,0,0,0,0,0,0
0.030781,0.023044,0.024758,0,0,0,0,0,0,0,0,0,0,0,0
0.023505,0.023141,0.022253,0,0,0,0,0,0,0,0,0,0,0,0
0.02615,0.02325,0.022053,0,0,0,0,0,0,0,0,0,0,0,0
0.022112,0.023235,0.021966,0,0,0,0,0,0,0,0,0,0,0,0
0.037215,0.039238,0.037903,0,0,0,0,0,0,0,0,0,0,0,0
0.022978,0.022595,0.022368,0,0,0,0,0,0,0,0,0,0,0,0
0.034237,0.021866,0.023396,0,0,0,0,0,0,0,0,0,0,0,0
0.025343,0.022645,0.021641,0,0,0,0,0,0,0,0,0,0,0,0
0.033085,0.022784,0.022348,0,0,0,0,0,0,0,0,0,0,0,0
0.043291,0.022608,0.022221,0,0,0,0,0,0,0,0,0,0,0,0
0.068265,0.054557,0.054573,0,0,0,0,0,0,0,0,0,0,0,0
0.023615,0.025096,0.02464,0,0,0,0,0,0,0,0,0,0,0,0
0.02238,0.022114,0.035467,0,0,0,0,0,0,0,0,0,0,0,0
0.021968,0.021514,0.023239,0,0,0,0,0,0,0,0,0,0,0,0
0.026319,0.02673,0.023351,0,0,0,0,0,0,0,0,0,0,0,0
0.025345,0.02146,0.025831,0,0,0,0,0,0,0,0,0,0,0,0
0.060982,0.052222,0.03984,0,0,0,0,0,0,0,0,0,0,0,0
0.023335,0.020986,0.022801,0,0,0,0,0,0,0,0,0,0,0,0
0.04369,0.022737,0.022584,0,0,0,0,0,0,0,0,0,0,0,0
0.027313,0.02785,0.023182,0,0,0,0,0,0,0,0,0,0,0,0
0.021812,0.021915,0.022516,0,0,0,0,0,0,0,0,0,0,0,0
0.022453,0.02146,0.022991,0,0,0,0,0,0,0,0,0,0,0,0
0.052261,0.054677,0.040125,0,0,0,0,0,0,0,0,0,0,0,0
0.028791,0.024654,0.023619,0,0,0,0,0,0,0,0,0,0,0,0
0.028802,0.021369,0.021717,0,0,0,0,0,0,0,0,0,0,0,0
0.04218,0.02161,0.02244,0,0,0,0,0,0,0,0,0,0,0,0
0.032025,0.021254,0.021738,0,0,0,0,0,0,0,0,0,0,0,0
0.022888,0.021974,0.022162,0,0,0,0,0,0,0,0,0,0,0,0
0.05974,0.039427,0.044362,0,0,0,0,0,0,0,0,0,0,0,0
0.025166,0.027735,0.021543,0,0,0,0,0,0,0,0,0,0,0,0
0.041339,0.021363,0.021648,0,0,0,0,0,0,0,0,0,0,0,0
0.034873,0.021671,0.028086,0,0,0,0,0,0,0,0,0,0,0,0
0.039706,0.021892,0.035043,0,0,0,0,0,0,0,0,0,0,0,0
0.023264,0.021481,0.022298,0,0,0,0,0,0,0,0,0,0,0,0
0.038509,0.043478,0.038748,0,0,0,0,0,0,0,0,0,0,0,0
0.0222,0.023567,0.021674,0,0,0,0,0,0,0,0,0,0,0,0
0.022733,0.023972,0.021899,0,0,0,0,0,0,0,0,0,0,0,0
0.026408,0.026393,0.027475,0,0,0,0,0,0,0,0,0,0,0,0
0.022847,0.021406,0.023015,0,0,0,0,0,0,0,0,0,0,0,0
0.040421,0.022625,0.02225,0,0,0,0,0,0,0,0,0,0,0,0
0.042903,0.037966,0.040964,0,0,0,0,0,0,0,0,0,0,0,0
0.023219,0.022202,0.021733,0,0,0,0,0,0,0,0,0,0,0,0
0.02339,0.02216,0.021882,0,0,0,0,0,0,0,0,0,0,0,0
0.022175,0.022382,0.02224,0,0,0,0,0,0,0,0,0,0,0,0
0.022159,0.022624,0.022184,0,0,0,0,0,0,0,0,0,0,0,0
0.034398,0.021639,0.022688,0,0,0,0,0,0,0,0,0,0,0,0
0.059789,0.038559,0.039518,0,0,0,0,0,0,0,0,0,0,0,0
0.02272,0.022683,0.023233,0,0,0,0,0,0,0,0,0,0,0,0
0.023561,0.022249,0.021546,0,0,0,0,0,0,0,0,0,0,0,0
0.053308,0.02274,0.021998,0,0,0,0,0,0,0,0,0,0,0,0
0.021928,0.022434,0.022476,0,0,0,0,0,0,0,0,0,0,0,0
0.023539,0.023835,0.023472,0,0,0,0,0,0,0,0,0,0,0,0
0.050106,0.051843,0.040997,0,0,0,0,0,0,0,0,0,0,0,0
0.023896,0.027738,0.022802,0,0,0,0,0,0,0,0,0,0,0,0
0.037315,0.022693,0.034085,0,0,0,0,0,0,0,0,0,0,0,0
0.022917,0.022587,0.023841,0,0,0,0,0,0,0,0,0,0,0,0
0.022568,0.022019,0.021605,0,0,0,0,0,0,0,0,0,0,0,0
0.023058,0.022021,0.022212,0,0,0,0,0,0,0,0,0,0,0,0
0.041031,0.043459,0.040323,0,0,0,0,0,0,0,0,0,0,0,0
0.022159,0.023595,0.021926,0,0,0,0,0,0,0,0,0,0,0,0
0.022626,0.021581,0.02141,0,0,0,0,0,0,0,0,0,0,0,0
0.02224,0.023902,0.022552,0,0,0,0,0,0,0,0,0,0,0,0
0.02216,0.023917,0.0215,0,0,0,0,0,0,0,0,0,0,0,0
0.022485,0.021152,0.021878,0,0,0,0,0,0,0,0,0,0,0,0
0.059901,0.050646,0.045777,0,0,0,0,0,0,0,0,0,0,0,0
0.032148,0.021519,0.021607,0,0,0,0,0,0,0,0,0,0,0,0
0.022549,0.022048,0.022784,0,0,0,0,0,0,0,0,0,0,0,0
0.023238,0.022133,0.02195,0,0,0,0,0,0,0,0,0,0,0,0
0.023287,0.021104,0.021681,0,0,0,0,0,0,0,0,0,0,0,0
0.028709,0.021137,0.021979,0,0,0,0,0,0,0,0,0,0,0,0
0.041178,0.03892,0.040299,0,0,0,0,0,0,0,0,0,0,0,0
0.021873,0.02188,0.021907,0,0,0,0,0,0,0,0,0,0,0,0
0.022139,0.021333,0.022415,0,0,0,0,0,0,0,0,0,0,0,0
0.023151,0.023516,0.022388,0,0,0,0,0,0,0,0,0,0,0,0
0.022819,0.022434,0.021853,0,0,0,0,0,0,0,0,0,0,0,0
0.022126,0.020769,0.022781,0,0,0,0,0,0,0,0,0,0,0,0
0.040057,0.042041,0.041087,0,0,0,0,0,0,0,0,0,0,0,0
0.026814,0.025801,0.032305,0,0,0,0,0,0,0,0,0,0,0,0
0.023305,0.02397,0.027207,0,0,0,0,0,0,0,0,0,0,0,0
0.028466,0.021961,0.021964,0,0,0,0,0,0,0,0,0,0,0,0
0.038894,0.02221,0.021607,0,0,0,0,0,0,0,0,0,0,0,0
0.026464,0.021825,0.023048,0,0,0,0,0,0,0,0,0,0,0,0
0.038385,0.040983,0.039088,0,0,0,0,0,0,0,0,0,0,0,0
0.027936,0.021555,0.036352,0,0,0,0,0,0,0,0,0,0,0,0
0.022306,0.026213,0.034684,0,0,0,0,0,0,0,0,0,0,0,0
0.02235,0.022359,0.022651,0,0,0,0,0,0,0,0,0,0,0,0
0.02267,0.032252,0.022735,0,0,0,0,0,0,0,0,0,0,0,0
0.022774,0.023526,0.022217,0,0,0,0,0,0,0,0,0,0,0,0
0.037563,0.045239,0.039031,0,0,0,0,0,0,0,0,0,0,0,0
0.031699,0.022302,0.023052,0,0,0,0,0,0,0,0,0,0,0,0
0.022803,0.02267,0.027816,0,0,0,0,0,0,0,0,0,0,0,0
0.024878,0.024293,0.03622,0,0,0,0,0,0,0,0,0,0,0,0
0.036556,0.022728,0.02342,0,0,0,0,0,0,0,0,0,0,0,0
0.02234,0.021713,0.023069,0,0,0,0,0,0,0,0,0,0,0,0
0.038114,0.04319,0.043703,0,0,0,0,0,0,0,0,0,0,0,0
0.034112,0.02167,0.030056,0,0,0,0,0,0,0,0,0,0,0,0
0.027108,0.035037,0.021283,0,0,0,0,0,0,0,0,0,0,0,0
0.033331,0.021114,0.021497,0,0,0,0,0,0,0,0,0,0,0,0
0.022023,0.022042,0.022563,0,0,0,0,0,0,0,0,0,0,0,0
0.021733,0.020952,0.028179,0,0,0,0,0,0,0,0,0,0,0,0
0.054992,0.04565,0.039231,0,0,0,0,0,0,0,0,0,0,0,0
0.032913,0.023589,0.033601,0,0,0,0,0,0,0,0,0,0,0,0
0.025292,0.022821,0.022665,0,0,0,0,0,0,0,0,0,0,0,0
0.022534,0.022197,0.025215,0,0,0,0,0,0,0,0,0,0,0,0
0.02872,0.022046,0.02172,0,0,0,0,0,0,0,0,0,0,0,0
0.032399,0.028027,0.030441,0,0,0,0,0,0,0,0,0,0,0,0
0.039375,0.049509,0.052089,0,0,0,0,0,0,0,0,0,0,0,0
0.031417,0.021702,0.023971,0,0,0,0,0,0,0,0,0,0,0,0
0.043285,0.022403,0.022661,0,0,0,0,0,0,0,0,0,0,0,0
0.023127,0.022024,0.021936,0,0,0,0,0,0,0,0,0,0,0,0
0.039646,0.021285,0.032181,0,0,0,0,0,0,0,0,0,0,0,0
0.022873,0.021444,0.022028,0,0,0,0,0,0,0,0,0,0,0,0
0.043269,0.039959,0.040237,0,0,0,0,0,0,0,0,0,0,0,0
0.032001,0.02988,0.034012,0,0,0,0,0,0,0,0,0,0,0,0
0.031523,0.024269,0.023412,0,0,0,0,0,0,0,0,0,0,0,0
0.022644,0.021265,0.021644,0,0,0,0,0,0,0,0,0,0,0,0
0.041594,0.026914,0.022443,0,0,0,0,0,0,0,0,0,0,0,0
0.02199,0.023777,0.021714,0,0,0,0,0,0,0,0,0,0,0,0
0.040644,0.04877,0.044594,0,0,0,0,0,0,0,0,0,0,0,0
0.022738,0.022162,0.0234,0,0,0,0,0,0,0,0,0,0,0,0
0.027392,0.020589,0.021381,0,0,0,0,0,0,0,0,0,0,0,0
0.024255,0.0215,0.021474,0,0,0,0,0,0,0,0,0,0,0,0
0.022935,0.021519,0.021507,0,0,0,0,0,0,0,0,0,0,0,0
0.024817,0.032973,0.021558,0,0,0,0,0,0,0,0,0,0,0,0
0.041611,0.042134,0.038125,0,0,0,0,0,0,0,0,0,0,0,0
0.021557,0.021783,0.021965,0,0,0,0,0,0,0,0,0,0,0,0
0.021823,0.02115,0.034632,0,0,0,0,0,0,0,0,0,0,0,0
0.020705,0.021777,0.022012,0,0,0,0,0,0,0,0,0,0,0,0
0.021439,0.025583,0.022153,0,0,0,0,0,0,0,0,0,0,0,0
0.021052,0.022113,0.022068,0,0,0,0,0,0,0,0,0,0,0,0
0.038224,0.048991,0.052694,0,0,0,0,0,0,0,0,0,0,0,0
0.020862,0.02271,0.022259,0,0,0,0,0,0,0,0,0,0,0,0
0.027441,0.023739,0.02607,0,0,0,0,0,0,0,0,0,0,0,0
0.022824,0.023015,0.0217,0,0,0,0,0,0,0,0,0,0,0,0
0.030809,0.022182,0.022611,0,0,0,0,0,0,0,0,0,0,0,0
0.024979,0.021394,0.022289,0,0,0,0,0,0,0,0,0,0,0,0
0.047712,0.037252,0.039749,0,0,0,0,0,0,0,0,0,0,0,0
0.022712,0.021917,0.021499,0,0,0,0,0,0,0,0,0,0,0,0
0.022644,0.02212,0.021904,0,0,0,0,0,0,0,0,0,0,0,0
0.022091,0.02074,0.021001,0,0,0,0,0,0,0,0,0,0,0,0
0.02245,0.021659,0.021469,0,0,0,0,0,0,0,0,0,0,0,0
0.022515,0.021092,0.034614,0,0,0,0,0,0,0,0,0,0,0,0
0.049569,0.036636,0.038584,0,0,0,0,0,0,0,0,0,0,0,0
0.021667,0.022263,0.023435,0,0,0,0,0,0,0,0,0,0,0,0
0.022469,0.021774,0.021393,0,0,0,0,0,0,0,0,0,0,0,0
0.021496,0.021857,0.022439,0,0,0,0,0,0,0,0,0,0,0,0
0.023276,0.023097,0.023271,0,0,0,0,0,0,0,0,0,0,0,0
0.021913,0.026803,0.021702,0,0,0,0,0,0,0,0,0,0,0,0
0.037599,0.039356,0.037849,0,0,0,0,0,0,0,0,0,0,0,0
0.020932,0.021668,0.022435,0,0,0,0,0,0,0,0,0,0,0,0
0.027957,0.02198,0.022043,0,0,0,0,0,0,0,0,0,0,0,0
0.026505,0.026763,0.029706,0,0,0,0,0,0,0,0,0,0,0,0
0.023309,0.022659,0.02274,0,0,0,0,0,0,0,0,0,0,0,0
0.022763,0.022149,0.023218,0,0,0,0,0,0,0,0,0,0,0,0
0.04245,0.04247,0.051225,0,0,0,0,0,0,0,0,0,0,0,0
0.030161,0.02339,0.023051,0,0,0,0,0,0,0,0,0,0,0,0
0.02209,0.021655,0.023915,0,0,0,0,0,0,0,0,0,0,0,0
0.022603,0.021223,0.020986,0,0,0,0,0,0,0,0,0,0,0,0
0.023516,0.021373,0.028575,0,0,0,0,0,0,0,0,0,0,0,0
0.029085,0.020997,0.021604,0,0,0,0,0,0,0,0,0,0,0,0
0.038335,0.039407,0.044952,0,0,0,0,0,0,0,0,0,0,0,0
0.021404,0.023006,0.021833,0,0,0,0,0,0,0,0,0,0,0,0
0.021559,0.021602,0.020594,0,0,0,0,0,0,0,0,0,0,0,0
0.021656,0.021816,0.022166,0,0,0,0,0,0,0,0,0,0,0,0
0.056723,0.021606,0.025382,0,0,0,0,0,0,0,0,0,0,0,0
0.033345,0.020791,0.020809,0,0,0,0,0,0,0,0,0,0,0,0
0.038618,0.038119,0.040207,0,0,0,0,0,0,0,0,0,0,0,0
0.021463,0.020694,0.020186,0,0,0,0,0,0,0,0,0,0,0,0
0.025085,0.042769,0.021671,0,0,0,0,0,0,0,0,0,0,0,0
0.022354,0.023727,0.021618,0,0,0,0,0,0,0,0,0,0,0,0
0.021435,0.022316,0.031345,0,0,0,0,0,0,0,0,0,0,0,0
0.025174,0.021437,0.021191,0,0,0,0,0,0,0,0,0,0,0,0
0.038751,0.038868,0.040219,0,0,0,0,0,0,0,0,0,0,0,0
0.036731,0.02253,0.023001,0,0,0,0,0,0,0,0,0,0,0,0
0.022144,0.021452,0.023478,0,0,0,0,0,0,0,0,0,0,0,0
0.020867,0.022049,0.022124,0,0,0,0,0,0,0,0,0,0,0,0
0.022587,0.020568,0.021345,0,0,0,0,0,0,0,0,0,0,0,0
0.029625,0.020741,0.021363,0,0,0,0,0,0,0,0,0,0,0,0
0.037586,0.062904,0.036797,0,0,0,0,0,0,0,0,0,0,0,0
0.021999,0.021885,0.022216,0,0,0,0,0,0,0,0,0,0,0,0
0.021635,0.020733,0.021293,0,0,0,0,0,0,0,0,0,0,0,0
0.021797,0.020927,0.023682,0,0,0,0,0,0,0,0,0,0,0,0
0.021594,0.02171,0.021042,0,0,0,0,0,0,0,0,0,0,0,0
0.030511,0.020132,0.021414,0,0,0,0,0,0,0,0,0,0,0,0
0.073831,0.038226,0.036948,0,0,0,0,0,0,0,0,0,0,0,0
0.020314,0.020368,0.021615,0,0,0,0,0,0,0,0,0,0,0,0
0.027088,0.024316,0.02283,0,0,0,0,0,0,0,0,0,0,0,0
0.020401,0.022491,0.02145,0,0,0,0,0,0,0,0,0,0,0,0
0.0258,0.022843,0.021403,0,0,0,0,0,0,0,0,0,0,0,0
0.021067,0.021691,0.020962,0,0,0,0,0,0,0,0,0,0,0,0
0.034779,0.042437,0.037351,0,0,0,0,0,0,0,0,0,0,0,0
0.020831,0.027038,0.02173,0,0,0,0,0,0,0,0,0,0,0,0
0.026168,0.020069,0.021273,0,0,0,0,0,0,0,0,0,0,0,0
0.022496,0.021662,0.021353,0,0,0,0,0,0,0,0,0,0,0,0
0.020106,0.02975,0.020473,0,0,0,0,0,0,0,0,0,0,0,0
0.020995,0.020992,0.022287,0,0,0,0,0,0,0,0,0,0,0,0
0.036097,0.038779,0.035912,0,0,0,0,0,0,0,0,0,0,0,0
0.02441,0.020827,0.021272,0,0,0,0,0,0,0,0,0,0,0,0
0.021163,0.021385,0.021878,0,0,0,0,0,0,0,0,0,0,0,0
0.026759,0.030396,0.021308,0,0,0,0,0,0,0,0,0,0,0,0
0.022128,0.02063,0.02301,0,0,0,0,0,0,0,0,0,0,0,0
0.028716,0.021271,0.022127,0,0,0,0,0,0,0,0,0,0,0,0
0.036401,0.038185,0.037309,0,0,0,0,0,0,0,0,0,0,0,0
0.031788,0.020927,0.021366,0,0,0,0,0,0,0,0,0,0,0,0
0.020778,0.02142,0.021207,0,0,0,0,0,0,0,0,0,0,0,0
0.020753,0.020085,0.021857,0,0,0,0,0,0,0,0,0,0,0,0
0.021976,0.021742,0.020405,0,0,0,0,0,0,0,0,0,0,0,0
0.020499,0.022766,0.020611,0,0,0,0,0,0,0,0,0,0,0,0
0.038561,0.038907,0.054985,0,0,0,0,0,0,0,0,0,0,0,0
0.020751,0.022215,0.021487,0,0,0,0,0,0,0,0,0,0,0,0
0.02065,0.020074,0.020806,0,0,0,0,0,0,0,0,0,0,0,0
0.030515,0.031755,0.020786,0,0,0,0,0,0,0,0,0,0,0,0
0.021218,0.021532,0.021273,0,0,0,0,0,0,0,0,0,0,0,0
0.039991,0.021137,0.020933,0,0,0,0,0,0,0,0,0,0,0,0
0.055968,0.044278,0.038822,0,0,0,0,0,0,0,0,0,0,0,0
0.019993,0.022276,0.031066,0,0,0,0,0,0,0,0,0,0,0,0
0.032696,0.023069,0.020879,0,0,0,0,0,0,0,0,0,0,0,0
0.039396,0.021886,0.022218,0,0,0,0,0,0,0,0,0,0,0,0
0.021592,0.021762,0.020999,0,0,0,0,0,0,0,0,0,0,0,0
0.029185,0.021503,0.021596,0,0,0,0,0,0,0,0,0,0,0,0
0.044069,0.054968,0.039333,0,0,0,0,0,0,0,0,0,0,0,0
0.035396,0.021374,0.021668,0,0,0,0,0,0,0,0,0,0,0,0
0.020802,0.020624,0.020545,0,0,0,0,0,0,0,0,0,0,0,0
0.022077,0.021741,0.02177,0,0,0,0,0,0,0,0,0,0,0,0
0.034051,0.021703,0.024336,0,0,0,0,0,0,0,0,0,0,0,0
0.020804,0.020839,0.020292,0,0,0,0,0,0,0,0,0,0,0,0
0.03964,0.039853,0.038411,0,0,0,0,0,0,0,0,0,0,0,0
0.037634,0.024495,0.024252,0,0,0,0,0,0,0,0,0,0,0,0
0.052364,0.021832,0.021641,0,0,0,0,0,0,0,0,0,0,0,0
0.044363,0.023524,0.020643,0,0,0,0,0,0,0,0,0,0,0,0
0.021717,0.019844,0.021395,0,0,0,0,0,0,0,0,0,0,0,0
0.02111,0.019546,0.032053,0,0,0,0,0,0,0,0,0,0,0,0
0.037363,0.038422,0.042486,0,0,0,0,0,0,0,0,0,0,0,0
0.021698,0.029535,0.022879,0,0,0,0,0,0,0,0,0,0,0,0
0.023755,0.023715,0.022205,0,0,0,0,0,0,0,0,0,0,0,0
0.022646,0.023972,0.022689,0,0,0,0,0,0,0,0,0,0,0,0
0.023396,0.022046,0.020877,0,0,0,0,0,0,0,0,0,0,0,0
0.022401,0.020227,0.021265,0,0,0,0,0,0,0,0,0,0,0,0
0.038942,0.046603,0.036302,0,0,0,0,0,0,0,0,0,0,0,0
0.022101,0.031587,0.026526,0,0,0,0,0,0,0,0,0,0,0,0
0.03763,0.023399,0.021548,0,0,0,0,0,0,0,0,0,0,0,0
0.02056,0.021213,0.023056,0,0,0,0,0,0,0,0,0,0,0,0
0.02174,0.02649,0.021484,0,0,0,0,0,0,0,0,0,0,0,0
0.020097,0.020881,0.019575,0,0,0,0,0,0,0,0,0,0,0,0
0.060953,0.038823,0.036292,0,0,0,0,0,0,0,0,0,0,0,0
0.026778,0.019802,0.032409,0,0,0,0,0,0,0,0,0,0,0,0
0.026634,0.020824,0.021379,0,0,0,0,0,0,0,0,0,0,0,0
0.021434,0.020249,0.020412,0,0,0,0,0,0,0,0,0,0,0,0
0.021411,0.020069,0.020375,0,0,0,0,0,0,0,0,0,0,0,0
0.020629,0.01976,0.021136,0,0,0,0,0,0,0,0,0,0,0,0
0.054713,0.036035,0.036346,0,0,0,0,0,0,0,0,0,0,0,0
0.020776,0.01967,0.023212,0,0,0,0,0,0,0,0,0,0,0,0
0.021883,0.02326,0.023906,0,0,0,0,0,0,0,0,0,0,0,0
0.020153,0.019561,0.023874,0,0,0,0,0,0,0,0,0,0,0,0
0.020719,0.019726,0.019629,0,0,0,0,0,0,0,0,0,0,0,0
0.021993,0.021134,0.020499,0,0,0,0,0,0,0,0,0,0,0,0
0.041311,0.038032,0.03715,0,0,0,0,0,0,0,0,0,0,0,0
0.033659,0.021554,0.031184,0,0,0,0,0,0,0,0,0,0,0,0
0.034308,0.023962,0.020279,0,0,0,0,0,0,0,0,0,0,0,0
0.021302,0.024137,0.020187,0,0,0,0,0,0,0,0,0,0,0,0
0.042305,0.019944,0.026162,0,0,0,0,0,0,0,0,0,0,0,0
0.021999,0.019589,0.020946,0,0,0,0,0,0,0,0,0,0,0,0
0.044927,0.036531,0.037169,0,0,0,0,0,0,0,0,0,0,0,0
0.021564,0.030283,0.020523,0,0,0,0,0,0,0,0,0,0,0,0
0.02437,0.020648,0.032554,0,0,0,0,0,0,0,0,0,0,0,0
0.021148,0.020082,0.022648,0,0,0,0,0,0,0,0,0,0,0,0
0.036415,0.02001,0.02548,0,0,0,0,0,0,0,0,0,0,0,0
0.052697,0.023759,0.020298,0,0,0,0,0,0,0,0,0,0,0,0
0.036719,0.040616,0.037886,0,0,0,0,0,0,0,0,0,0,0,0
0.023045,0.020267,0.021307,0,0,0,0,0,0,0,0,0,0,0,0
0.020758,0.024686,0.029976,0,0,0,0,0,0,0,0,0,0,0,0
0.02104,0.020288,0.020744,0,0,0,0,0,0,0,0,0,0,0,0
0.041959,0.02028,0.020389,0,0,0,0,0,0,0,0,0,0,0,0
0.021593,0.020488,0.020314,0,0,0,0,0,0,0,0,0,0,0,0
0.036741,0.038187,0.037477,0,0,0,0,0,0,0,0,0,0,0,0
0.02129,0.021103,0.020731,0,0,0,0,0,0,0,0,0,0,0,0
0.020187,0.019926,0.020668,0,0,0,0,0,0,0,0,0,0,0,0
0.020231,0.019797,0.02062,0,0,0,0,0,0,0,0,0,0,0,0
0.021629,0.019812,0.020853,0,0,0,0,0,0,0,0,0,0,0,0
0.020003,0.02338,0.020898,0,0,0,0,0,0,0,0,0,0,0,0
0.036487,0.048102,0.048383,0,0,0,0,0,0,0,0,0,0,0,0
0.021827,0.021519,0.022218,0,0,0,0,0,0,0,0,0,0,0,0
0.020234,0.021182,0.020233,0,0,0,0,0,0,0,0,0,0,0,0
0.020275,0.019882,0.020631,0,0,0,0,0,0,0,0,0,0,0,0
0.021923,0.021028,0.020359,0,0,0,0,0,0,0,0,0,0,0,0
0.045999,0.020654,0.020269,0,0,0,0,0,0,0,0,0,0,0,0
0.040631,0.03763,0.035357,0,0,0,0,0,0,0,0,0,0,0,0
0.020603,0.027181,0.020525,0,0,0,0,0,0,0,0,0,0,0,0
0.020746,0.02024,0.020588,0,0,0,0,0,0,0,0,0,0,0,0
0.020889,0.020859,0.021063,0,0,0,0,0,0,0,0,0,0,0,0
0.021114,0.019743,0.019894,0,0,0,0,0,0,0,0,0,0,0,0
0.021435,0.022152,0.019899,0,0,0,0,0,0,0,0,0,0,0,0
0.056154,0.036744,0.035606,0,0,0,0,0,0,0,0,0,0,0,0
0.021263,0.024011,0.020411,0,0,0,0,0,0,0,0,0,0,0,0
0.021602,0.019984,0.021172,0,0,0,0,0,0,0,0,0,0,0,0
0.040499,0.022416,0.022107,0,0,0,0,0,0,0,0,0,0,0,0
0.039091,0.019993,0.021475,0,0,0,0,0,0,0,0,0,0,0,0
0.022002,0.020453,0.020558,0,0,0,0,0,0,0,0,0,0,0,0
0.035937,0.038976,0.036579,0,0,0,0,0,0,0,0,0,0,0,0
0.029314,0.019872,0.021502,0,0,0,0,0,0,0,0,0,0,0,0
0.021593,0.020588,0.02156,0,0,0,0,0,0,0,0,0,0,0,0
0.019788,0.02018,0.020762,0,0,0,0,0,0,0,0,0,0,0,0
0.023304,0.020017,0.020385,0,0,0,0,0,0,0,0,0,0,0,0
0.023019,0.020391,0.02221,0,0,0,0,0,0,0,0,0,0,0,0
0.039405,0.042931,0.036868,0,0,0,0,0,0,0,0,0,0,0,0
0.020935,0.02391,0.021707,0,0,0,0,0,0,0,0,0,0,0,0
0.020636,0.020046,0.019974,0,0,0,0,0,0,0,0,0,0,0,0
0.037344,0.02716,0.020661,0,0,0,0,0,0,0,0,0,0,0,0
0.041091,0.019886,0.020163,0,0,0,0,0,0,0,0,0,0,0,0
0.022597,0.020374,0.022215,0,0,0,0,0,0,0,0,0,0,0,0
0.036405,0.038311,0.0359,0,0,0,0,0,0,0,0,0,0,0,0
0.025193,0.020257,0.021365,0,0,0,0,0,0,0,0,0,0,0,0
0.026567,0.021129,0.020778,0,0,0,0,0,0,0,0,0,0,0,0
0.021684,0.020219,0.020722,0,0,0,0,0,0,0,0,0,0,0,0
0.025064,0.021078,0.021639,0,0,0,0,0,0,0,0,0,0,0,0
0.03929,0.020113,0.020693,0,0,0,0,0,0,0,0,0,0,0,0
0.037281,0.037549,0.036333,0,0,0,0,0,0,0,0,0,0,0,0
0.030739,0.02115,0.021894,0,0,0,0,0,0,0,0,0,0,0,0
0.020974,0.019974,0.020745,0,0,0,0,0,0,0,0,0,0,0,0
0.023661,0.019852,0.021971,0,0,0,0,0,0,0,0,0,0,0,0
0.040772,0.02002,0.019992,0,0,0,0,0,0,0,0,0,0,0,0
0.039874,0.019824,0.019378,0,0,0,0,0,0,0,0,0,0,0,0
0.044704,0.039859,0.035721,0,0,0,0,0,0,0,0,0,0,0,0
0.023544,0.021936,0.020516,0,0,0,0,0,0,0,0,0,0,0,0
0.020973,0.021316,0.022567,0,0,0,0,0,0,0,0,0,0,0,0
0.022336,0.032558,0.023376,0,0,0,0,0,0,0,0,0,0,0,0
0.042564,0.021488,0.021134,0,0,0,0,0,0,0,0,0,0,0,0
0.020566,0.021932,0.026193,0,0,0,0,0,0,0,0,0,0,0,0
0.039407,0.041956,0.037088,0,0,0,0,0,0,0,0,0,0,0,0
0.023692,0.024176,0.022563,0,0,0,0,0,0,0,0,0,0,0,0
0.071166,0.021171,0.023214,0,0,0,0,0,0,0,0,0,0,0,0
0.02103,0.02026,0.020269,0,0,0,0,0,0,0,0,0,0,0,0
0.021335,0.019944,0.020507,0,0,0,0,0,0,0,0,0,0,0,0
0.020492,0.020358,0.021609,0,0,0,0,0,0,0,0,0,0,0,0
0.038154,0.04816,0.037118,0,0,0,0,0,0,0,0,0,0,0,0
0.021273,0.026191,0.021669,0,0,0,0,0,0,0,0,0,0,0,0
0.022572,0.020335,0.022108,0,0,0,0,0,0,0,0,0,0,0,0
0.021471,0.021016,0.021189,0,0,0,0,0,0,0,0,0,0,0,0
0.021193,0.020394,0.019788,0,0,0,0,0,0,0,0,0,0,0,0
0.021237,0.020793,0.019856,0,0,0,0,0,0,0,0,0,0,0,0
0.043458,0.049042,0.037085,0,0,0,0,0,0,0,0,0,0,0,0
0.048731,0.024257,0.021355,0,0,0,0,0,0,0,0,0,0,0,0
0.023438,0.020361,0.021323,0,0,0,0,0,0,0,0,0,0,0,0
0.021805,0.020265,0.021468,0,0,0,0,0,0,0,0,0,0,0,0
0.036961,0.021055,0.02904,0,0,0,0,0,0,0,0,0,0,0,0
0.021463,0.021884,0.021051,0,0,0,0,0,0,0,0,0,0,0,0
0.041981,0.042648,0.037345,0,0,0,0,0,0,0,0,0,0,0,0
0.028012,0.021032,0.025915,0,0,0,0,0,0,0,0,0,0,0,0
0.021703,0.021597,0.02385,0,0,0,0,0,0,0,0,0,0,0,0
0.031942,0.021882,0.021714,0,0,0,0,0,0,0,0,0,0,0,0
0.021741,0.020443,0.020798,0,0,0,0,0,0,0,0,0,0,0,0
0.021223,0.020028,0.021779,0,0,0,0,0,0,0,0,0,0,0,0
0.052046,0.040298,0.036753,0,0,0,0,0,0,0,0,0,0,0,0
0.02221,0.021753,0.021357,0,0,0,0,0,0,0,0,0,0,0,0
0.021177,0.020915,0.021183,0,0,0,0,0,0,0,0,0,0,0,0
0.021977,0.021583,0.020141,0,0,0,0,0,0,0,0,0,0,0,0
0.033241,0.020606,0.02055,0,0,0,0,0,0,0,0,0,0,0,0
0.022259,0.020565,0.021445,0,0,0,0,0,0,0,0,0,0,0,0
0.065975,0.035882,0.036408,0,0,0,0,0,0,0,0,0,0,0,0
0.030482,0.01996,0.02128,0,0,0,0,0,0,0,0,0,0,0,0
0.023942,0.020171,0.020838,0,0,0,0,0,0,0,0,0,0,0,0
0.022196,0.021098,0.025533,0,0,0,0,0,0,0,0,0,0,0,0
0.027871,0.020118,0.020612,0,0,0,0,0,0,0,0,0,0,0,0
0.022212,0.020088,0.02356,0,0,0,0,0,0,0,0,0,0,0,0
0.048605,0.041472,0.036229,0,0,0,0,0,0,0,0,0,0,0,0
0.024946,0.02088,0.027489,0,0,0,0,0,0,0,0,0,0,0,0
0.024185,0.021664,0.02167,0,0,0,0,0,0,0,0,0,0,0,0
0.022602,0.021284,0.021425,0,0,0,0,0,0,0,0,0,0,0,0
0.020382,0.020516,0.020427,0,0,0,0,0,0,0,0,0,0,0,0
0.021486,0.026082,0.021061,0,0,0,0,0,0,0,0,0,0,0,0
0.038586,0.039146,0.037312,0,0,0,0,0,0,0,0,0,0,0,0
0.021064,0.020213,0.021375,0,0,0,0,0,0,0,0,0,0,0,0
0.019806,0.019886,0.023287,0,0,0,0,0,0,0,0,0,0,0,0
0.021116,0.020143,0.024809,0,0,0,0,0,0,0,0,0,0,0,0
0.028792,0.019993,0.021274,0,0,0,0,0,0,0,0,0,0,0,0
0.020583,0.019859,0.020444,0,0,0,0,0,0,0,0,0,0,0,0
0.051862,0.047473,0.039773,0,0,0,0,0,0,0,0,0,0,0,0
0.029302,0.022339,0.026939,0,0,0,0,0,0,0,0,0,0,0,0
0.038998,0.021634,0.020475,0,0,0,0,0,0,0,0,0,0,0,0
0.02946,0.020833,0.021878,0,0,0,0,0,0,0,0,0,0,0,0
0.024054,0.021949,0.030157,0,0,0,0,0,0,0,0,0,0,0,0
0.021749,0.021327,0.02079,0,0,0,0,0,0,0,0,0,0,0,0
0.038118,0.043664,0.035977,0,0,0,0,0,0,0,0,0,0,0,0
0.021923,0.021216,0.020967,0,0,0,0,0,0,0,0,0,0,0,0
0.037629,0.020885,0.021851,0,0,0,0,0,0,0,0,0,0,0,0
0.036644,0.021231,0.020798,0,0,0,0,0,0,0,0,0,0,0,0
0.020457,0.021734,0.020985,0,0,0,0,0,0,0,0,0,0,0,0
0.033896,0.021182,0.020579,0,0,0,0,0,0,0,0,0,0,0,0
0.042284,0.040244,0.041906,0,0,0,0,0,0,0,0,0,0,0,0
0.021015,0.020369,0.0205,0,0,0,0,0,0,0,0,0,0,0,0
0.022984,0.030205,0.021863,0,0,0,0,0,0,0,0,0,0,0,0
0.020744,0.020034,0.020717,0,0,0,0,0,0,0,0,0,0,0,0
0.022057,0.02021,0.029459,0,0,0,0,0,0,0,0,0,0,0,0
0.021247,0.019586,0.021395,0,0,0,0,0,0,0,0,0,0,0,0
0.044642,0.047865,0.035833,0,0,0,0,0,0,0,0,0,0,0,0
0.028087,0.019912,0.020771,0,0,0,0,0,0,0,0,0,0,0,0
0.021688,0.027839,0.020545,0,0,0,0,0,0,0,0,0,0,0,0
0.032924,0.02011,0.020907,0,0,0,0,0,0,0,0,0,0,0,0
0.022573,0.022366,0.025769,0,0,0,0,0,0,0,0,0,0,0,0
0.021563,0.021476,0.022312,0,0,0,0,0,0,0,0,0,0,0,0
0.042999,0.044311,0.037656,0,0,0,0,0,0,0,0,0,0,0,0
0.034228,0.023779,0.022153,0,0,0,0,0,0,0,0,0,0,0,0
0.023612,0.021832,0.022329,0,0,0,0,0,0,0,0,0,0,0,0
0.02334,0.026133,0.021436,0,0,0,0,0,0,0,0,0,0,0,0
0.023888,0.036351,0.023001,0,0,0,0,0,0,0,0,0,0,0,0
0.031712,0.022279,0.021782,0,0,0,0,0,0,0,0,0,0,0,0
0.039427,0.040378,0.037409,0,0,0,0,0,0,0,0,0,0,0,0
0.022332,0.022834,0.026923,0,0,0,0,0,0,0,0,0,0,0,0
0.035971,0.034383,0.031389,0,0,0,0,0,0,0,0,0,0,0,0
0.03472,0.023799,0.023166,0,0,0,0,0,0,0,0,0,0,0,0
0.03124,0.021255,0.023771,0,0,0,0,0,0,0,0,0,0,0,0
0.040963,0.021551,0.02327,0,0,0,0,0,0,0,0,0,0,0,0
0.042423,0.040905,0.049661,0,0,0,0,0,0,0,0,0,0,0,0
0.036059,0.024173,0.023949,0,0,0,0,0,0,0,0,0,0,0,0
0.038988,0.021609,0.020725,0,0,0,0,0,0,0,0,0,0,0,0
0.04707,0.020576,0.020971,0,0,0,0,0,0,0,0,0,0,0,0
0.022041,0.020005,0.021162,0,0,0,0,0,0,0,0,0,0,0,0
0.021369,0.020049,0.02284,0,0,0,0,0,0,0,0,0,0,0,0
0.052445,0.044169,0.043605,0,0,0,0,0,0,0,0,0,0,0,0
0.022201,0.021814,0.021601,0,0,0,0,0,0,0,0,0,0,0,0
0.022618,0.020603,0.021226,0,0,0,0,0,0,0,0,0,0,0,0
0.021119,0.020031,0.020531,0,0,0,0,0,0,0,0,0,0,0,0
0.030097,0.020591,0.021116,0,0,0,0,0,0,0,0,0,0,0,0
0.030896,0.020674,0.020432,0,0,0,0,0,0,0,0,0,0,0,0
0.037229,0.03782,0.035802,0,0,0,0,0,0,0,0,0,0,0,0
0.02155,0.021191,0.027466,0,0,0,0,0,0,0,0,0,0,0,0
0.020582,0.020168,0.02352,0,0,0,0,0,0,0,0,0,0,0,0
0.0223,0.027886,0.021589,0,0,0,0,0,0,0,0,0,0,0,0
0.026809,0.020854,0.020744,0,0,0,0,0,0,0,0,0,0,0,0
0.036484,0.020471,0.03232,0,0,0,0,0,0,0,0,0,0,0,0
0.036674,0.037363,0.036733,0,0,0,0,0,0,0,0,0,0,0,0
0.036121,0.028876,0.038178,0,0,0,0,0,0,0,0,0,0,0,0
0.024526,0.021417,0.02155,0,0,0,0,0,0,0,0,0,0,0,0
0.048875,0.020123,0.020391,0,0,0,0,0,0,0,0,0,0,0,0
0.022333,0.02024,0.021289,0,0,0,0,0,0,0,0,0,0,0,0
0.025112,0.033513,0.02084,0,0,0,0,0,0,0,0,0,0,0,0
0.043041,0.037954,0.037258,0,0,0,0,0,0,0,0,0,0,0,0
0.022658,0.020646,0.02148,0,0,0,0,0,0,0,0,0,0,0,0
0.02037,0.020923,0.022788,0,0,0,0,0,0,0,0,0,0,0,0
0.021085,0.019887,0.020133,0,0,0,0,0,0,0,0,0,0,0,0
0.021107,0.020214,0.020294,0,0,0,0,0,0,0,0,0,0,0,0
0.020489,0.022547,0.020354,0,0,0,0,0,0,0,0,0,0,0,0
0.038504,0.038847,0.036831,0,0,0,0,0,0,0,0,0,0,0,0
0.020578,0.020377,0.0213,0,0,0,0,0,0,0,0,0,0,0,0
0.024482,0.028377,0.0425,0,0,0,0,0,0,0,0,0,0,0,0
0.021306,0.031798,0.021424,0,0,0,0,0,0,0,0,0,0,0,0
0.021493,0.022127,0.021621,0,0,0,0,0,0,0,0,0,0,0,0
0.020848,0.030144,0.020651,0,0,0,0,0,0,0,0,0,0,0,0
0.036343,0.042177,0.037746,0,0,0,0,0,0,0,0,0,0,0,0
0.020607,0.022379,0.021378,0,0,0,0,0,0,0,0,0,0,0,0
0.032354,0.019603,0.021944,0,0,0,0,0,0,0,0,0,0,0,0
0.021557,0.020323,0.020536,0,0,0,0,0,0,0,0,0,0,0,0
0.022528,0.020302,0.029615,0,0,0,0,0,0,0,0,0,0,0,0
0.022466,0.021427,0.020318,0,0,0,0,0,0,0,0,0,0,0,0
0.05269,0.047472,0.035337,0,0,0,0,0,0,0,0,0,0,0,0
0.019468,0.020191,0.020975,0,0,0,0,0,0,0,0,0,0,0,0
0.019403,0.020195,0.021791,0,0,0,0,0,0,0,0,0,0,0,0
0.024439,0.030744,0.033026,0,0,0,0,0,0,0,0,0,0,0,0
