1.2284
0.15907
0.081887
0.065815
0.098906
0.080039
0.051029
0.048779
0.060609
0.036283
0.02492
0.035602
0.023288
0.023531
0.051439
0.023436
0.023213
0.023346
0.022313
0.027643
0.049459
0.02714
0.024041
0.024312
0.0348
0.039791
0.054727
0.027758
0.02648
0.024595
0.033794
0.035773
0.063485
0.036344
0.030858
0.029217
0.024181
0.022729
0.089911
0.021007
0.027059
0.036411
0.021632
0.021346
0.053145
0.024499
0.02628
0.024025
0.023858
0.023763
0.054744
0.021172
0.022031
0.021508
0.022363
0.02815
0.048123
0.023986
0.024355
0.020289
0.021015
0.021593
0.058187
0.024543
0.022327
0.021397
0.023241
0.029834
0.04554
0.022175
0.021017
0.021781
0.021688
0.022432
0.044022
0.024078
0.02219
0.03497
0.021932
0.02166
0.044942
0.022421
0.024403
0.022216
0.02239
0.023133
0.045464
0.024699
0.022293
0.022837
0.023925
0.031154
0.045142
0.022361
0.022482
0.022916
0.033631
0.02168
0.05114
0.022272
0.021673
0.023437
0.021651
0.031118
0.061055
0.022961
0.021758
0.021942
0.022591
0.021853
0.053423
0.025981
0.024496
0.023475
0.02406
0.02372
0.054803
0.023908
0.021945
0.020975
0.021178
0.031376
0.045796
0.027822
0.024431
0.022402
0.021986
0.028362
0.047813
0.021471
0.022129
0.031236
0.027875
0.022962
0.048257
0.021283
0.022272
0.022935
0.022436
0.02215
0.045045
0.021061
0.022231
0.021961
0.021784
0.021758
0.04471
0.021132
0.022205
0.021628
0.021869
0.022259
0.045023
0.022115
0.022954
0.021417
0.027668
0.021613
0.044597
0.022452
0.022418
0.021409
0.022364
0.021085
