1.4679
0.15307
0.082799
0.064114
0.092245
NaN
0.073726
NaN
0.059495
0.047118
0.052716
0.021775
0.01959
0.019197
0.018067
0.018807
0.045735
0.019471
0.029842
0.018703
0.018415
0.022149
0.043049
0.018338
0.019026
0.02929
0.017881
0.018797
0.044212
0.018313
0.019394
0.018522
0.032161
0.022155
0.049225
0.019805
0.029172
0.020307
0.019676
0.019097
0.042412
0.03135
0.024465
0.018549
NaN
NaN
NaN
NaN
1.1526
0.13783
0.067798
0.059246
0.091207
NaN
0.082698
NaN
0.045424
0.038332
0.038812
0.017031
0.019434
0.018334
0.030762
0.017793
0.041471
0.017664
0.03253
0.01652
0.016877
NaN
NaN
NaN
NaN
1.1798
0.1379
0.069221
0.061148
0.091285
NaN
0.080966
NaN
0.052559
0.041249
0.042382
0.018952
0.028539
0.022596
0.017596
0.018112
NaN
NaN
NaN
NaN
1.247
0.15011
0.077989
0.066346
0.091091
NaN
0.076415
NaN
0.048301
0.04563
0.04571
0.021544
0.028334
0.022285
0.020491
0.021163
0.052065
0.01971
0.019471
0.01898
NaN
NaN
NaN
NaN
1.0358
0.13261
0.065677
0.055619
0.07778
NaN
0.061895
0.037437
0.035582
0.042559
0.024338
0.016614
0.015131
0.017072
0.01525
0.032878
0.014734
NaN
NaN
NaN
NaN
1.2089
0.13821
0.069553
0.056643
0.082541
NaN
0.07029
0.04167
0.048779
0.042654
0.022602
0.018612
0.016351
0.020098
0.018947
0.040124
0.026099
0.017533
0.018151
0.023253
0.019023
0.042614
0.024055
0.017459
0.019068
0.018289
0.018041
NaN
NaN
NaN
NaN
1.0683
0.13924
0.069668
0.051519
0.081787
NaN
0.063543
0.036005
0.034335
0.033726
0.028085
0.023682
0.01681
0.015552
0.016167
0.031316
0.01601
0.015593
0.015492
0.015036
0.015845
0.038669
0.020471
0.015348
0.020631
0.014914
0.016974
0.031398
0.015216
0.015336
0.01553
0.033903
0.021318
0.038643
0.023115
0.021011
0.02127
0.018282
0.017368
0.034232
0.015275
0.016149
0.015875
0.015817
0.015573
0.034748
0.020355
0.01972
0.016446
0.017808
0.016923
0.03609
0.025228
0.016212
0.019507
0.016623
0.016199
0.038347
0.016219
0.016043
0.016955
0.019699
0.02757
0.036138
0.01627
0.018486
0.016271
0.016318
0.016278
0.038007
0.024115
0.015519
0.015739
0.01551
0.015859
0.033763
0.015457
0.022786
0.016814
0.015816
0.015389
0.034895
0.02573
NaN
NaN
NaN
NaN
1.2711
0.14073
0.086182
0.063025
0.091101
NaN
0.073003
NaN
0.045772
0.058762
0.049413
