1.1343
0.15037
0.086346
0.064724
0.087779
NaN
0.076537
NaN
0.048824
0.048993
0.049456
0.036789
0.024126
0.026
0.024937
0.027126
0.056086
0.026182
0.033645
0.024774
0.035068
0.035962
0.047578
0.02732
0.023618
0.026934
0.024013
0.0272
0.051667
0.027914
0.035446
0.043087
0.033157
0.028859
0.064746
0.036132
0.031144
0.027314
0.036621
0.025955
0.04686
0.02558
0.023805
0.026212
0.024306
0.025979
0.050093
0.027758
0.024535
0.025394
0.032171
0.025053
0.045198
0.024472
0.02381
0.024003
0.035854
0.024643
0.048592
0.027485
0.025554
0.027876
0.024994
0.025486
0.048041
0.026054
0.023577
0.026906
0.023036
0.024484
0.060418
0.026977
0.025425
0.026453
0.024
0.024531
0.046541
0.031175
0.024337
0.024765
0.023459
0.023617
0.049868
0.023628
0.025397
0.026213
0.026527
0.023671
0.045592
0.037093
0.025843
0.023165
0.025429
0.02398
0.045706
0.024541
0.035502
0.023779
0.025931
0.024856
0.046196
0.025205
0.026274
0.024992
0.032924
0.023912
0.047133
0.025795
0.024084
0.024886
0.025611
0.025663
0.053499
0.038274
0.036129
0.035849
0.025243
0.024847
0.046703
0.024904
0.024831
0.024255
0.032673
0.02365
0.051237
0.026764
0.031847
0.023702
0.024516
0.023302
0.048452
0.023325
0.036392
0.025806
0.024171
0.026122
0.049813
0.031835
0.025576
0.027084
0.024015
0.025548
0.048402
0.023565
0.025767
0.029114
0.023994
0.025055
0.043584
0.027324
0.024435
0.024696
0.025138
0.024562
0.049979
0.033107
0.025123
0.025524
0.024831
0.024091
0.051026
0.02527
0.025762
0.025688
0.026548
0.025355
0.050641
0.025124
0.026599
0.024428
0.02687
0.02529
0.049425
0.024805
0.034519
0.024862
0.032111
0.031659
0.048891
0.025923
0.023789
0.024083
0.023355
0.024554
0.044948
0.023608
0.02374
0.029394
0.024452
0.023598
0.045893
