9.8e-05
0.22303
0.002851
0.003108
0.002725
0.002762
0.002866
0.00282
0.00278
0.003281
0.003169
0.002917
0.002751
0.002886
0.002896
0.002963
0.003218
0.003337
0.003539
0.003226
0.002915
0.002875
0.002854
0.00303
0.002835
0.002872
0.003561
0.005406
0.005878
0.00468
0.004036
0.00378
0.003759
0.003136
0.003248
0.003106
0.002849
0.00286
0.003245
0.002877
0.00287
0.002973
0.002782
0.002843
0.003316
0.00357
0.003383
0.00352
0.003516
0.00322
0.002925
0.002829
0.003032
0.002774
0.002642
0.002658
0.002872
0.002809
0.00291
0.002832
0.002864
0.002862
0.003304
0.002869
0.002857
0.002821
0.002843
0.002785
0.003406
0.003393
0.003552
0.00359
0.003657
0.003404
0.003949
0.005147
0.005605
0.004598
0.005494
0.00522
0.005083
0.005286
0.00442
0.00414
0.003773
0.003471
0.003825
0.005634
0.005859
0.005697
0.006462
0.004648
0.003541
0.003648
0.003455
0.005396
0.00505
0.005159
0.004259
0.004281
0.00374
0.003466
0.003433
0.00339
0.003427
0.003408
0.005222
0.005295
0.0053
0.004539
0.004473
0.003959
0.004666
0.005283
0.00561
0.004229
0.004331
0.003979
0.003885
0.003633
0.00332
0.003229
0.003028
0.002992
0.002967
0.003014
0.003169
0.002779
0.002794
0.002965
0.002836
