1.3474
0.1448
0.08353
0.063258
0.095967
0.088239
0.052435
0.058396
0.051901
0.029951
0.032579
0.027464
0.025083
0.032008
0.048027
0.026243
0.02606
0.025551
0.025588
0.030795
0.045702
0.025928
0.023713
0.025731
0.024819
0.025892
0.046033
0.025641
0.026077
0.027979
0.034823
0.030871
0.063076
0.028526
0.032782
0.026824
0.031953
0.026832
0.070912
0.030279
0.036708
0.030733
0.032002
0.025784
0.050108
0.027016
0.025196
0.024702
0.032365
0.026544
0.044922
0.026289
0.036141
0.027097
0.024043
0.024645
0.057631
0.037451
0.034051
0.026491
0.025202
0.025921
0.057091
0.026906
0.029869
0.024712
0.023776
0.024351
0.048215
0.028606
0.036214
0.036069
0.023577
0.025408
0.05649
0.028581
0.024074
0.025229
0.034294
0.026294
0.047755
0.024489
0.023585
0.02457
0.024137
0.025558
0.044571
0.025612
0.024339
0.023909
0.023768
0.024902
0.044951
0.038614
0.02533
0.025591
0.034826
0.025606
0.046738
0.025311
0.023739
0.025514
0.024936
0.027524
0.055282
0.025638
0.02529
0.027112
0.025429
0.026449
0.050238
0.029148
0.025481
0.024926
0.026979
0.023401
0.055325
0.023201
0.024559
0.023199
0.024867
0.023953
0.063409
0.025611
0.024917
0.033759
0.025039
0.024576
0.050283
0.023996
0.026511
0.024433
0.027097
0.024037
0.059034
0.024002
0.039976
0.026385
0.024925
0.025796
0.044024
0.024579
0.02656
0.02398
0.02692
0.023816
0.047222
0.023459
0.025317
0.024341
0.026562
0.025299
0.051198
0.024581
0.035607
0.022623
0.02471
0.023808
0.046444
0.02358
0.026139
0.023921
0.025062
0.023946
0.04839
0.026241
0.027083
0.025686
0.026688
0.025695
0.053016
0.040207
0.029737
0.024322
0.026111
0.024858
0.053902
0.025697
0.025969
0.023298
0.024795
0.024026
0.048422
0.036148
0.025517
0.025803
0.025881
0.024936
0.044295
0.024805
0.026451
