0.000288,0.000105,0.00011,0.000134,0.000142,0.000152,0.000199,0.000141,0.000161,0.000149,0.000133,0.000141,0.000117,0.000151,9.8e-05
0.56287,0.55266,0.55903,0.54186,0.55367,0.56502,0.54903,0.55709,0.54907,0.54806,0.55689,0.55963,0.56033,0.54713,0.56213
0.015419,0.015513,0.015466,0.015094,0.015354,0.016838,0.01517,0.015102,0.015056,0.015103,0.016156,0.015803,0.015677,0.015407,0.015267
0.015502,0.014741,0.015222,0.01514,0.01484,0.014906,0.01453,0.015324,0.014322,0.015221,0.014633,0.014789,0.015941,0.015334,0.014562
0.016753,0.015856,0.015802,0.015536,0.019978,0.014947,0.014967,0.015096,0.015316,0.014886,0.015817,0.015688,0.015008,0.015716,0.01571
0.015028,0.014768,0.014898,0.017047,0.014727,0.014904,0.015082,0.015262,0.014896,0.01493,0.017623,0.015416,0.015274,0.015027,0.015159
0.015808,0.015376,0.014936,0.015128,0.015488,0.015984,0.015628,0.01586,0.015513,0.015533,0.015567,0.015763,0.016029,0.015651,0.015801
0.023411,0.026757,0.026911,0.025738,0.026051,0.026086,0.025737,0.026549,0.026214,0.022664,0.026447,0.026896,0.02688,0.026523,0.030433
0.029806,0.031959,0.029946,0.027965,0.028666,0.029942,0.029404,0.029708,0.029281,0.026749,0.032652,0.030392,0.031175,0.029122,0.030224
0.029343,0.029641,0.026375,0.03006,0.027304,0.026455,0.031586,0.026891,0.027079,0.02653,0.028927,0.030338,0.03074,0.027145,0.031718
0.026865,0.031932,0.030132,0.030318,0.03006,0.029375,0.029664,0.02685,0.027559,0.028802,0.027597,0.030002,0.03106,0.027553,0.031747
0.023413,0.020313,0.022908,0.023249,0.02251,0.024643,0.020564,0.023565,0.02184,0.022861,0.020236,0.020503,0.020166,0.022693,0.022026
0.099003,0.087504,0.095048,0.093358,0.086808,0.094544,0.082551,0.10687,0.088065,0.10176,0.089512,0.082659,0.087719,0.091664,0.092199
0.026185,0.01994,0.019905,0.025336,0.020138,0.018031,0.023267,0.025537,0.019172,0.026058,0.024587,0.019994,0.027569,0.021224,0.016926
0.016933,0.016591,0.016845,0.017274,0.01718,0.01604,0.016655,0.017039,0.016085,0.01659,0.016194,0.016205,0.017002,0.016489,0.01676
0.017064,0.016723,0.016668,0.016513,0.016088,0.016684,0.016937,0.016222,0.016403,0.01691,0.016305,0.016159,0.016503,0.017247,0.018456
0.015662,0.016193,0.016403,0.015455,0.015572,0.017564,0.015422,0.015768,0.015736,0.016132,0.016698,0.015722,0.016064,0.016221,0.016865
0.015676,0.016394,0.016478,0.015419,0.016017,0.016278,0.016281,0.01653,0.01619,0.015971,0.016023,0.016215,0.018209,0.016181,0.015662
0.016823,0.016479,0.016339,0.016442,0.018931,0.016794,0.016369,0.015599,0.016288,0.016654,0.016199,0.016475,0.016521,0.017002,0.016493
0.016686,0.016616,0.01649,0.018754,0.017483,0.017215,0.016583,0.016169,0.016108,0.016515,0.016386,0.01654,0.01909,0.017171,0.016547
0.016839,0.017183,0.017295,0.017552,0.01699,0.017638,0.017517,0.017025,0.017043,0.017088,0.020119,0.017412,0.019706,0.017254,0.016652
0.017606,0.017168,0.017376,0.017604,0.017005,0.016793,0.017512,0.017493,0.017239,0.017274,0.017523,0.016831,0.016953,0.01783,0.018175
0.017247,0.017253,0.017537,0.01697,0.017171,0.017311,0.016817,0.019648,0.016691,0.016714,0.016621,0.017544,0.018161,0.017493,0.01688
0.016829,0.02062,0.016126,0.016969,0.016353,0.017133,0.015897,0.016287,0.016676,0.016642,0.016663,0.016473,0.016318,0.016571,0.017001
0.016934,0.017208,0.017245,0.017172,0.016336,0.016303,0.016602,0.016758,0.016428,0.016869,0.018456,0.016861,0.019441,0.016559,0.016732
0.017414,0.017082,0.01708,0.017437,0.017265,0.017202,0.016862,0.017191,0.01703,0.016988,0.017558,0.016747,0.017162,0.017209,0.017318
0.017979,0.017246,0.017057,0.017338,0.017656,0.018337,0.017849,0.017043,0.01756,0.017511,0.025116,0.017931,0.017909,0.01771,0.017484
0.018082,0.018121,0.017668,0.017521,0.017815,0.0172,0.01709,0.017443,0.017808,0.017699,0.025957,0.019192,0.017869,0.018122,0.018579
0.016523,0.017598,0.017408,0.016969,0.01689,0.017095,0.01686,0.01971,0.016469,0.016707,0.018621,0.017443,0.017026,0.01719,0.017168
0.01722,0.016743,0.017058,0.01693,0.017067,0.017455,0.017128,0.017069,0.016848,0.016739,0.021626,0.01674,0.017212,0.0174,0.016998
0.017315,0.017257,0.017144,0.017104,0.018208,0.017555,0.017376,0.016916,0.016914,0.01758,0.01736,0.017025,0.016672,0.017735,0.017074
0.017315,0.017223,0.017482,0.019523,0.017798,0.017236,0.017184,0.01731,0.016968,0.017013,0.020526,0.017395,0.017735,0.018234,0.017273
NaN,NaN,NaN,NaN,NaN,NaN,NaN,NaN,NaN,NaN,NaN,NaN,NaN,NaN,NaN
NaN,NaN,NaN,NaN,NaN,NaN,NaN,NaN,NaN,NaN,NaN,NaN,NaN,NaN,NaN
NaN,NaN,NaN,NaN,NaN,NaN,NaN,NaN,NaN,NaN,NaN,NaN,NaN,NaN,NaN
NaN,NaN,NaN,NaN,NaN,NaN,NaN,NaN,NaN,NaN,NaN,NaN,NaN,NaN,NaN
0.000111,0.000164,0.000136,0.000143,0.000149,0.00016,0.000182,0.000152,5.7e-05,4.5e-05,0.00024,0.000158,0.000109,0.000132,0.000151
0.5795,0.55982,0.56794,0.5596,0.56148,0.58888,0.59186,0.55888,0.57838,0.59202,0.57112,0.58787,0.56598,0.56783,0.56007
0.015235,0.015704,0.015098,0.015296,0.015354,0.018058,0.015519,0.015299,0.01504,0.015568,0.015293,0.015169,0.015744,0.016378,0.017639
0.015375,0.014357,0.015727,0.014887,0.015016,0.014551,0.014714,0.014652,0.014828,0.014647,0.01498,0.014901,0.015088,0.015554,0.014833
0.015275,0.014996,0.015788,0.015763,0.015102,0.015292,0.015234,0.015201,0.015075,0.016356,0.014909,0.015366,0.015401,0.015672,0.015699
0.015581,0.015652,0.01552,0.015591,0.016008,0.01541,0.015559,0.015044,0.015632,0.015384,0.015107,0.016263,0.01559,0.015473,0.015598
NaN,NaN,NaN,NaN,NaN,NaN,NaN,NaN,NaN,NaN,NaN,NaN,NaN,NaN,NaN
NaN,NaN,NaN,NaN,NaN,NaN,NaN,NaN,NaN,NaN,NaN,NaN,NaN,NaN,NaN
NaN,NaN,NaN,NaN,NaN,NaN,NaN,NaN,NaN,NaN,NaN,NaN,NaN,NaN,NaN
NaN,NaN,NaN,NaN,NaN,NaN,NaN,NaN,NaN,NaN,NaN,NaN,NaN,NaN,NaN
0.000162,0.000209,4.3e-05,0.000171,0.000181,0.000184,0.000152,0.000179,0.000157,0.000142,0.00017,0.000167,8.1e-05,0.00018,0.000171
0.56132,0.5701,0.559,0.58447,0.57035,0.55495,0.57322,0.57637,0.57235,0.57414,0.56485,0.56242,0.5603,0.58045,0.56322
0.016405,0.016506,0.016439,0.016587,0.016164,0.016224,0.016842,0.016308,0.017785,0.016484,0.016453,0.016503,0.016293,0.016709,0.016415
0.015839,0.016559,0.016262,0.015769,0.015985,0.015732,0.016241,0.016083,0.016454,0.015854,0.015876,0.015622,0.015704,0.018464,0.016425
0.016201,0.016136,0.016558,0.016588,0.016765,0.016382,0.016751,0.017197,0.016656,0.016806,0.016476,0.016335,0.016526,0.016786,0.01637
0.016846,0.016379,0.016688,0.016986,0.0164,0.016694,0.016709,0.017178,0.017197,0.020207,0.016904,0.016836,0.017128,0.017166,0.016871
0.016633,0.016304,0.016539,0.016475,0.016458,0.016745,0.017759,0.01669,0.016867,0.017227,0.016646,0.016615,0.016677,0.01658,0.016643
0.027653,0.026882,0.028541,0.032925,0.027206,0.028122,0.02897,0.027501,0.035028,0.028307,0.027469,0.028755,0.027482,0.028417,0.027385
0.031622,0.031014,0.03086,0.031978,0.032093,0.035293,0.033012,0.030495,0.033572,0.035122,0.031102,0.03141,0.030174,0.031923,0.031061
0.031965,0.030456,0.032385,0.032341,0.028276,0.031392,0.032002,0.030855,0.037683,0.032021,0.031693,0.033355,0.032,0.031012,0.028173
0.031706,0.030751,0.031574,0.031865,0.028307,0.030361,0.031871,0.030917,0.028192,0.032324,0.032195,0.034223,0.031064,0.031695,0.030906
0.018678,0.021822,0.018735,0.020455,0.021501,0.019039,0.01862,0.02186,0.017899,0.01891,0.018486,0.017962,0.018173,0.021587,0.023205
0.076488,0.088158,0.082662,0.071939,0.082451,0.079672,0.074667,0.081246,0.070574,0.079221,0.081273,0.078702,0.076113,0.090171,0.08261
0.02089,0.0193,0.028363,0.023259,0.023692,0.020913,0.021902,0.021853,0.020942,0.022601,0.019197,0.026823,0.021359,0.024918,0.019889
NaN,NaN,NaN,0.017416,NaN,0.017253,NaN,NaN,0.017212,NaN,NaN,NaN,NaN,NaN,NaN
NaN,NaN,NaN,0.017678,NaN,0.017885,NaN,NaN,0.018448,NaN,NaN,NaN,NaN,NaN,NaN
NaN,NaN,NaN,0.016753,NaN,0.017287,NaN,NaN,0.016997,NaN,NaN,NaN,NaN,NaN,NaN
NaN,NaN,NaN,0.017159,NaN,0.017397,NaN,NaN,0.016904,NaN,NaN,NaN,NaN,NaN,NaN
0.000165,0.000137,0.000155,0.01742,0.000158,0.017325,0.000167,0.000182,0.017643,0.00015,0.000163,0.000158,0.000155,5.9e-05,6.2e-05
0.57012,0.57131,0.56022,0.017741,0.56056,0.017492,0.56227,0.57171,0.01784,0.56027,0.5733,0.56463,0.58565,0.5675,0.58474
0.014872,0.015052,0.01521,0.018019,0.014892,0.017722,0.014886,0.014935,0.017991,0.014637,0.014736,0.014837,0.016636,0.015118,0.014601
0.014554,0.014613,0.015204,0.018006,0.015022,0.018784,0.01536,0.015468,0.024482,0.014655,0.015446,0.014655,0.014887,0.0148,0.014986
0.015039,0.014615,0.015391,0.016843,0.014729,0.017831,0.014951,0.01708,0.017496,0.014963,0.015104,0.01797,0.016584,0.014828,0.014896
0.01527,0.014866,0.01548,0.017911,0.015441,0.017771,0.014889,0.01547,0.018532,0.015348,0.017513,0.015803,0.015438,0.015188,0.015102
0.015173,0.017711,0.015562,0.017348,0.016146,0.017567,0.014813,0.01529,0.017643,0.015437,0.015181,0.015423,0.015225,0.014842,0.01499
0.026466,0.025788,0.026744,0.018201,0.027429,0.021871,0.026512,0.026541,0.01905,0.027002,0.026756,0.026811,0.029427,0.026138,0.022818
0.030853,0.02944,0.028841,0.018268,0.026254,0.018756,0.028764,0.03023,0.018186,0.026235,0.030778,0.030469,0.031774,0.026882,0.025489
0.02727,0.026773,0.025997,0.01824,0.025925,0.018652,0.02693,0.026538,0.019261,0.029567,0.033324,0.028206,0.027151,0.026253,0.025547
0.028861,0.026363,0.028872,0.017554,0.029903,0.017477,0.026521,0.028783,0.018322,0.030176,0.033099,0.02729,0.031237,0.028841,0.027544
0.022248,0.024366,0.022806,0.017805,0.024435,0.01865,0.020462,0.023045,0.018397,0.022997,0.021899,0.020447,0.017329,0.023585,0.027203
0.096392,0.097169,0.089664,0.017751,0.092008,0.018688,0.085419,0.096043,0.01832,0.089445,0.090809,0.083961,0.076553,0.087142,0.093943
0.019799,0.022982,0.020635,0.019172,0.023319,0.018404,0.020078,0.017423,0.020599,0.018766,0.025162,0.019833,0.018982,0.020043,0.025821
0.016042,0.016144,0.017179,0.018721,0.015635,0.018832,0.01675,0.016562,0.018958,0.016398,0.016687,0.015593,0.016172,0.015676,0.016568
0.01655,0.016177,0.015688,0.018779,0.015886,0.018609,0.015946,0.016857,0.018372,0.016244,0.017855,0.015971,0.016462,0.016356,0.016669
0.016224,0.01551,0.015727,0.018186,0.016388,0.017831,0.015669,0.016285,0.018528,0.016541,0.015415,0.016286,0.01578,0.01614,0.016112
0.017478,0.018847,0.01565,0.01769,0.017551,0.017245,0.015622,0.016348,0.017605,0.015502,0.015895,0.015691,0.015786,0.015605,0.015451
0.015346,0.015179,0.015291,0.017602,0.015543,0.019674,0.016042,0.015863,0.018392,0.015407,0.015978,0.0153,0.015472,0.0157,0.015724
0.015949,0.016022,0.015652,0.018874,0.016281,0.018639,0.016189,0.0158,0.020578,0.016486,0.016352,0.015866,0.015954,0.016653,0.015995
0.016651,0.016545,0.016283,0.018925,0.016256,0.01867,0.016353,0.017144,0.019597,0.016786,0.016639,0.016458,0.016947,0.016768,0.016876
0.016307,0.019765,0.016876,0.018748,0.018561,0.019033,0.016873,0.016752,0.018298,0.017235,0.017305,0.017044,0.017081,0.016828,0.016959
0.016398,0.01641,0.01675,0.018286,0.016767,0.017746,0.016109,0.01624,0.017459,0.016197,0.016359,0.016889,0.016625,0.016458,0.015951
0.015535,0.0164,0.015652,0.017967,0.017476,0.017582,0.016265,0.015931,0.019627,0.015851,0.016311,0.015895,0.015775,0.016037,0.015608
0.015725,0.016124,0.016627,0.017081,0.019348,0.019378,0.015831,0.01601,0.01834,0.01572,0.01642,0.015655,0.016031,0.017183,0.015836
0.016495,0.017379,0.016505,0.018302,0.016303,0.018343,0.016436,0.016356,0.018551,0.01637,0.01637,0.016777,0.017021,0.016184,0.016184
0.01645,0.016784,0.017077,0.018402,0.018597,0.018968,0.016728,0.016804,0.018221,0.017167,0.016818,0.017037,0.017098,0.017128,0.017064
0.016799,0.020162,0.017262,0.019086,0.017447,0.018596,0.017183,0.017389,0.021368,0.017441,0.018222,0.017501,0.018441,0.016849,0.016964
0.017135,0.019948,0.016942,0.01757,0.018134,0.020373,0.016939,0.016827,0.017885,0.016709,0.017355,0.016867,0.01633,0.018179,0.016149
0.01678,0.015954,0.016961,0.018416,0.016204,0.017578,0.016509,0.016547,0.022615,0.016243,0.017088,0.015814,0.017581,0.01589,0.016441
0.016486,0.019387,0.016464,0.017271,0.016603,0.01793,0.016159,0.016494,0.019192,0.016207,0.016562,0.015872,0.017612,0.01635,0.01647
0.016794,0.016389,0.017396,0.018598,0.016611,0.018728,0.016671,0.016717,0.01964,0.016361,0.017046,0.01655,0.017391,0.016579,0.017008
0.016894,0.017915,0.017169,0.018516,0.017279,0.021324,0.017208,0.017,0.018286,0.017429,0.017397,0.017197,0.017129,0.017293,0.017614
0.017152,0.018028,0.017388,0.018254,0.017476,0.020929,0.017355,0.01765,0.021098,0.017195,0.017941,0.017217,0.017615,0.017276,0.016951
0.020108,0.016476,0.01635,0.017952,0.016645,0.02079,0.016787,0.016662,0.018209,0.016697,0.017087,0.019465,0.018032,0.017216,0.017094
0.018732,0.016024,0.016379,0.017423,0.016885,0.017561,0.016199,0.016692,0.018219,0.016278,0.01757,0.016184,0.016639,0.015994,0.016405
0.017784,0.016248,0.016215,0.017931,0.016198,0.020544,0.016579,0.016607,0.018098,0.016005,0.017196,0.016058,0.016944,0.016334,0.016425
0.016869,0.017209,0.01699,0.018938,0.017304,0.017975,0.016753,0.016812,0.018379,0.016976,0.017535,0.01723,0.016738,0.016949,0.016761
0.016964,0.017448,0.017538,0.018727,0.016882,0.01949,0.017724,0.017168,0.01867,0.017396,0.018023,0.02007,0.017498,0.017334,0.017404
0.017476,0.018017,0.017376,0.018861,0.017689,0.019007,0.01749,0.017917,0.019015,0.017453,0.018029,0.017502,0.017562,0.017636,0.017715
0.016779,0.01651,0.017324,0.017059,0.017382,0.017612,0.016422,0.016966,0.017837,0.01731,0.017547,0.017093,0.017158,0.01687,0.017247
0.016816,0.016265,0.016976,0.017942,0.01616,0.017741,0.016608,0.016484,0.017372,0.016333,0.017087,0.016627,0.016644,0.016552,0.016073
0.016511,0.016145,0.015851,0.018292,0.015955,0.017743,0.016494,0.01674,0.017534,0.017313,0.017526,0.01674,0.016242,0.015915,0.016647
0.016498,0.016789,0.017284,0.018488,0.016753,0.018109,0.016956,0.016854,0.01852,0.017251,0.017134,0.016944,0.016955,0.01656,0.017712
0.01764,0.01737,0.017287,0.018873,0.018307,0.018786,0.017014,0.017698,0.019032,0.019838,0.01788,0.01762,0.017543,0.017757,0.017881
0.017342,0.017487,0.017209,0.019282,0.017444,0.01839,0.017272,0.017619,0.018951,0.017462,0.017125,0.017643,0.017626,0.017726,0.017462
0.016906,0.016986,0.017094,0.01767,0.016987,0.018039,0.016988,0.017288,0.017443,0.016639,0.017188,0.016296,0.016739,0.019383,0.016315
0.016199,0.016259,0.016073,0.017477,0.016603,0.017956,0.016701,0.016549,0.017809,0.016462,0.016648,0.016018,0.016283,0.016457,0.01619
0.016485,0.015941,0.016168,0.017977,0.016124,0.017555,0.01586,0.016585,0.017883,0.018901,0.016618,0.016226,0.016676,0.016025,0.016512
0.016776,0.016668,0.016732,0.018617,0.016629,0.018126,0.017181,0.016357,0.018603,0.017255,0.017246,0.017151,0.017133,0.017606,0.01716
0.01684,0.016842,0.016779,0.01934,0.01737,0.019071,0.01729,0.017373,0.019397,0.017446,0.017183,0.017296,0.017343,0.017677,0.016982
0.017142,0.017619,0.017257,0.018794,0.017284,0.018817,0.0174,0.017206,0.018727,0.017523,0.017363,0.017139,0.017522,0.017664,0.017268
0.017112,0.016949,0.017022,0.01726,0.016786,0.01812,0.018977,0.016914,0.018025,0.017024,0.017513,0.015948,0.017047,0.016898,0.016964
0.016335,0.016514,0.016057,0.018232,0.016633,0.017819,0.017316,0.016834,0.017651,0.016451,0.017042,0.016596,0.0169,0.016778,0.01676
0.016626,0.016138,0.016468,0.017493,0.016032,0.017691,0.016532,0.01648,0.018876,0.016029,0.016325,0.016416,0.016678,0.016657,0.016534
0.016601,0.016781,0.017399,0.018248,0.017946,0.018795,0.016683,0.016472,0.01908,0.01679,0.017724,0.020297,0.017105,0.017076,0.016988
0.017579,0.018049,0.017141,0.018338,0.017286,0.018905,0.017771,0.017336,0.018438,0.017141,0.018111,0.01781,0.018341,0.017761,0.01731
0.017834,0.01723,0.017476,0.018497,0.017628,0.018534,0.017214,0.017356,0.020227,0.017627,0.017761,0.017745,0.018211,0.018217,0.017559
0.017306,0.016975,0.017133,0.017903,0.016856,0.018052,0.017263,0.017404,0.018626,0.0167,0.017207,0.016807,0.01718,0.017061,0.016773
0.017352,0.016866,0.015947,0.017739,0.016147,0.017973,0.01599,0.016812,0.018448,0.017348,0.016974,0.016666,0.017061,0.016501,0.01664
0.01651,0.016499,0.016234,0.017493,0.016596,0.017795,0.016467,0.017085,0.017565,0.01622,0.01682,0.016099,0.016126,0.017122,0.016712
0.016737,0.017751,0.019684,0.017996,0.01681,0.018219,0.017469,0.016984,0.019225,0.017165,0.017068,0.017173,0.017543,0.017268,0.016847
0.017005,0.017316,0.017685,0.018538,0.017607,0.018843,0.017828,0.017578,0.019542,0.018051,0.017706,0.017482,0.017464,0.017512,0.01728
0.019476,0.018025,0.017624,0.019044,0.018006,0.018952,0.017654,0.017804,0.019952,0.017802,0.018039,0.017833,0.021912,0.017623,0.017761
0.01822,0.01661,0.017044,0.018203,0.01718,0.018378,0.01714,0.017439,0.018411,0.01682,0.017145,0.017071,0.017992,0.018878,0.017056
0.019011,0.016696,0.019448,0.018063,0.016402,0.018102,0.016809,0.017904,0.018087,0.01935,0.016787,0.017562,0.019623,0.016502,0.016839
0.016391,0.016542,0.016539,0.017799,0.016349,0.018297,0.016732,0.017034,0.018064,0.016146,0.016266,0.016335,0.016737,0.016388,0.01678
0.016957,0.016934,0.016824,0.01827,0.01692,0.01834,0.016989,0.017188,0.018677,0.017281,0.01742,0.018998,0.017358,0.017067,0.02726
0.017715,0.017504,0.017837,0.018966,0.017725,0.019162,0.017457,0.01764,0.018889,0.017499,0.018112,0.017295,0.017745,0.019102,0.017456
0.019915,0.017851,0.018643,0.018971,0.01789,0.018972,0.017869,0.017967,0.019351,0.018448,0.01764,0.017089,0.017319,0.017636,0.017388
0.017557,0.017699,0.017104,0.018105,0.017021,0.017988,0.017175,0.017075,0.018197,0.017503,0.01742,0.016945,0.016948,0.017411,0.016094
0.016175,0.016012,0.017107,0.021495,0.016591,0.01746,0.01645,0.016845,0.01763,0.016905,0.017134,0.016703,0.016675,0.016325,0.016143
0.016723,0.016511,0.01604,0.017348,0.016797,0.01804,0.016588,0.01676,0.017639,0.016731,0.017469,0.0168,0.016245,0.018718,0.016512
0.017124,0.017254,0.016836,0.018086,0.017392,0.018357,0.016967,0.01704,0.018383,0.017694,0.017534,0.017503,0.01746,0.017443,0.01705
0.017558,0.01763,0.017382,0.021557,0.017861,0.018635,0.019252,0.017343,0.01926,0.017341,0.018087,0.017683,0.017538,0.018828,0.017744
0.017435,0.017329,0.017649,0.019024,0.01761,0.01886,0.017662,0.017906,0.021207,0.017866,0.017716,0.017765,0.017497,0.017812,0.016901
0.016661,0.016604,0.016781,0.018193,0.016914,0.018258,0.01748,0.016976,0.018144,0.016905,0.016653,0.016737,0.017014,0.016679,0.016574
0.01655,0.016299,0.016104,0.017163,0.016686,0.017786,0.016651,0.016745,0.017401,0.019,0.016705,0.019294,0.016775,0.019275,0.016615
0.016415,0.016413,0.016572,0.017688,0.016676,0.0177,0.016972,0.016376,0.018963,0.016486,0.016322,0.016632,0.016346,0.016919,0.016457
0.016771,0.017469,0.016858,0.018377,0.017647,0.018349,0.016729,0.017229,0.018312,0.016979,0.017495,0.017097,0.016916,0.018069,0.016696
0.01746,0.017041,0.017668,0.019108,0.017844,0.019032,0.017597,0.017556,0.01838,0.01767,0.017877,0.017739,0.017706,0.017909,0.017476
0.017511,0.017586,0.017671,0.0188,0.018102,0.018929,0.018124,0.017339,0.022023,0.018456,0.018001,0.019786,0.017298,0.017662,0.017627
0.017248,0.016699,0.018958,0.017971,0.016834,0.017818,0.017115,0.016844,0.019501,0.017505,0.017076,0.019594,0.017314,0.017317,0.017458
0.016385,0.016308,0.017616,0.017324,0.016733,0.017444,0.016546,0.016601,0.017301,0.020222,0.016942,0.019996,0.016956,0.016903,0.016845
0.016394,0.016612,0.016827,0.028578,0.016645,0.017797,0.016599,0.016231,0.017632,0.01753,0.017019,0.018109,0.016639,0.01709,0.015995
0.016887,0.017249,0.016879,0.018113,0.017215,0.018793,0.017344,0.016925,0.018698,0.01662,0.017195,0.016976,0.017181,0.017422,0.017311
0.021393,0.017758,0.017504,0.018118,0.017687,0.01877,0.019566,0.017233,0.019078,0.017342,0.018025,0.020234,0.017603,0.017552,0.017692
0.017201,0.018101,0.019681,0.018074,0.017811,0.019081,0.017799,0.017649,0.019312,0.020213,0.017843,0.017728,0.017949,0.017428,0.017655
0.016866,0.017197,0.017198,0.017953,0.016964,0.018248,0.01746,0.01711,0.017929,0.017325,0.017787,0.019408,0.016923,0.018449,0.017657
0.016415,0.01596,0.016529,0.017664,0.016584,0.018219,0.016512,0.016606,0.017517,0.017239,0.016735,0.016844,0.016996,0.016565,0.016868
0.017161,0.016796,0.016725,0.02015,0.016526,0.018129,0.016231,0.01642,0.01787,0.016385,0.016716,0.016738,0.016574,0.016782,0.016833
0.019229,0.017075,0.017492,0.018098,0.01771,0.018183,0.016845,0.016815,0.01855,0.019821,0.017844,0.016929,0.017152,0.01723,0.017736
0.018386,0.017845,0.017667,0.01839,0.017959,0.01846,0.020432,0.017833,0.019023,0.01794,0.018503,0.018114,0.017984,0.01781,0.017923
0.017167,0.017549,0.017627,0.018659,0.018005,0.018662,0.017724,0.018801,0.018436,0.020101,0.018123,0.017221,0.017703,0.017975,0.017934
0.016329,0.017107,0.020001,0.01898,0.017098,0.017679,0.01742,0.017687,0.017574,0.017777,0.017673,0.017108,0.017178,0.01719,0.01729
0.016594,0.016055,0.017024,0.017935,0.016795,0.0174,0.016437,0.016762,0.017647,0.016915,0.016666,0.016557,0.016893,0.016626,0.016453
0.017166,0.016777,0.016764,0.017638,0.016791,0.017641,0.017858,0.016962,0.017863,0.018499,0.016615,0.016389,0.016879,0.016823,0.017057
0.018896,0.01719,0.017175,0.017897,0.017931,0.017986,0.017228,0.016889,0.018139,0.017694,0.017433,0.017034,0.017826,0.017294,0.017014
0.017723,0.017465,0.016967,0.018613,0.017248,0.018803,0.017759,0.017508,0.018725,0.018905,0.017954,0.017493,0.017388,0.017716,0.017678
0.01726,0.017812,0.018515,0.018026,0.01757,0.018703,0.017883,0.017793,0.018819,0.017409,0.018022,0.017684,0.017836,0.017871,0.017775
0.016546,0.01661,0.019801,0.018222,0.016788,0.018226,0.019266,0.01715,0.018059,0.017185,0.016973,0.017139,0.016983,0.017361,0.016757
0.016578,0.016734,0.016584,0.018043,0.016368,0.01797,0.016304,0.017023,0.018459,0.01668,0.016555,0.016368,0.017473,0.01665,0.016562
0.016597,0.017168,0.016633,0.017878,0.016653,0.017531,0.01936,0.016883,0.01804,0.016712,0.016769,0.016476,0.01657,0.016898,0.016146
0.017088,0.016914,0.017634,0.017736,0.017717,0.018167,0.020123,0.016815,0.018717,0.017733,0.01688,0.016804,0.017054,0.016993,0.017166
0.020037,0.017418,0.01881,0.018398,0.017778,0.018281,0.017551,0.018396,0.018137,0.017684,0.017881,0.017691,0.017716,0.017097,0.017418
0.017655,0.017427,0.017881,0.01855,0.017631,0.018283,0.020307,0.017889,0.018342,0.018114,0.017613,0.018035,0.017618,0.018092,0.020372
0.017177,0.016888,0.017506,0.017939,0.017165,0.017961,0.01703,0.017283,0.018159,0.016632,0.017248,0.016913,0.016891,0.017277,0.01703
0.017231,0.016615,0.016262,0.019421,0.016854,0.017632,0.019593,0.01692,0.018817,0.01648,0.016723,0.016688,0.016719,0.016269,0.016818
0.017359,0.016725,0.017852,0.01843,0.016663,0.018132,0.016823,0.017002,0.018103,0.01648,0.017071,0.016739,0.016538,0.016849,0.016328
0.016968,0.017317,0.016966,0.01808,0.017025,0.018448,0.017407,0.017035,0.019498,0.017272,0.017721,0.017639,0.017416,0.01706,0.020811
0.017628,0.0174,0.017928,0.018546,0.017089,0.018586,0.017499,0.017695,0.020877,0.017562,0.017644,0.0178,0.017637,0.017354,0.017144
0.016475,0.017778,0.02061,0.020271,0.018267,0.019088,0.017663,0.017583,0.019966,0.017712,0.018115,0.017838,0.017818,0.017731,0.017865
0.017961,0.016702,0.017116,0.017577,0.016816,0.01809,0.016898,0.016615,0.017799,0.016698,0.017263,0.017463,0.0172,0.017127,0.017158
0.016526,0.016857,0.019134,0.018111,0.016368,0.017976,0.016596,0.016528,0.018768,0.016516,0.016979,0.016708,0.016648,0.016835,0.017323
0.017699,0.016387,0.016268,0.017928,0.016845,0.017705,0.016442,0.016395,0.017777,0.016209,0.016778,0.016726,0.018626,0.016407,0.01618
0.017741,0.017535,0.018236,0.021415,0.017419,0.018133,0.016804,0.017011,0.018939,0.016892,0.017082,0.017216,0.017484,0.017391,0.017744
0.016994,0.017666,0.017319,0.019139,0.017181,0.019266,0.017373,0.017596,0.019291,0.017928,0.017964,0.017759,0.017227,0.017491,0.017438
0.018195,0.017603,0.017329,0.018918,0.017469,0.019264,0.0172,0.017538,0.018717,0.017486,0.017243,0.017863,0.019864,0.017611,0.01764
0.017416,0.017214,0.017308,0.018212,0.017421,0.018364,0.016717,0.017118,0.01847,0.016451,0.017154,0.017474,0.016983,0.016844,0.017242
0.017187,0.016689,0.016364,0.018031,0.016081,0.018379,0.016149,0.016588,0.017756,0.016139,0.017168,0.015922,0.016671,0.016799,0.016158
0.016249,0.016755,0.015854,0.018139,0.016793,0.017805,0.016572,0.016848,0.018169,0.016391,0.016405,0.017133,0.016592,0.016268,0.016388
0.016618,0.017203,0.016512,0.018427,0.017054,0.018178,0.016765,0.016583,0.018751,0.016579,0.016671,0.016833,0.0185,0.016687,0.016729
0.016807,0.016919,0.017223,0.019507,0.017196,0.018275,0.017508,0.017275,0.018401,0.017333,0.018941,0.017267,0.017313,0.017433,0.017508
0.017446,0.017589,0.017344,0.019336,0.01759,0.018018,0.016998,0.017498,0.01817,0.017599,0.018153,0.017629,0.017839,0.017785,0.017133
0.016944,0.016788,0.016481,0.018784,0.016956,0.018046,0.017161,0.016724,0.018128,0.018105,0.017246,0.017337,0.01769,0.016914,0.016981
0.0167,0.016301,0.016748,0.01786,0.016301,0.017697,0.016528,0.016359,0.017665,0.016936,0.016838,0.016292,0.016013,0.016415,0.0164
0.016593,0.016413,0.016096,0.017916,0.016501,0.01804,0.016395,0.016367,0.017519,0.017094,0.019296,0.016122,0.016368,0.01601,0.018039
0.016548,0.016875,0.017511,0.018078,0.017304,0.018459,0.016624,0.01695,0.018886,0.017157,0.017481,0.016577,0.01693,0.017421,0.016964
0.017295,0.016703,0.017181,0.018201,0.017332,0.018807,0.01734,0.017342,0.019037,0.018193,0.017291,0.017396,0.017665,0.017508,0.01706
0.016929,0.017313,0.017295,0.018685,0.01726,0.019048,0.017479,0.017531,0.019152,0.017194,0.017513,0.017609,0.017225,0.01778,0.017067
0.01695,0.016971,0.016731,0.017605,0.016958,0.018091,0.01751,0.016442,0.017328,0.017031,0.017133,0.016975,0.016538,0.016745,0.01751
0.016289,0.016234,0.016264,0.017672,0.015602,0.017683,0.01623,0.016091,0.017035,0.015966,0.01614,0.016414,0.01609,0.016288,0.01646
0.016119,0.016075,0.01604,0.017998,0.016465,0.017713,0.016407,0.016126,0.01782,0.015883,0.015991,0.016213,0.016322,0.016522,0.016048
0.016184,0.016533,0.016368,0.017865,0.016373,0.017586,0.01667,0.01649,0.0182,0.016491,0.016757,0.016652,0.01697,0.016921,0.016812
0.016794,0.016843,0.017069,0.018476,0.017123,0.018224,0.017278,0.017082,0.018251,0.016987,0.016921,0.017142,0.017202,0.017445,0.017203
0.017465,0.01742,0.017076,0.019159,0.0174,0.018734,0.017483,0.017152,0.019676,0.017093,0.017155,0.017225,0.01972,0.017838,0.017406
0.016614,0.016857,0.016856,0.016984,0.016629,0.017753,0.01728,0.017792,0.017259,0.01648,0.016795,0.016669,0.016376,0.017136,0.016767
0.015814,0.017142,0.01612,0.018174,0.01664,0.017647,0.016572,0.016282,0.017526,0.015986,0.01627,0.01631,0.016559,0.027325,0.016101
0.016311,0.016319,0.016284,0.017763,0.01603,0.017644,0.016243,0.016285,0.0176,0.015983,0.016377,0.016325,0.016805,0.015993,0.019356
0.016356,0.016659,0.016706,0.018191,0.016963,0.018011,0.016626,0.016678,0.018585,0.01662,0.017376,0.017385,0.017738,0.016819,0.016848
0.016697,0.016997,0.016926,0.018661,0.01727,0.018841,0.017327,0.017564,0.018794,0.016961,0.016628,0.016993,0.017069,0.016817,0.017125
0.017668,0.017327,0.017051,0.018742,0.01748,0.018725,0.017364,0.01723,0.019081,0.01698,0.017175,0.017397,0.017883,0.016896,0.016946
0.01679,0.016852,0.016639,0.017578,0.016398,0.017702,0.016268,0.016457,0.017571,0.016296,0.016812,0.016095,0.016116,0.016225,0.016798
0.016732,0.016448,0.016836,0.017989,0.016628,0.01764,0.016349,0.016155,0.019825,0.01576,0.016904,0.016268,0.016712,0.016356,0.016603
0.016155,0.01596,0.016153,0.017245,0.01608,0.017474,0.01602,0.016095,0.017751,0.015709,0.016138,0.016036,0.016141,0.016398,0.019032
0.016353,0.016787,0.016573,0.018165,0.017069,0.017826,0.016636,0.01676,0.018124,0.016945,0.016643,0.016435,0.016696,0.016689,0.016683
0.016735,0.017089,0.017424,0.01908,0.016989,0.02698,0.017126,0.017217,0.01842,0.01729,0.017036,0.017589,0.018658,0.017209,0.01723
0.017658,0.018963,0.016577,0.018871,0.01802,0.018888,0.017158,0.017156,0.018851,0.017203,0.017798,0.016991,0.017307,0.017294,0.01721
0.017265,0.017178,0.016604,0.017977,0.016965,0.017636,0.016527,0.017021,0.017756,0.016464,0.016917,0.017009,0.017035,0.016522,0.018323
0.016745,0.01655,0.016303,0.018062,0.017108,0.020341,0.016691,0.016304,0.017244,0.017142,0.016353,0.016604,0.016727,0.016321,0.017808
0.016439,0.016043,0.016275,0.017646,0.016515,0.018426,0.016279,0.016489,0.017705,0.016236,0.016577,0.01635,0.016208,0.016112,0.016361
0.016893,0.02051,0.016574,0.018236,0.017042,0.018229,0.016693,0.017037,0.018083,0.017172,0.017094,0.016984,0.016863,0.016533,0.017077
0.016917,0.016997,0.017041,0.018501,0.016685,0.018167,0.017155,0.017045,0.018153,0.0171,0.016747,0.01746,0.017154,0.016968,0.018524
0.017626,0.017575,0.016929,0.018946,0.017381,0.018672,0.017303,0.01735,0.018875,0.017541,0.017064,0.016831,0.020931,0.017338,0.01712
0.01637,0.016913,0.016796,0.017659,0.017141,0.018101,0.016986,0.016985,0.018129,0.01635,0.017162,0.017147,0.016733,0.01703,0.020125
0.016107,0.016594,0.016406,0.017665,0.016825,0.017664,0.016548,0.016442,0.018084,0.016471,0.018999,0.016028,0.016562,0.016036,0.019806
0.016239,0.015903,0.017034,0.017334,0.016102,0.017388,0.016187,0.016326,0.017288,0.015995,0.016221,0.016109,0.016434,0.01615,0.015866
0.016647,0.016653,0.016558,0.018009,0.01698,0.018612,0.016713,0.017057,0.018206,0.017108,0.016514,0.016923,0.018985,0.017168,0.018534
0.017294,0.017078,0.017146,0.018562,0.017389,0.018917,0.016843,0.017951,0.018551,0.016778,0.017162,0.017496,0.017129,0.01664,0.017569
0.017522,0.017556,0.017733,0.019018,0.017769,0.018764,0.017326,0.017771,0.020101,0.017414,0.017546,0.017323,0.017394,0.017691,0.018961
0.017015,0.017035,0.017109,0.017624,0.016966,0.017899,0.016885,0.016725,0.020718,0.016703,0.016805,0.016485,0.016856,0.016621,0.017108
0.016484,0.016162,0.016244,0.017875,0.016695,0.017924,0.016582,0.016466,0.018291,0.016309,0.016193,0.016531,0.018628,0.016656,0.016702
0.016242,0.015456,0.016008,0.018174,0.016159,0.017477,0.016163,0.016632,0.018318,0.016274,0.021318,0.015949,0.016338,0.016586,0.016232
0.016532,0.016515,0.016941,0.018243,0.017159,0.018256,0.01671,0.017201,0.01902,0.016918,0.017354,0.017218,0.018976,0.016911,0.016983
0.017196,0.017227,0.017188,0.018785,0.01801,0.018603,0.016921,0.017269,0.018757,0.01718,0.016977,0.016808,0.020632,0.01715,0.017135
0.01779,0.017926,0.017917,0.018879,0.017674,0.021592,0.017289,0.017939,0.018636,0.017161,0.017816,0.017692,0.017554,0.016924,0.017731
0.016588,0.016686,0.016231,0.018177,0.016644,0.01819,0.017365,0.017032,0.01863,0.016813,0.016674,0.016667,0.018709,0.016874,0.017044
0.016649,0.016468,0.016537,0.017806,0.016089,0.017901,0.016801,0.016738,0.018126,0.016471,0.016527,0.018884,0.016635,0.016525,0.016294
0.016161,0.016372,0.016326,0.017954,0.016753,0.017853,0.016361,0.01646,0.017943,0.016033,0.016534,0.017074,0.018418,0.016477,0.016451
0.016786,0.018713,0.017004,0.01828,0.017348,0.01985,0.01726,0.01702,0.018642,0.016886,0.017196,0.017361,0.017575,0.017192,0.017023
0.017736,0.017356,0.017285,0.018862,0.01756,0.020192,0.0171,0.018947,0.020521,0.017008,0.018258,0.017339,0.017365,0.017848,0.017672
0.017114,0.017888,0.018043,0.019107,0.018324,0.019236,0.017339,0.017972,0.01919,0.017641,0.019828,0.017551,0.018027,0.017563,0.017979
0.017253,0.017055,0.016937,0.01819,0.016749,0.019094,0.017547,0.016717,0.018057,0.017034,0.018916,0.017082,0.016563,0.016613,0.016936
0.016843,0.01767,0.016742,0.018116,0.016669,0.01825,0.016785,0.016864,0.017969,0.016753,0.016942,0.016432,0.0166,0.016816,0.016503
0.016127,0.016737,0.01632,0.01787,0.016823,0.018992,0.017362,0.016938,0.01787,0.017053,0.019146,0.016678,0.016565,0.016749,0.016642
NaN,NaN,NaN,0.018483,NaN,0.018588,NaN,NaN,0.018504,NaN,NaN,NaN,NaN,NaN,NaN
NaN,NaN,NaN,0.019027,NaN,0.020045,NaN,NaN,0.022026,NaN,NaN,NaN,NaN,NaN,NaN
NaN,NaN,NaN,0.018674,NaN,0.018895,NaN,NaN,0.018902,NaN,NaN,NaN,NaN,NaN,NaN
NaN,NaN,NaN,NaN,NaN,NaN,NaN,NaN,NaN,NaN,NaN,NaN,NaN,NaN,NaN
0.000174,0.000101,0.000138,NaN,0.000164,NaN,0.000178,0.000188,NaN,0.000169,6.8e-05,0.000163,0.00021,9e-05,6.1e-05
0.61091,0.59814,0.61857,NaN,0.60388,NaN,0.62147,0.59975,NaN,0.61923,0.60232,0.6212,0.6028,0.61014,0.60714
0.018742,0.017154,0.01724,NaN,0.01672,NaN,0.016862,0.016848,NaN,0.016481,0.016685,0.017069,0.016877,0.016626,0.017008
0.0172,0.016302,0.019258,0.000152,0.017194,4.8e-05,0.017405,0.016873,0.000178,0.016729,0.016641,0.016795,0.016953,0.016837,0.017254
0.016221,0.016651,0.019415,0.62621,0.016763,0.60091,0.016508,0.016793,0.59844,0.016568,0.016161,0.016729,0.016336,0.016461,0.016261
0.016998,0.017033,0.017143,0.020307,0.019396,0.017629,0.016963,0.017048,0.016943,0.016922,0.016947,0.016975,0.01693,0.017489,0.016772
0.018891,0.016695,0.019111,0.020056,0.01745,0.016773,0.017207,0.017066,0.016666,0.017126,0.017077,0.017127,0.01857,0.017184,0.016817
0.031286,0.029907,0.028673,0.017022,0.033464,0.017318,0.029615,0.028327,0.016897,0.025182,0.03309,0.028857,0.033699,0.033216,0.029205
0.035761,0.031877,0.036422,0.019449,0.032245,0.016214,0.032262,0.034554,0.016518,0.027824,0.032015,0.031295,0.033012,0.033504,0.030514
0.03438,0.032045,0.031558,0.017574,0.032066,0.017086,0.032744,0.031785,0.017054,0.031844,0.033007,0.033002,0.031222,0.035582,0.032107
0.029734,0.032767,0.030678,0.035502,0.031826,0.028075,0.033269,0.03217,0.027595,0.031172,0.027995,0.031841,0.031656,0.029193,0.030727
0.02164,0.018913,0.019588,0.032406,0.020279,0.035745,0.018959,0.020629,0.036772,0.027957,0.021507,0.02281,0.019909,0.024523,0.018827
0.088484,0.079614,0.081788,0.032639,0.0806,0.030806,0.084538,0.080169,0.031186,0.10034,0.078634,0.089315,0.078095,0.071165,0.0829
0.022255,0.021226,0.020933,0.033057,0.021187,0.03122,0.020333,0.020153,0.031341,0.020626,0.028079,0.022662,0.022066,0.025736,0.028051
0.017397,0.018127,0.018479,0.027423,0.017486,0.018712,0.017923,0.017945,0.018352,0.017602,0.017888,0.018186,0.017508,0.018506,0.018915
0.018213,0.018019,0.017934,0.06923,0.018725,0.085417,0.017738,0.017574,0.080238,0.017849,0.017926,0.017964,0.017751,0.017799,0.018424
0.017187,0.017055,0.017726,0.020533,0.016408,0.02735,0.016656,0.017001,0.022135,0.01659,0.017269,0.016794,0.017252,0.01693,0.01742
0.017551,0.017677,0.017281,0.018063,0.017021,0.018099,0.017075,0.017559,0.018208,0.016988,0.017716,0.01751,0.016925,0.017256,0.018635
0.017164,0.016994,0.017245,0.018167,0.016967,0.017943,0.017154,0.016813,0.017991,0.01778,0.017105,0.017446,0.017261,0.016847,0.017612
0.018195,0.018456,0.0185,0.017511,0.017944,0.017307,0.017524,0.018469,0.017129,0.017921,0.017955,0.01864,0.017992,0.018047,0.018385
0.018009,0.017629,0.018134,0.016723,0.01797,0.017443,0.018484,0.017921,0.016426,0.018107,0.018473,0.01837,0.018417,0.018709,0.018822
0.018227,0.018875,0.018746,0.017621,0.018836,0.017154,0.019012,0.018718,0.017637,0.018756,0.01882,0.01862,0.018302,0.018893,0.018539
0.018324,0.018471,0.017863,0.017662,0.017698,0.017599,0.018229,0.017412,0.019056,0.018021,0.018109,0.017544,0.018497,0.018189,0.020041
0.017949,0.017934,0.01786,0.018241,0.019119,0.018855,0.018238,0.02001,0.017908,0.017936,0.018146,0.018066,0.018468,0.018185,0.017957
0.017072,0.017928,0.017743,0.01816,0.018714,0.018647,0.017501,0.018134,0.018255,0.018253,0.018266,0.018346,0.018055,0.01775,0.017751
0.018366,0.018664,0.01852,0.0177,0.018456,0.018115,0.018204,0.0181,0.017959,0.018238,0.018544,0.019105,0.018482,0.018213,0.018418
0.018653,0.018646,0.018948,0.017838,0.019008,0.017692,0.018987,0.020843,0.019491,0.018628,0.01918,0.018552,0.018203,0.018638,0.018801
0.01857,0.019568,0.020042,0.018686,0.019294,0.019825,0.019394,0.018891,0.017621,0.018776,0.021992,0.018728,0.018719,0.018852,0.019759
0.018271,0.018608,0.018811,0.018806,0.018864,0.01834,0.017908,0.017978,0.017806,0.018369,0.018627,0.017785,0.01804,0.018153,0.019842
0.017537,0.01802,0.018702,0.018745,0.018759,0.018575,0.01795,0.018207,0.019249,0.018492,0.018613,0.018126,0.017977,0.018862,0.018107
0.018084,0.018458,0.018986,0.01886,0.018203,0.018298,0.018004,0.018092,0.018376,0.018113,0.018459,0.01958,0.017762,0.017972,0.01825
0.019875,0.01886,0.019081,0.018047,0.019122,0.020867,0.018928,0.019035,0.018167,0.019116,0.018918,0.019196,0.019106,0.0188,0.018643
0.019244,0.022029,0.020281,0.017606,0.019173,0.017973,0.018631,0.019139,0.017518,0.019402,0.019213,0.019176,0.01971,0.019098,0.021093
0.020157,0.020457,0.019734,0.01786,0.019849,0.018698,0.019486,0.019479,0.018602,0.019887,0.020013,0.019648,0.019387,0.019739,0.019663
0.017544,0.018252,0.018878,0.019297,0.01869,0.018681,0.018011,0.017695,0.01891,0.018643,0.018357,0.018656,0.018125,0.017884,0.018708
0.018237,0.017864,0.01821,0.019546,0.018103,0.019104,0.017985,0.017927,0.019236,0.018797,0.018634,0.018933,0.017784,0.018294,0.020281
0.018288,0.018812,0.017913,0.019536,0.01828,0.019459,0.018282,0.018541,0.018546,0.018643,0.018651,0.018091,0.018029,0.017872,0.018097
0.018899,0.018982,0.018955,0.018788,0.01904,0.018445,0.018545,0.019425,0.018225,0.018994,0.019726,0.019371,0.01978,0.019312,0.021551
0.019459,0.019144,0.019088,0.01785,0.019357,0.01783,0.018978,0.019228,0.018423,0.018957,0.019848,0.019948,0.018759,0.01937,0.020384
0.019292,0.019632,0.019757,0.018152,0.018873,0.01852,0.01893,0.019533,0.018073,0.019834,0.019214,0.018909,0.01943,0.019729,0.018879
0.017817,0.019153,0.018933,0.018732,0.017657,0.018327,0.018004,0.018364,0.018768,0.018558,0.01815,0.018058,0.019769,0.018904,0.019396
0.017894,0.017522,0.018171,0.029319,0.018259,0.019073,0.018201,0.018459,0.019659,0.017906,0.018391,0.018668,0.018401,0.019013,0.018264
0.01806,0.017735,0.018244,0.018659,0.018758,0.0188,0.017369,0.020783,0.021624,0.017551,0.017845,0.017328,0.017337,0.018031,0.018304
0.018887,0.019139,0.019221,0.018718,0.019418,0.019291,0.018659,0.019756,0.0186,0.019179,0.021855,0.019042,0.019684,0.01922,0.018927
0.019019,0.019581,0.019434,0.017837,0.019092,0.017815,0.019651,0.018873,0.021631,0.019447,0.019639,0.019181,0.020713,0.019938,0.018871
0.01888,0.019101,0.019521,0.018789,0.01854,0.018456,0.019028,0.019002,0.018562,0.019359,0.018932,0.019914,0.019155,0.019358,0.019391
0.01813,0.018051,0.018186,0.018585,0.018151,0.019303,0.018499,0.01871,0.018658,0.018348,0.018329,0.01802,0.02211,0.017771,0.017969
0.018639,0.017663,0.018275,0.019172,0.020774,0.022389,0.018673,0.0184,0.019292,0.017567,0.022525,0.017761,0.027824,0.018107,0.017691
0.017851,0.018418,0.018499,0.019426,0.018588,0.019216,0.018099,0.018751,0.019481,0.018762,0.01852,0.018726,0.021505,0.018346,0.017967
0.018769,0.01855,0.01815,0.018509,0.018543,0.018437,0.018496,0.019091,0.018437,0.018294,0.018775,0.019312,0.018035,0.018582,0.018461
0.01857,0.018934,0.020131,0.01811,0.0196,0.018771,0.018941,0.018933,0.018263,0.019316,0.019574,0.019944,0.021851,0.019815,0.018582
0.018591,0.018612,0.019119,0.017769,0.020502,0.018344,0.01854,0.018655,0.018113,0.018626,0.021994,0.0195,0.018521,0.019084,0.018301
0.018355,0.019356,0.018617,0.019568,0.019352,0.019029,0.018604,0.018166,0.020723,0.017934,0.019299,0.01925,0.018431,0.018648,0.018095
0.017739,0.018287,0.017847,0.019154,0.018568,0.018889,0.017689,0.019246,0.018898,0.017086,0.019844,0.017695,0.017971,0.017341,0.017864
0.017965,0.018323,0.018248,0.018904,0.018324,0.018943,0.018252,0.017985,0.019563,0.017961,0.018543,0.018327,0.017767,0.018046,0.017638
0.018352,0.018656,0.018485,0.01843,0.018368,0.019124,0.018688,0.019193,0.019092,0.01894,0.019006,0.019424,0.018728,0.019417,0.018354
0.018715,0.019366,0.018526,0.018039,0.018908,0.017592,0.01863,0.018561,0.017516,0.01851,0.018639,0.01895,0.018728,0.018544,0.018346
0.018828,0.020057,0.019124,0.018426,0.019524,0.020284,0.01898,0.019267,0.018187,0.018836,0.019316,0.018862,0.019194,0.018878,0.01935
0.018143,0.019313,0.018463,0.01925,0.019866,0.018906,0.018015,0.01873,0.021454,0.017802,0.018636,0.018396,0.018292,0.018433,0.01857
0.017559,0.017977,0.017738,0.018881,0.018199,0.019277,0.018202,0.019739,0.019099,0.017337,0.017368,0.01808,0.017897,0.018334,0.017869
0.018039,0.017938,0.018523,0.019495,0.018436,0.01883,0.018553,0.018272,0.019209,0.018415,0.018624,0.018207,0.018136,0.017781,0.017755
0.017746,0.018133,0.018729,0.018605,0.018147,0.017926,0.018592,0.01825,0.017751,0.018186,0.018233,0.018598,0.018321,0.01892,0.018224
0.019453,0.021856,0.019455,0.018673,0.018603,0.017745,0.019396,0.019413,0.019986,0.019515,0.019404,0.019639,0.018947,0.019265,0.018913
0.019368,0.01868,0.020162,0.017751,0.019258,0.02037,0.019013,0.020165,0.018181,0.018981,0.019338,0.019473,0.019016,0.019113,0.019377
0.018459,0.01801,0.018446,0.01868,0.020574,0.018301,0.017927,0.018292,0.018075,0.018982,0.018166,0.01845,0.018008,0.018171,0.018435
0.018585,0.017802,0.018119,0.019263,0.018347,0.018669,0.018008,0.018002,0.021184,0.017902,0.018384,0.018479,0.018073,0.018256,0.017885
0.017696,0.018605,0.018773,0.019076,0.018012,0.018873,0.017563,0.020709,0.019598,0.017972,0.018438,0.018877,0.018276,0.017539,0.017675
0.019335,0.018599,0.01873,0.019187,0.021872,0.020865,0.019154,0.018962,0.021696,0.018642,0.019133,0.019517,0.018926,0.019406,0.01892
0.019084,0.023055,0.019375,0.01788,0.019599,0.018037,0.019514,0.021543,0.021472,0.018798,0.019487,0.019341,0.019271,0.019577,0.019113
0.018733,0.018776,0.019512,0.018031,0.019744,0.018242,0.019054,0.020919,0.018395,0.018785,0.019019,0.019508,0.018938,0.01927,0.019142
0.018311,0.019095,0.01874,0.019081,0.018535,0.018844,0.018352,0.020958,0.020185,0.018066,0.018502,0.01835,0.018487,0.018524,0.018724
0.018251,0.017628,0.018194,0.019469,0.019377,0.021344,0.018231,0.018245,0.01942,0.017953,0.018411,0.01876,0.018561,0.0181,0.018586
0.018152,0.02002,0.018349,0.019467,0.018435,0.022212,0.019263,0.020949,0.021607,0.018568,0.018639,0.018217,0.0187,0.018084,0.018027
0.018995,0.019289,0.018901,0.018716,0.019507,0.020678,0.019198,0.01975,0.018924,0.018879,0.018983,0.018592,0.01887,0.022205,0.018828
0.019051,0.019424,0.019879,0.017965,0.022439,0.018218,0.019022,0.01976,0.018372,0.018961,0.019256,0.019887,0.019506,0.019282,0.019589
0.019406,0.019392,0.019242,0.018628,0.022285,0.020999,0.01954,0.019431,0.018876,0.019655,0.019365,0.019695,0.019536,0.019343,0.018971
0.018359,0.029328,0.018777,0.019188,0.018995,0.019228,0.018436,0.018825,0.018557,0.019029,0.018303,0.018704,0.018384,0.01832,0.018644
0.018612,0.021045,0.018748,0.019687,0.019448,0.021112,0.018138,0.018633,0.019586,0.018086,0.018988,0.018359,0.018185,0.021887,0.01841
0.019339,0.021604,0.01881,0.019401,0.019098,0.019594,0.018832,0.018984,0.019673,0.018432,0.018794,0.019,0.018833,0.01854,0.018974
0.019089,0.021177,0.020428,0.018512,0.0191,0.018672,0.018703,0.01917,0.018909,0.0189,0.019334,0.019012,0.019165,0.019888,0.019961
0.019446,0.019193,0.020199,0.019172,0.01971,0.017882,0.019942,0.019234,0.018598,0.018925,0.019666,0.019895,0.0198,0.019718,0.019492
0.019804,0.019535,0.020628,0.018459,0.01933,0.019211,0.019511,0.019973,0.018549,0.01931,0.019746,0.020651,0.019526,0.021027,0.019266
0.018823,0.018819,0.019013,0.018977,0.019051,0.019025,0.018143,0.019028,0.018644,0.018561,0.018711,0.01929,0.019052,0.019852,0.018739
0.018958,0.019528,0.018674,0.019717,0.018507,0.019201,0.018488,0.018917,0.018975,0.019159,0.019129,0.018586,0.018443,0.018976,0.018582
0.01841,0.018931,0.019216,0.01904,0.019601,0.01927,0.018691,0.019341,0.019689,0.018652,0.018555,0.020157,0.019165,0.018799,0.01871
0.020252,0.018845,0.019126,0.019113,0.019039,0.018827,0.018912,0.019734,0.018581,0.01912,0.019837,0.019491,0.018912,0.019044,0.019207
0.019125,0.019473,0.019116,0.018299,0.019154,0.018985,0.019052,0.019142,0.017911,0.019373,0.01901,0.019979,0.019492,0.019623,0.019442
0.018894,0.019725,0.019309,0.021433,0.019741,0.018806,0.019428,0.020045,0.018514,0.019487,0.019218,0.019437,0.019404,0.020052,0.019842
0.018373,0.019041,0.018866,0.019098,0.018598,0.019391,0.018443,0.018305,0.018996,0.018494,0.018985,0.030018,0.018817,0.018886,0.019152
0.018681,0.018527,0.018938,0.019191,0.018777,0.019666,0.017963,0.018509,0.019685,0.018338,0.018637,0.018498,0.018901,0.018564,0.018335
0.018955,0.018651,0.018598,0.019181,0.018795,0.01929,0.018583,0.018616,0.019671,0.019353,0.018758,0.018862,0.018931,0.018524,0.018716
0.01896,0.018522,0.019328,0.018521,0.018861,0.019141,0.018784,0.018888,0.01886,0.019742,0.018784,0.018633,0.018936,0.019241,0.018916
0.019018,0.01911,0.020382,0.018207,0.019676,0.01831,0.01956,0.019405,0.018179,0.019382,0.019395,0.019206,0.019291,0.021776,0.018925
0.020137,0.019931,0.020019,0.018235,0.019245,0.018602,0.019772,0.019448,0.018788,0.019258,0.020076,0.01921,0.019384,0.020378,0.019485
0.019106,0.019151,0.019083,0.020425,0.01864,0.019192,0.018872,0.018578,0.018715,0.018313,0.019029,0.018423,0.018509,0.019213,0.018881
0.018853,0.018687,0.018532,0.01938,0.018898,0.018824,0.018511,0.018668,0.020119,0.018417,0.017941,0.018623,0.017918,0.018993,0.018284
0.018459,0.018667,0.018526,0.019252,0.018716,0.01978,0.018275,0.020672,0.021614,0.018862,0.018852,0.018911,0.018001,0.019193,0.018203
0.01931,0.019101,0.018962,0.018891,0.01914,0.018572,0.019162,0.02017,0.019249,0.019026,0.019188,0.01877,0.019584,0.018894,0.018806
0.019112,0.019552,0.019812,0.018675,0.019185,0.018959,0.019266,0.019198,0.019091,0.020004,0.019204,0.019612,0.01943,0.019099,0.019861
0.019345,0.020413,0.020034,0.017886,0.019616,0.018296,0.019536,0.019981,0.018148,0.019543,0.019336,0.019998,0.019277,0.019054,0.019737
0.019351,0.019215,0.019086,0.018921,0.018471,0.019667,0.019541,0.0188,0.018904,0.018115,0.018988,0.02929,0.018766,0.018608,0.018216
0.018787,0.018776,0.019056,0.019857,0.019742,0.020336,0.018755,0.018417,0.019805,0.018213,0.018196,0.01843,0.018242,0.018649,0.018348
0.01824,0.019084,0.019247,0.02005,0.018725,0.020069,0.018736,0.018983,0.01968,0.018429,0.019014,0.019404,0.018913,0.019191,0.018187
0.018847,0.019589,0.018988,0.018905,0.01928,0.018213,0.019126,0.01958,0.018956,0.018952,0.019463,0.01932,0.019165,0.019274,0.019425
0.019585,0.019916,0.019935,0.017931,0.02042,0.018166,0.020695,0.01993,0.018827,0.019124,0.019991,0.019983,0.019557,0.019332,0.020413
0.020123,0.020282,0.019759,0.018187,0.019862,0.018246,0.019485,0.019654,0.01854,0.019255,0.019827,0.019476,0.019267,0.020114,0.019617
0.019012,0.018731,0.018944,0.019717,0.018,0.019061,0.018633,0.018238,0.018627,0.018391,0.019369,0.019135,0.018323,0.019582,0.01933
