1.2277
0.15224
0.082445
0.068301
0.099121
NaN
0.086396
NaN
0.051123
0.05409
0.058866
0.026079
0.02476
0.025426
0.025673
0.02847
0.054304
0.026705
0.029453
0.035926
0.029354
0.023899
0.049853
0.031815
0.048225
0.026854
0.025583
0.028598
0.056496
NaN
0.023474
0.028481
0.028048
0.044159
0.028964
0.058549
0.029491
0.028916
0.028576
0.024512
0.024816
0.049242
0.025456
0.024582
0.024279
0.033125
0.024858
0.048426
0.026362
0.033363
0.03509
0.024498
0.025011
0.049872
0.023641
0.023096
0.023962
0.034745
0.02384
0.05613
0.028017
0.036177
0.025207
0.03435
0.035887
0.059246
0.027064
0.02338
0.023581
0.024312
0.023856
0.050383
0.036204
0.024644
0.025632
0.023614
0.024023
0.047311
0.02435
0.025724
0.02467
0.031794
0.02596
0.048735
0.023748
0.036561
0.024262
0.023794
0.024597
0.04526
0.024186
0.026726
0.025405
0.024375
0.024015
0.04855
0.023109
0.023315
0.024015
0.024621
0.034794
0.046265
0.024598
0.036772
0.035976
0.03606
0.023828
0.046691
0.024217
0.024789
0.024775
0.025199
0.025698
0.047752
0.025121
0.024662
0.031772
0.024328
0.025792
0.048402
0.023965
0.024768
0.0328
0.024492
0.026457
0.059123
0.028675
0.024418
0.029937
0.024
0.026128
0.052315
0.026877
0.023975
0.024811
0.025121
0.024343
0.051306
0.026258
0.024177
0.024557
0.033613
0.024496
0.059774
NaN
0.024814
0.024533
0.024754
0.025405
0.025171
0.049301
0.025122
0.025311
0.02501
0.023753
0.02788
0.048687
0.026726
0.024689
0.024198
0.023852
0.024717
0.050155
0.025812
0.027496
0.024558
0.036772
0.025408
0.050796
0.032626
0.023823
0.037383
0.026781
0.02534
0.056442
0.02732
0.02522
0.030383
0.026299
0.033469
0.053867
0.029451
0.036088
0.02509
0.026368
0.034216
0.051276
0.025382
0.025171
0.027303
0.025349
0.024402
0.058198
0.025837
0.035057
0.038994
0.026612
0.0245
0.054099
0.026567
0.023935
0.025279
0.024346
0.025051
0.047225
0.025194
0.025471
0.025637
0.029138
0.033559
0.058588
0.031469
0.025531
0.037061
0.025543
0.026139
0.066449
NaN
0.027469
0.026033
0.025058
0.0337
0.026502
0.067916
0.036542
0.025741
0.033739
0.035136
0.025208
0.046153
0.022489
0.024718
0.027328
0.023351
0.0237
0.051386
0.023289
0.025251
0.035223
0.0255
0.023378
0.046844
0.023536
0.026054
0.024296
0.024089
0.023924
0.045025
0.022523
0.023002
0.023206
0.03812
0.025937
0.048682
0.023357
0.033999
0.02576
0.034941
0.025199
0.048193
0.024481
0.035822
0.023373
0.023232
0.025384
0.047913
0.024268
0.023388
0.024307
0.026114
0.025023
0.046383
0.025368
0.024585
0.024419
0.023427
0.023785
0.046014
0.023013
0.022667
0.023665
0.02323
0.023283
0.045537
0.034359
0.034752
0.023637
0.036375
0.022316
0.049396
0.03827
0.028225
0.024212
0.025664
0.025496
0.055684
0.025756
0.0257
0.024294
0.026113
0.025232
0.056357
0.024515
0.025956
0.033465
0.032347
0.03594
0.045463
0.022835
0.023669
0.023176
0.023181
0.023428
0.04463
0.022896
0.02546
0.02558
0.032779
0.030319
0.044948
0.022671
0.024125
0.035034
0.026059
0.02404
0.066779
0.025221
0.025288
0.037908
0.025953
0.025383
0.05552
NaN
0.027867
0.026517
0.025494
0.025468
0.025417
0.054355
0.026611
0.026032
0.0278
0.039488
0.036466
0.046832
0.024133
0.023709
0.037999
0.023192
0.02548
0.049286
0.036897
0.036387
0.024459
0.024094
0.023569
0.047647
0.023181
0.024407
0.025559
0.02718
0.025162
0.046626
0.022558
0.022252
0.022378
0.0255
0.021984
0.045611
0.022976
0.030835
0.035991
0.035678
0.025723
0.056235
0.024586
0.024897
0.024742
0.024682
0.02524
0.055808
0.029295
0.033244
0.025896
0.023772
0.02382
0.045389
0.024404
0.023731
0.023869
0.023709
0.023576
0.045508
0.030589
0.024145
0.023421
0.023455
0.025064
0.046571
0.026431
0.023787
0.024367
0.023842
0.022976
0.048394
0.024638
0.035663
0.024237
0.024042
0.024107
0.045022
0.022738
0.023383
0.023565
0.023726
0.033316
0.04491
0.023413
0.023995
0.027376
0.024263
0.024351
0.047248
0.023964
0.024257
0.02349
0.022961
0.022838
0.046933
0.0239
0.027043
0.035691
0.023363
0.023577
0.061028
0.023307
0.023167
0.023243
0.024704
0.03761
0.044693
0.028085
0.024547
0.022729
0.024193
0.024585
0.04867
0.034982
0.031648
0.024196
0.025168
0.026541
0.050984
0.023899
0.02424
0.037971
0.023456
0.025316
0.047816
0.022692
0.02546
0.025181
0.025382
0.025343
0.052633
0.024393
0.023214
0.023879
0.023842
0.025498
0.046057
0.024949
0.023162
0.034091
0.02254
0.023505
0.04664
0.023941
0.023708
0.025351
0.023202
0.023449
0.046732
0.024012
0.023524
0.023261
0.024973
0.023487
0.045784
0.023262
0.0232
0.023578
0.034819
0.023195
0.049242
0.025078
0.0452
0.023523
0.023914
0.023223
0.044853
0.023361
0.023316
0.023431
0.032771
0.023016
0.062459
0.024927
0.034899
0.023524
0.036096
0.036114
0.050574
0.02396
0.02755
0.030989
0.024183
0.03669
0.046293
0.022843
0.035889
0.038395
0.024156
0.023377
0.052438
NaN
0.026249
0.022903
0.02628
0.025078
0.031243
0.062829
0.024183
0.034137
0.027751
0.025179
0.026597
0.054452
0.037361
0.024815
0.024908
0.026605
0.024545
0.053639
0.023372
0.024853
0.024269
0.023522
0.024417
0.048721
0.023005
0.029343
0.024708
0.024806
0.025958
0.051933
0.024136
0.026032
0.024125
0.024724
0.024567
0.052833
0.033676
0.023753
0.023929
0.03341
0.024056
0.045223
0.024656
0.02975
0.022241
0.023269
0.02306
0.046526
0.023466
0.021739
0.022738
0.023638
0.031919
0.048107
0.023928
0.025799
0.024759
0.031319
0.024475
0.05091
0.022776
0.023201
0.023582
0.028443
0.023788
0.049485
0.024148
0.024839
0.024768
0.024145
0.023891
0.044729
0.022701
0.032737
0.024729
0.024294
0.023985
0.044345
0.023258
0.032765
0.024291
0.023617
0.023345
0.04444
0.024222
0.024176
0.022473
0.022557
0.022826
0.062805
0.029269
0.034434
0.024352
0.026195
0.02636
0.055075
0.025318
0.025353
0.025339
0.026174
0.024811
0.054188
0.024339
0.025311
0.02582
0.024393
0.024319
0.054281
NaN
0.025021
0.025254
0.023592
0.023397
0.022868
0.047495
0.023801
0.023577
0.025589
0.024094
0.028527
0.047947
0.025895
0.023813
0.023272
0.025208
0.023982
0.053531
0.024459
0.02515
0.02434
0.029146
0.025296
0.059312
0.023659
0.023915
0.024041
0.023807
0.024159
0.046314
0.023318
0.026103
0.023073
0.022869
0.024118
0.046103
0.024356
0.024062
0.026829
0.023882
0.034189
0.047505
0.021497
0.024403
0.030458
0.024876
0.034926
0.046287
0.024028
0.02326
0.029415
0.023075
0.024262
0.048494
0.025722
0.024298
0.023702
0.023761
0.025351
0.047853
0.024877
0.032812
0.024823
0.023693
0.025269
0.046397
0.025658
0.026673
0.024748
0.026687
0.02302
0.047393
0.026727
0.023073
0.023008
0.023506
0.024184
0.048993
0.024261
0.035155
0.022026
0.038378
0.023627
0.046365
0.031077
0.022288
0.024527
0.022839
0.022172
0.048817
0.024257
0.024185
0.023139
0.023272
0.02336
0.054288
0.020996
0.021829
0.022454
0.021992
0.022653
0.045427
0.022
0.023554
0.036686
0.023677
0.024492
