1.2644
0.16069
0.087024
0.07288
0.097475
0.093998
0.053523
0.053682
0.050372
0.02627
0.038623
0.03683
0.02721
0.02744
0.053231
0.030082
0.027625
0.039759
0.028399
0.029257
0.058992
0.041246
0.034094
0.03093
0.027187
0.027215
0.05791
0.034073
0.030687
0.031494
0.038651
0.032392
0.066685
0.031225
0.036097
0.029973
0.029129
0.029633
0.056818
0.032556
0.030471
0.062833
0.050145
0.044429
0.063073
0.03979
0.031389
0.027895
0.048529
0.027469
0.052851
0.042061
0.027422
0.027766
0.039998
0.037037
0.062462
0.030443
0.027857
0.02817
0.028865
0.027922
0.051288
0.028969
0.028878
0.027724
0.029141
0.027788
0.054003
0.038736
0.028267
0.026873
0.028322
0.037216
0.051194
0.028781
0.029203
0.02667
0.028998
0.038669
0.059816
0.035581
0.040309
0.035935
0.028525
0.030796
0.062743
0.034037
0.038313
0.029308
0.027517
0.029805
0.051911
0.02877
0.02993
0.029884
0.027449
0.029437
0.048564
0.028202
0.028647
0.027376
0.02929
0.035173
0.048627
0.029736
0.026973
0.038523
0.035964
0.036693
0.052248
0.028271
0.027773
0.029789
0.030736
0.027716
0.052683
0.027851
