1.0548
0.14435
0.092602
0.062838
0.093301
0.071052
0.040027
0.042587
0.036999
0.024629
0.024459
0.018256
0.017679
0.018317
0.036829
0.020017
0.017032
0.019399
0.01808
0.018078
0.037527
0.020606
0.023585
0.019142
0.018777
0.018564
0.043153
0.017848
0.018926
0.024626
0.028542
0.032947
0.044049
0.028008
0.036766
0.018388
0.030876
0.023315
0.037298
0.018156
0.017602
0.01862
0.019186
0.023128
0.037155
0.018008
0.018805
0.017535
0.018768
0.017009
0.036393
0.017546
0.024697
0.019249
0.029139
0.017735
0.043112
0.01895
0.0186
0.017408
0.018777
0.019749
0.035777
0.019845
0.018917
0.016376
0.018163
0.018218
0.045716
0.024884
0.018221
0.018665
0.017575
0.0191
0.043143
0.01998
0.019801
0.018723
0.018566
0.02913
0.046944
0.032718
0.02747
0.024519
0.018004
0.017339
0.038934
0.018337
0.016886
0.017807
0.017834
0.018013
0.036265
0.018922
0.015784
0.017628
0.027849
0.01771
0.039559
0.016415
