0.000134
0.22254
0.002597
0.002145
0.002292
0.002578
0.002727
0.002414
0.002285
0.002468
0.003017
0.004153
0.004096
0.004282
0.003609
0.003506
0.003011
0.003059
0.003113
0.002733
0.002657
0.002628
0.002547
0.002443
0.002391
0.002569
0.002426
0.002491
0.002408
0.002223
0.002307
0.002336
0.002273
0.002377
0.002848
0.002391
0.002324
0.002365
0.002843
0.002351
0.002354
0.002417
0.003045
0.002728
0.002386
0.002402
0.002349
0.002539
0.002435
0.002511
0.002606
0.002616
0.002735
0.002391
0.002416
0.002448
0.002364
0.002497
0.002536
0.002436
0.002217
0.00232
0.002351
0.002324
0.002342
0.003082
0.002361
0.002346
0.002401
0.002938
0.002622
0.004395
0.004007
0.00399
0.003682
0.003158
0.003435
0.004249
0.004253
0.003854
0.003412
0.003411
0.002825
0.004043
0.002822
0.002632
0.003023
0.003052
0.002739
0.003881
0.002864
0.003167
0.003127
0.003112
0.002871
0.002979
0.003168
0.002653
0.002527
0.002582
0.002613
0.0026
0.002598
0.002558
0.002424
0.002337
0.002359
0.0024
0.003073
0.002498
0.002459
0.002385
0.002512
0.002308
0.00235
0.002416
0.003194
0.003041
0.002654
0.00248
0.002469
0.003
0.002485
0.002397
0.002369
0.003111
0.002395
0.00234
0.002451
0.003003
0.00317
0.002351
0.002362
0.002644
0.002899
0.002422
0.002501
0.002534
0.002651
0.002765
0.002559
0.002781
0.002687
0.003362
0.003048
0.002395
0.002477
0.002579
0.002735
0.002415
0.002275
0.002412
0.002878
0.002275
0.002339
0.002377
0.002386
0.002386
0.002439
0.003065
0.004277
0.004217
0.003834
0.003868
0.003085
0.003179
0.003197
0.002786
0.00308
0.003388
0.003448
0.002995
0.002905
0.002831
0.002877
0.002697
0.003025
0.00258
0.002639
0.004287
0.004583
0.003702
0.003677
0.003186
0.003748
0.003434
0.00335
0.003614
0.003467
0.003639
0.003818
0.003
0.003206
0.002546
0.002196
0.00232
0.003157
0.002425
0.002392
0.002585
0.002895
0.002809
0.002459
0.002403
0.002329
0.002351
0.002383
0.002494
0.002983
0.002624
0.002334
0.002623
0.002521
0.002468
0.00234
0.002504
0.00286
0.002698
0.002611
0.002667
0.002464
0.002467
0.002634
0.002496
0.00238
0.00253
0.002406
0.002518
0.002463
0.002773
0.002489
0.002485
0.002771
0.003102
0.0026
0.002734
0.002524
0.003834
0.004735
0.004417
0.004328
0.003804
0.004308
0.004491
0.004244
0.0039
0.003489
0.003411
0.003222
0.003252
0.003127
0.003022
0.002943
0.003265
0.004301
0.004207
0.00414
0.004047
0.00355
0.003669
0.002934
0.003021
0.002992
0.002697
0.003067
0.003618
0.003458
0.002597
0.002414
0.002832
0.003347
0.002456
0.002928
0.0025
0.002385
0.002771
0.003168
0.003179
0.002962
0.00267
0.00253
0.00243
0.003205
0.002552
0.002406
0.002467
0.002613
0.002506
0.002403
0.002599
0.002814
0.002593
0.002372
0.002476
0.002645
0.00247
0.002351
0.002477
0.003137
0.004345
0.004446
0.004771
0.004468
0.003819
0.003548
0.003052
0.003153
0.002816
0.002675
0.002731
0.00263
0.00305
0.002408
0.002378
0.002592
0.003228
0.002684
0.002531
0.002439
0.002625
0.003271
0.004322
0.004273
0.004223
0.004204
0.003488
0.003467
0.003035
0.00293
0.003036
0.002729
0.00282
0.002667
0.002428
0.002498
0.002651
0.002638
0.002381
0.002337
0.002963
0.003003
