1.0358
0.15226
0.0717
0.057052
0.082635
NaN
0.068512
0.043598
0.05074
0.042448
0.027039
0.032541
0.019946
0.020704
0.019773
0.040078
0.021721
0.022294
0.020162
0.023361
0.02317
0.043015
0.020498
0.022231
0.020348
0.023409
0.020119
0.045003
0.020548
0.023001
0.029223
0.04189
0.032112
0.063925
0.026304
0.039962
0.020532
0.028099
0.028368
0.036243
0.031335
0.02425
0.019783
0.023863
0.021204
0.037628
0.020738
0.022228
0.022833
0.021971
0.022036
0.040332
0.022101
0.024309
0.027138
0.021114
0.02599
0.041248
0.031947
0.023905
0.019477
0.019139
0.019421
0.03519
0.020047
0.030068
0.020394
0.020024
0.020365
0.037899
0.021223
0.021419
0.020158
0.019698
0.019648
0.035328
0.019872
0.019308
0.019547
0.019312
0.020014
0.035085
0.019601
0.024094
0.020583
0.020162
0.02067
0.033718
0.020274
0.018751
0.019096
0.020898
0.019312
0.03335
0.020206
0.020447
0.019561
0.029835
0.021026
0.040237
0.0185
0.020048
0.020506
0.021512
0.020541
0.042539
0.019644
0.023123
0.020181
0.030645
0.019292
0.041604
0.020018
0.02071
0.019638
0.023936
0.018603
0.035232
0.019508
0.019088
0.019568
0.019705
0.019517
0.033819
0.021517
0.019325
0.018816
0.019523
0.024042
0.035394
0.018842
0.019414
0.019292
0.019898
0.018724
0.035797
0.01898
0.019416
0.020518
0.021015
0.020176
0.035343
0.019853
0.02014
0.018829
0.019629
0.019247
0.035702
0.019125
0.019578
0.020258
0.020582
0.021017
0.035917
0.021861
0.019466
0.020117
0.019677
0.020431
0.035431
0.01835
0.021615
0.01826
0.019397
0.018946
0.036979
0.024176
0.019554
0.020027
0.01878
0.020008
0.035021
0.019292
0.019856
0.019298
0.019417
0.019224
0.035732
0.029904
0.020202
0.018764
0.020099
0.019664
0.04043
0.018488
0.017856
0.01987
0.019867
0.01776
0.033522
0.01896
0.019111
0.034508
0.019781
0.02024
0.035317
0.019418
0.020416
0.019014
0.019265
0.019837
0.04784
0.019747
0.021025
0.019902
0.018135
0.020699
0.03449
0.020415
0.01883
0.019458
0.019802
0.019699
0.035546
0.019906
0.018479
0.019136
0.017927
0.018254
0.033106
0.020138
0.019606
0.019471
0.017819
0.018281
0.033693
0.028522
0.018271
0.019485
0.019626
0.01925
0.033518
0.021251
0.020625
0.020989
0.021407
0.019266
0.034954
0.029112
0.019709
0.020179
0.020771
0.019407
0.034549
0.018748
0.023362
0.024529
0.023809
0.018485
0.036645
0.018695
0.018716
0.023219
0.028379
0.021578
0.042354
0.020444
0.022934
0.019977
0.020116
0.022579
0.042912
0.01991
0.018931
0.020458
0.021308
0.020437
0.03565
0.018984
0.019438
0.020612
0.018959
0.018941
0.033047
0.034382
0.01899
0.020814
0.018702
0.022107
0.035801
0.019118
0.020457
0.024237
0.018715
0.02991
0.034882
0.020323
0.029145
0.024782
0.020126
0.027573
0.035926
0.019833
0.022421
0.019574
0.021187
0.029762
0.042721
0.020022
0.019586
0.020373
0.020308
0.020329
0.035108
0.019816
0.020016
0.020749
0.019692
0.021369
0.034358
0.020919
0.019121
0.019684
0.019026
0.021818
0.051677
0.0204
0.020548
0.021743
0.020624
0.022016
0.035216
0.020169
0.019493
0.01963
0.019243
0.032792
0.036628
0.021335
0.02006
0.02179
0.020815
0.020016
0.035951
0.01935
0.033519
0.021119
0.0205
0.022769
0.034848
0.032057
0.02325
0.018794
0.020127
0.019555
0.035348
0.019614
0.019081
0.018561
0.019737
