0.000145
0.21622
0.00413
0.003615
0.003479
0.003451
0.003375
0.003597
0.004558
0.006223
0.00809
0.006411
0.006011
0.005014
0.00535
0.004565
0.004481
0.004657
0.004422
0.004542
0.00463
0.003776
0.003644
0.003587
0.00372
0.003589
0.003519
0.003468
0.003537
0.00341
0.003424
0.003386
0.003216
0.004198
0.003277
0.003367
0.003443
0.003812
0.003085
0.003541
0.003837
0.007039
0.005618
0.006081
0.003824
0.003868
0.005125
0.004902
0.003985
0.003994
0.003802
0.003798
0.003839
0.003294
0.003916
0.007335
0.005693
0.004435
0.005576
0.005274
0.00482
0.004998
0.004062
0.005376
0.005686
0.005725
0.006044
0.003669
0.003528
0.006341
0.00564
0.004345
0.004269
0.003833
0.003917
0.003621
0.0039
0.003602
0.003181
0.003101
0.006113
0.005712
0.004476
0.004434
0.003418
0.003652
0.005
0.003542
0.003469
0.003436
0.003787
0.003487
0.003315
0.004483
0.004721
0.00491
0.004406
0.00448
0.004859
0.00441
0.004264
0.00345
0.003567
0.003651
0.003512
0.003391
0.003449
0.003329
0.003301
0.003319
0.003066
0.003409
0.003671
0.00361
0.003342
0.003141
0.003455
0.002983
0.003176
0.003545
0.003552
0.003552
0.003442
0.003584
0.003549
0.004281
0.00309
0.003016
0.00476
0.005915
0.008349
0.00465
0.004035
0.004848
0.004312
0.003432
0.003962
0.003912
0.003595
0.003604
0.003365
0.003741
0.003661
0.003138
0.003271
0.003332
0.003432
0.003753
0.003591
0.003552
0.003723
0.003123
0.003452
0.003464
0.003247
0.003445
0.003523
0.003643
0.003225
0.003048
0.003881
0.003469
0.003436
0.003719
