0.000131
0.21201
0.004223
0.005506
0.005065
0.004874
0.00401
0.004365
0.003993
0.003598
NaN
NaN
NaN
NaN
0.00018
0.21636
0.003445
0.004359
0.006178
NaN
NaN
NaN
NaN
0.000168
0.21523
0.003192
0.003024
0.002967
0.002951
0.003194
NaN
NaN
NaN
NaN
0.000477
0.25411
0.0054
0.004658
0.004534
0.004358
0.003847
0.003603
0.003191
0.003391
0.003327
0.003427
0.003025
0.003274
NaN
NaN
NaN
NaN
0.000165
0.22545
0.002663
0.002682
0.002689
0.002831
0.002825
0.00312
0.002616
0.002428
0.002541
0.002489
0.00316
0.00268
0.002622
0.003005
0.002824
0.002901
0.002804
0.002757
0.003081
0.002636
0.003495
0.002643
0.006091
0.003495
NaN
NaN
NaN
NaN
0.000174
0.22855
0.002855
0.002539
0.002518
0.002512
0.002611
0.002836
NaN
NaN
NaN
NaN
0.000237
0.29057
0.004528
0.005185
0.004114
0.003737
0.004014
0.003903
0.00319
0.00303
NaN
NaN
NaN
NaN
0.000161
0.21134
0.00455
0.004262
0.004042
0.003822
NaN
NaN
NaN
NaN
0.000141
0.21219
0.002747
0.00274
0.002683
0.003017
0.00259
0.0025
0.002655
0.002616
0.003071
0.004878
0.004945
0.004445
0.004354
0.003828
0.003643
0.003545
0.003386
0.003464
0.003084
0.003318
0.003361
0.003
0.003053
0.003031
0.003084
NaN
NaN
NaN
NaN
0.000173
0.2102
0.002642
0.002588
0.002467
0.002743
NaN
NaN
NaN
NaN
0.000185
0.21584
0.003119
0.003733
0.00552
0.005531
0.004783
0.004737
0.004108
0.004072
0.003496
0.003514
0.003537
NaN
NaN
NaN
