1.0031
0.15533
0.084981
0.069122
0.087216
0.085382
0.04781
0.048034
0.045307
0.038802
0.036377
0.026156
0.027134
0.027087
0.052659
0.026536
0.025617
0.025446
0.025318
0.025718
0.041205
0.034107
0.044527
0.027182
0.025703
0.02447
0.041401
0.026742
0.038053
0.036436
0.035386
0.035744
0.059925
0.034117
0.032581
0.025428
0.02461
0.02551
0.041907
0.025089
0.025885
0.02919
0.02623
0.026622
0.044323
0.029709
0.025865
0.042903
0.025584
0.025531
0.042187
0.032037
0.027762
0.027643
0.029044
0.026871
0.048093
0.03397
0.029041
0.026748
0.026939
0.02588
0.05305
0.02992
0.026213
0.027658
0.026048
0.027027
0.051692
0.037048
0.026555
0.026741
0.027329
0.027243
0.045796
0.02677
0.026934
0.026811
0.027286
0.024968
0.04117
0.024742
0.026628
0.031003
0.040226
0.027614
0.041165
0.036073
0.026009
0.026698
0.025702
0.025799
0.052277
0.025732
0.025983
0.025969
0.027702
0.025866
0.040894
0.025957
0.024978
0.025964
0.025203
0.026341
0.040497
0.026521
0.025623
0.026059
0.026042
0.025365
0.04276
0.02763
0.026365
0.030235
0.02609
0.033591
0.051471
0.025479
0.026012
0.025452
0.025757
0.026027
0.040989
0.02797
0.029594
0.025912
0.026437
0.026759
0.040279
0.026378
0.025467
0.026473
0.027279
0.027465
0.040772
0.026551
0.030617
0.026538
0.025449
0.031446
0.040469
0.026642
0.026187
0.024939
0.027546
0.025661
0.041325
0.026664
0.025739
0.027104
0.026393
0.026996
0.04193
0.027729
0.029647
0.025081
0.024889
0.033896
0.040767
0.026983
0.025084
0.02619
0.026963
0.02644
0.042146
0.026849
0.03532
0.025357
0.025567
0.025758
0.042452
0.027728
0.02586
0.024975
0.02993
0.025649
0.046654
0.035684
0.02703
0.02671
0.025105
0.025756
0.042183
0.027642
0.024953
0.026371
0.025864
0.025447
0.041594
0.025703
0.029408
0.028047
0.02566
0.02604
0.040395
0.025907
0.024817
0.026733
0.024798
0.026992
0.041775
0.025553
0.0275
0.039044
0.02493
0.02659
0.040147
0.025835
0.025071
0.025635
0.024624
0.025953
0.040202
0.029434
0.024833
0.026884
0.031596
0.025059
0.041792
0.03187
0.024406
0.024751
0.025517
0.024179
0.043108
0.026797
0.025853
0.026845
0.02676
0.027149
0.056804
0.027615
0.027449
0.025909
0.02581
0.025928
0.050122
0.026508
0.025568
0.026296
0.025655
0.025024
0.045698
0.026154
0.027818
0.02665
0.026968
0.028859
0.049366
0.025946
0.032974
0.02717
0.028516
0.025841
0.041015
0.027184
0.027639
0.025034
0.025838
0.027165
0.041049
0.027222
0.026449
0.026263
0.025235
0.026653
0.051199
0.036053
0.02539
0.025939
0.025553
0.024939
0.041503
0.027961
0.024696
0.025623
0.026515
0.025566
0.04116
0.034394
0.026907
0.028436
0.026757
0.025224
0.040368
0.032203
0.024568
0.026538
0.024433
0.025982
0.053498
0.02552
0.025305
0.032922
0.024254
0.024701
0.039039
0.02589
0.025046
0.026798
0.025088
0.026135
0.041765
0.02641
0.025572
0.025546
0.026252
0.032254
0.041769
0.02747
0.025842
0.025112
0.026078
0.027389
0.041499
0.026258
0.025483
0.026053
0.025916
0.024946
0.040908
0.026287
0.027523
0.026184
0.032274
0.025499
0.042235
0.026984
0.024704
0.025299
0.025334
0.026728
0.040696
0.026394
0.027271
0.027096
0.031894
0.025159
0.047631
