1.2319
0.15306
0.082912
0.069069
0.095365
0.083508
0.054512
0.049062
0.047444
0.025618
0.025887
0.024447
0.025356
0.025135
0.048123
0.027104
0.024798
0.025148
0.024002
0.025045
0.050922
0.032051
0.037706
0.027022
0.02538
0.027168
0.056544
0.02892
0.037659
0.036621
0.032664
0.038994
0.062742
0.035661
0.03569
0.024962
0.024002
0.025468
0.059468
0.035911
0.036225
0.036533
0.025508
0.02506
0.048541
0.024661
0.024151
0.025292
0.024499
0.024834
0.05759
0.024702
0.034901
0.042101
0.024551
0.029554
0.050151
0.025293
0.03376
0.023735
0.023299
0.026888
0.059646
0.035802
0.036237
0.031182
0.026945
0.027505
0.056042
0.030717
0.034277
0.035841
0.025969
0.025667
0.054348
0.038826
0.029456
0.024178
0.025425
0.029073
0.0471
0.025132
0.024958
0.024529
0.023551
0.023844
0.046719
0.025599
0.024089
0.02373
0.02385
0.023899
0.047118
0.024315
0.038259
0.029512
0.024384
0.024882
0.049901
0.024051
0.023554
0.030062
0.030383
0.023951
0.048464
0.024024
0.024261
0.023966
0.026344
0.024586
0.048958
0.03479
0.025541
0.024906
0.024461
0.027013
0.052357
0.024053
0.023777
0.023466
0.023457
0.024127
0.049503
0.025646
0.023618
0.025727
0.026234
0.024762
0.045272
0.025612
0.024113
0.023991
0.026262
0.027363
0.047224
0.024938
0.024153
0.024469
0.024429
0.025282
0.047229
0.023817
0.024204
0.037717
0.023356
0.024736
0.056736
0.027719
0.026965
0.027069
0.026249
0.02638
0.054377
0.027162
0.024989
0.024603
0.024395
0.024501
0.051473
0.036239
0.036257
0.035986
0.024043
0.025483
0.047745
0.024027
0.024104
0.023671
0.023589
0.023711
0.046534
0.024335
0.024315
0.024922
0.024808
0.024377
0.049449
0.036079
0.024464
0.025253
0.045856
0.041158
0.06204
0.024389
0.023801
0.023363
0.023768
0.02379
0.046497
0.024501
0.026607
0.024264
0.023688
0.024272
0.046167
0.025976
0.025386
0.025089
0.025468
0.024299
0.046727
0.025044
0.031965
0.025653
0.026952
0.031968
0.049085
0.026282
0.023702
0.023361
0.027141
0.033093
0.046643
0.025544
0.024434
0.023844
0.036819
0.036165
0.044925
0.023504
0.023533
0.023698
0.02363
0.02268
0.047088
0.025007
0.023837
0.030271
0.023111
0.023669
0.047308
0.023705
0.029511
0.023795
0.02448
0.024037
0.04606
0.024666
0.025803
0.025316
