0.000135
0.22649
0.006497
0.006454
0.006139
0.006143
0.006423
0.00597
0.006351
0.006109
0.006749
0.006081
0.005833
0.006013
0.00592
0.006407
0.006402
0.006827
0.00619
0.005983
0.006167
0.006026
0.00639
0.006197
0.007302
0.006635
0.006183
0.006252
0.006154
0.006087
0.006153
0.006066
0.006139
0.006019
0.006067
0.006001
0.006408
0.006051
0.005999
0.006387
0.006589
0.006096
0.006864
0.006373
0.005945
0.006137
0.00606
0.006042
0.006205
0.006256
0.006113
0.006211
0.006113
0.00603
0.006498
0.006513
0.006836
0.006021
0.008128
0.01299
0.009117
0.007019
0.007613
0.007489
0.006304
0.006082
0.0065
0.006392
0.007569
0.006307
0.006066
0.006497
0.006183
0.006006
0.006504
0.006045
0.005996
0.00631
0.006059
0.00597
0.005905
0.005894
0.006484
0.005941
0.006077
0.006492
0.005982
0.006117
0.006187
0.006019
0.005976
0.006278
0.01184
0.008495
0.00837
0.01202
0.008915
0.007341
0.006406
0.005969
0.00589
0.006068
0.005954
0.006536
0.005998
0.005989
0.006613
0.006112
0.006038
0.00656
0.006126
0.006189
0.006278
0.006172
0.006053
0.006082
0.006241
0.006039
0.006477
0.006224
0.006059
0.006118
0.006117
0.005908
0.006603
0.0061
0.006045
0.006595
0.006772
0.00623
0.006212
0.006004
0.00613
0.006055
0.006133
0.006022
0.005939
0.006232
0.005955
0.006066
0.006054
0.005991
0.005971
0.006418
0.005469
0.005612
0.00565
0.006203
0.005717
0.005686
0.005555
0.00558
0.00571
0.005577
0.005586
0.00549
0.00554
0.005567
0.006168
0.006237
0.006001
0.005958
0.006189
0.006264
0.005952
0.00625
0.006502
0.006061
0.005959
0.006342
0.006468
0.006496
0.006166
0.006561
0.006511
0.006342
0.005971
0.006108
0.00561
0.006097
0.00566
0.005918
0.005772
0.005899
0.006293
0.006058
0.006046
0.006044
0.006044
0.005938
0.006308
0.005864
0.006245
0.005749
0.006348
0.005982
0.005951
0.0058
0.005875
0.005784
0.007508
0.011403
0.009549
0.007706
0.006528
0.006126
0.005943
0.00592
0.005776
0.005784
0.00584
0.006417
0.006384
0.006637
0.007119
0.007191
0.011649
0.00822
0.006732
0.00634
0.007216
0.006234
0.00672
0.006158
0.006544
0.006267
0.00623
0.00618
0.00618
0.006252
0.006913
0.0063
0.006148
0.006461
0.006418
0.00633
0.006264
0.006941
0.006362
0.006465
