0.000198
0.28176
0.016369
0.016306
0.014741
0.01507
0.0145
0.015002
0.014571
0.015725
0.015235
0.015345
0.014975
0.01542
0.016572
NaN
NaN
NaN
NaN
0.000154
0.23734
0.014786
NaN
NaN
NaN
NaN
0.000157
0.44861
0.026908
0.016951
0.015242
0.01409
0.013859
0.015068
0.014916
0.016017
0.015274
0.016357
NaN
NaN
NaN
NaN
0.000184
0.26515
0.017018
0.013985
0.015229
0.014423
0.014441
0.014092
0.014028
NaN
NaN
NaN
NaN
0.000195
0.26448
0.014524
0.012636
0.014625
0.01428
0.013348
0.013068
0.01374
0.012777
0.012721
NaN
NaN
NaN
NaN
0.000116
0.26204
0.015488
NaN
NaN
NaN
NaN
0.000294
0.24039
0.014376
0.012938
NaN
NaN
NaN
NaN
0.000108
0.26302
0.016902
0.014087
0.014349
0.014616
0.013733
0.013726
0.013885
0.014401
0.014069
0.013799
0.013899
0.013662
0.013755
0.014407
0.014547
0.013849
0.013617
0.013658
0.013802
0.01515
0.014704
0.014673
0.014534
0.014732
0.014549
NaN
NaN
NaN
NaN
0.000168
0.26853
0.017218
0.016768
0.014266
0.014579
0.014878
0.01434
0.016498
0.01409
0.013807
0.014544
0.013997
0.014024
0.014459
0.01583
NaN
NaN
NaN
NaN
0.000188
0.25339
0.015266
NaN
NaN
NaN
NaN
0.000235
0.2489
0.015636
0.013821
NaN
NaN
NaN
NaN
0.000169
0.24016
0.015209
0.013026
0.013092
0.01271
NaN
NaN
NaN
NaN
0.000179
0.25074
0.013905
0.012794
0.013183
0.012746
0.012918
0.012559
0.012401
0.013884
NaN
NaN
NaN
NaN
0.000159
0.24467
0.014946
0.013467
NaN
NaN
NaN
NaN
0.000157
0.24562
0.014867
0.013424
0.01386
0.013296
0.013045
0.013183
0.013034
0.01367
0.01486
NaN
NaN
NaN
NaN
0.000202
0.2604
0.015776
0.013562
0.013632
0.014224
0.013963
0.013649
0.013663
0.013804
0.014136
0.016144
0.024983
0.013538
0.014422
NaN
NaN
NaN
NaN
0.000148
0.24022
0.015386
0.013272
NaN
NaN
NaN
NaN
3.3e-05
0.2574
0.017487
NaN
NaN
NaN
NaN
0.000367
0.25128
0.016822
NaN
NaN
NaN
NaN
0.000282
0.24967
0.017015
NaN
NaN
NaN
NaN
0.000603
0.27943
