0.000136
0.22372
0.005796
0.005572
0.005542
0.005672
0.005335
0.00534
0.00525
0.005273
0.005307
0.005318
0.005244
0.005291
0.005273
0.005565
0.005693
NaN
NaN
NaN
NaN
0.000517
0.24098
0.006089
0.006237
0.006335
0.005814
0.00807
0.006622
0.006394
0.006036
0.005864
0.005797
0.005385
0.006117
0.008141
0.011693
0.009473
0.007767
0.00586
0.012513
0.009604
0.007358
0.006092
0.012227
0.010733
0.007235
0.006199
0.006344
0.006142
0.005642
0.00711
0.005853
0.005678
0.006676
0.006045
0.005621
0.006061
NaN
NaN
NaN
NaN
0.000198
0.25189
0.007102
0.006126
0.00634
0.005786
0.006325
0.005977
0.005646
0.006376
0.005882
0.00859
0.013157
0.009272
0.007024
0.008441
0.013804
0.009645
0.006733
0.007749
0.012093
0.010221
0.007474
0.007322
0.006847
0.007527
0.006806
0.006449
0.00624
0.00822
0.012049
0.009934
0.012996
0.010572
0.007004
0.006608
0.006136
0.006413
0.009335
0.008122
0.00899
0.008036
0.012998
0.011791
0.007286
0.006272
0.006326
0.006914
0.005928
0.006461
0.005763
0.005929
0.007855
0.006522
0.011606
0.009147
0.007564
0.005777
0.005576
0.005767
0.006199
NaN
NaN
NaN
NaN
0.000172
0.23114
0.006537
0.005686
0.007109
0.008506
0.008907
0.010157
0.006469
0.006641
0.005749
0.005809
0.008154
0.008266
0.009328
0.008606
0.011913
0.010003
0.007245
0.006506
0.005563
0.006072
0.00555
0.005702
0.005798
0.006418
0.006705
0.006262
0.006042
0.006017
0.006426
0.005775
0.006103
0.006026
0.006001
0.005857
0.006534
0.011641
0.009256
0.007493
0.006203
0.005966
0.005895
0.005784
0.005998
0.005961
0.005835
0.006046
0.006638
NaN
NaN
NaN
NaN
0.000222
0.22982
0.007194
0.006809
0.005687
0.006178
0.005781
0.006261
0.005755
0.007705
0.006774
0.006163
0.006315
0.005896
0.005818
0.006601
0.005787
0.005553
0.005753
0.005737
0.005866
0.006454
0.005737
0.005939
0.0063
0.005552
0.006201
0.005767
0.005773
0.00556
0.00564
0.006524
0.005992
0.00573
0.006705
NaN
NaN
NaN
NaN
0.000188
0.25024
0.005997
0.0054
0.005604
0.005615
0.005269
0.005423
0.005254
0.005703
0.005708
0.005592
0.006936
0.00653
0.005966
0.005831
0.00632
0.005861
0.006065
0.005753
0.005966
0.005304
0.005281
0.00533
0.005668
0.006311
0.005582
0.007339
0.009296
0.009546
0.008013
0.008186
0.006067
0.007596
0.015299
0.008473
0.005811
0.007636
0.014569
0.007462
0.005735
0.006662
0.006497
0.014231
0.015206
0.009574
0.00642
0.01736
0.010174
0.00619
0.006865
0.013391
0.013396
0.009047
0.010986
0.007472
0.010868
0.008323
0.009341
0.005878
0.005371
0.006196
0.007106
0.00587
0.006226
0.00591
0.005358
0.005246
0.005593
0.007628
0.007995
0.007924
0.008038
0.006982
0.006132
0.006288
0.008816
0.006859
0.005593
0.006066
0.006104
0.007479
0.005656
0.005395
0.006456
0.006128
0.007461
0.00736
0.01199
0.008044
0.010113
0.005925
0.006891
0.006558
0.006567
0.008095
0.00655
0.008101
0.009739
0.010428
0.009302
0.006789
0.006762
0.006891
0.006114
0.006113
0.006107
0.006888
0.007005
0.006154
0.008183
0.010618
0.007513
0.006954
0.006119
0.007351
0.006443
0.00646
0.01179
0.011089
0.009043
0.007706
0.009505
0.012178
0.011181
0.007145
0.007432
0.017671
0.011224
0.009047
0.010543
0.007392
0.005769
0.007089
0.007028
0.014531
0.007391
0.005453
0.00642
0.005734
0.006334
0.006278
0.006003
0.007463
0.007083
0.007645
0.007393
0.005924
0.005852
0.006637
0.005656
0.006195
0.006391
0.00555
0.005293
0.006012
0.006002
0.007051
0.005331
0.005984
0.006199
0.00553
0.005379
0.006292
0.005551
0.006495
0.006033
0.006745
0.012481
0.009232
0.007953
0.005856
0.00595
0.008237
0.01407
0.008271
0.01293
0.010362
0.012572
0.016146
0.010436
0.011692
0.007135
0.006253
0.007758
0.007635
0.007147
0.009386
0.006951
0.006023
0.005711
0.005401
0.006254
0.005902
0.005399
0.005966
0.005377
0.005679
0.00537
0.005578
0.005369
0.006697
0.006106
0.005395
0.005092
0.005312
0.005751
0.005253
0.005979
0.005954
0.005138
0.005165
0.005086
0.005089
0.005875
0.005472
0.005107
0.005435
0.00552
0.005751
0.006225
0.005129
0.005133
0.006693
0.011504
0.009275
0.007396
0.00619
0.005629
0.005288
0.005311
0.005234
0.005173
0.005387
0.005584
0.005198
0.005077
0.005152
0.005082
0.005512
0.005188
0.005433
0.005125
0.005263
0.005099
0.005224
0.005269
0.005189
0.005268
0.005007
0.005873
0.005157
0.007496
0.006825
0.006079
0.005185
0.005577
0.005226
0.005486
0.005191
0.005377
0.005343
0.005464
0.005526
0.006037
0.005341
0.005894
0.005836
0.005499
0.006095
0.005206
0.005869
0.005367
0.00517
0.005087
0.005667
0.005223
0.005758
0.005248
0.006023
0.011082
0.008858
0.007141
0.006232
0.005498
0.005804
0.00551
0.005702
0.005596
0.005433
0.005395
0.005426
0.005496
0.005291
0.005408
0.005442
0.005719
0.005698
0.005589
0.005365
0.00581
0.005404
0.00586
0.005365
0.005163
0.005449
0.005611
0.005692
0.005422
0.00543
0.005883
0.005758
0.005575
0.005401
0.005149
0.00525
0.005113
0.005824
0.005134
0.005813
0.005139
0.005714
0.005259
0.005481
0.005224
0.005643
0.005213
0.005747
0.005449
0.00556
0.005311
0.005373
0.005303
0.005501
0.0051
0.005513
0.005041
0.005194
0.005144
0.005142
0.005059
0.005107
0.005596
0.005
0.005319
0.00506
0.005544
0.006344
0.005574
0.005305
0.005388
0.006655
0.005348
0.005424
0.005828
0.005072
0.005433
0.005284
0.005497
0.005586
0.005481
0.005114
0.005508
0.005605
0.005446
0.005156
0.005186
0.005961
0.011357
0.008775
0.006479
0.006061
0.005342
0.005312
0.005251
0.005257
0.005152
0.005089
0.005557
0.00714
0.00597
0.005147
0.005403
0.005932
0.005319
0.005088
0.006378
0.005729
0.005716
0.005618
0.005302
0.006608
0.005353
0.005774
0.005882
0.005739
0.00617
0.005451
0.005265
0.005499
0.005331
0.005306
0.005675
0.005814
0.005289
0.005337
0.005141
0.005287
0.005456
0.005589
0.005619
0.005757
0.005479
0.005106
0.005587
0.005707
0.005192
0.005968
0.005362
0.006156
0.005589
0.005258
0.005231
0.005777
0.005654
0.005463
0.005618
0.006463
0.005885
0.005465
0.005181
0.005279
0.006445
0.005515
0.005488
0.005471
0.005387
0.006118
0.00688
0.005393
0.006287
0.005512
0.005131
0.007032
0.006048
0.005173
0.005227
0.005341
0.005252
0.006062
0.011058
0.008892
0.007399
0.00603
0.005296
0.005587
0.005331
0.00548
0.005122
0.00594
0.005415
0.005864
0.00685
0.005251
0.005755
0.005307
0.006093
0.006386
0.012102
0.00939
0.007344
0.006567
0.005528
0.005248
0.006114
0.005147
0.005621
0.005067
0.005506
0.005334
0.005264
0.006914
0.005306
0.005216
0.005291
0.005322
0.005108
0.005199
0.005169
0.005178
0.005682
0.005929
0.005089
0.005094
0.005066
0.00545
0.005545
0.005178
0.005642
0.005186
0.005534
0.00502
0.005464
0.005268
0.005895
0.005343
0.005615
0.005312
0.005347
0.00544
0.005321
0.005067
0.005778
0.00543
0.005567
0.005256
0.005815
0.01129
0.008692
0.006336
0.005935
0.005211
0.005272
0.005396
0.00556
0.005393
0.00538
0.00574
0.005978
0.005216
0.005702
0.005309
0.005422
0.005776
0.005059
0.005291
0.005764
0.011174
0.009016
0.006777
0.005723
0.005227
0.005302
0.005165
0.005948
0.011475
0.00822
0.006654
0.006035
0.005491
0.005143
0.005535
0.005291
0.005481
0.005436
0.005308
0.005072
0.005988
0.005464
0.005206
0.00538
0.005425
0.005544
0.005528
0.005093
0.005544
0.005486
0.0054
0.005618
0.005305
0.005847
0.005605
0.005535
0.005264
0.005847
0.005497
0.005556
0.005174
0.005687
0.005071
0.005986
0.006864
0.006343
0.005469
0.005347
0.005226
0.005841
0.005539
0.006018
0.00539
0.005768
0.005164
0.005622
0.005745
0.005298
0.005203
0.005866
0.005112
0.005225
0.005365
0.005702
0.005329
0.005341
0.005596
0.005703
0.005363
NaN
NaN
NaN
NaN
0.000139
0.23579
0.006456
0.006906
0.006449
0.0054
0.005549
0.005556
0.00542
0.006918
0.013768
0.008419
0.005978
0.0069
0.007099
0.005666
0.006763
0.006438
0.012485
0.008722
0.007317
0.007384
0.005958
0.005636
0.006112
0.007777
0.006195
0.005655
0.005457
0.005803
0.006675
0.007524
0.006511
0.007442
0.008077
0.008119
0.007907
0.006233
0.006749
0.00801
0.00846
0.006985
0.00651
0.00584
0.010743
0.00664
0.00596
0.006356
0.007457
0.009753
0.005403
0.008104
0.01064
0.006547
0.005783
0.00602
0.007415
0.007486
0.005521
0.005551
0.005804
0.007225
0.00614
0.005985
0.006118
0.007192
0.007316
0.006315
0.006348
0.005538
0.007946
0.005697
0.005254
0.005301
0.005397
0.008942
0.005367
0.00508
0.0055
0.005639
0.006227
0.005579
0.005564
0.005235
0.006083
0.00566
0.005721
0.005338
0.005278
0.00545
0.005581
0.006057
0.005429
0.005249
0.005157
0.005339
0.005708
0.005498
0.005378
0.005197
0.005181
0.0055
0.005373
0.005342
0.005395
0.005697
0.005572
0.005722
0.006243
0.005322
0.005392
0.005954
0.00557
0.006719
0.01447
0.011967
0.011614
0.007895
0.006362
0.006566
0.005419
0.00538
0.005266
0.005654
0.005669
0.006805
0.006433
0.006549
0.015798
0.008807
0.006302
0.005983
0.006845
0.006019
0.006603
0.005981
0.005861
0.006657
0.006171
0.00541
0.00543
0.006071
0.005997
0.004928
0.005052
0.005005
0.005244
0.006084
0.005279
0.005124
0.005213
0.005194
0.005716
0.005313
0.005016
0.004998
0.006999
0.006729
0.005082
0.004897
0.005444
0.005124
0.005097
0.005394
0.005372
0.005363
0.00509
0.005839
0.005976
0.00529
0.005243
0.005258
0.005161
0.005454
0.0054
0.00504
0.005972
0.005506
0.006865
0.011565
0.009902
0.008073
0.006542
0.005179
0.005305
0.005115
0.005034
0.005401
0.005337
0.005348
0.00514
0.005824
0.005129
0.005482
0.005409
0.005596
0.005167
0.005702
0.011618
0.007592
0.007101
0.011211
0.009182
0.007492
0.006142
0.005425
0.00527
0.005164
0.005291
0.006787
0.005262
0.005599
0.005789
0.005374
0.005149
0.005352
0.011317
0.008825
0.012041
0.008731
0.007828
0.00599
0.005044
0.005305
0.005665
0.00626
0.005542
0.011604
0.009167
0.006082
0.00559
0.006015
0.005375
0.005688
0.005407
0.005531
0.00507
0.005662
0.012939
0.011248
0.007259
0.006753
0.007387
0.006476
0.006289
0.012291
0.008145
0.006699
NaN
NaN
NaN
NaN
7.7e-05
0.26095
0.012212
0.009602
0.007514
0.006492
0.005678
0.005543
0.0067
0.005473
0.005853
0.00567
0.005797
0.005706
0.00594
0.005856
0.006284
0.005728
0.00558
0.007189
0.012174
0.009611
0.007316
0.006728
0.005888
0.005493
0.005747
0.005664
0.006106
0.005708
0.005583
0.006064
0.006387
0.006011
0.006368
0.006394
0.01195
0.008786
0.007405
0.005884
0.005773
0.006432
0.011927
0.01234
0.010944
0.008457
0.007012
0.006254
0.005861
0.005781
0.006542
0.00605
0.005943
0.006394
0.007256
0.006896
0.006746
0.006516
0.006056
0.006641
0.006547
0.006565
0.007836
0.012929
0.009071
0.008047
0.006985
0.006667
0.010374
0.008658
0.012637
0.008462
0.008072
0.011998
0.008265
0.007859
0.012253
0.009648
0.009535
0.005907
0.00675
0.006158
0.005607
0.006401
0.00588
0.005491
0.005673
0.005559
0.006175
0.005803
0.005501
0.005516
0.005546
0.005559
0.005649
0.006055
0.005532
0.00569
0.005673
0.005818
0.005994
0.005656
0.005597
0.00578
0.005747
0.005694
0.005657
0.005586
0.005882
0.006208
0.005691
0.00563
0.005615
0.006383
0.00618
0.005809
0.006198
0.005646
0.005662
0.007444
0.006383
0.005745
0.005651
0.006039
0.008263
0.011649
0.011991
0.010489
0.007392
0.006565
0.006557
0.009561
0.012296
0.00837
0.007397
0.006847
0.006113
0.006069
0.007436
0.007145
0.00697
0.00628
0.006382
0.007523
0.006402
0.006008
0.00586
0.00604
0.006136
0.006263
0.006716
0.006011
0.006449
0.00607
0.006399
0.006019
0.006015
0.006223
0.006042
0.005841
0.006068
0.006396
0.006258
0.006491
0.006096
0.006204
0.005983
0.006746
0.007701
0.005865
0.005618
0.005419
0.007369
0.006352
0.005528
0.005516
0.005562
0.006953
0.005578
0.0064
0.011247
0.00958
0.007054
0.005465
0.005507
0.006633
0.005717
0.005952
0.00582
0.005499
0.00819
0.006733
0.006266
0.005585
0.005818
0.012804
0.010179
0.007198
0.007023
0.006227
0.006497
0.005534
0.005918
0.006292
0.00613
0.005499
0.005738
NaN
NaN
NaN
NaN
0.000197
0.23438
0.006386
0.006215
0.005633
0.00516
0.005543
0.006299
0.005192
0.005489
0.005012
0.005305
0.005247
0.005678
0.007005
0.005474
0.00545
0.005119
0.005667
0.006553
0.005905
0.005493
0.005673
0.005868
0.006841
0.005403
0.005633
0.005744
0.005903
0.00523
0.005124
0.004928
0.005145
0.00558
0.004985
0.005217
0.005399
0.005357
0.005023
0.00519
0.005148
0.005182
0.005031
0.005271
NaN
NaN
NaN
NaN
0.000175
0.22201
0.005746
0.005379
0.005061
0.005743
0.005179
0.005793
0.005033
0.00555
0.005332
0.005518
0.005069
0.005655
0.005102
0.00544
0.005305
0.005763
0.005632
0.005075
0.005472
0.005232
0.005059
0.005095
0.005007
0.005538
0.005102
0.005913
0.005556
0.005868
0.005324
0.005605
0.005413
0.005126
0.005281
0.005298
0.005182
