0.000112
0.21592
0.003567
0.003428
0.002989
0.003289
NaN
NaN
NaN
NaN
0.00015
0.21184
0.003897
0.003255
0.00527
0.003276
0.003519
0.003985
0.003491
0.003219
0.003625
0.003114
0.003562
0.0032
0.003612
0.003296
0.003545
0.003552
0.003177
0.003471
0.003621
0.003068
0.00371
0.003673
0.003264
0.003136
0.00338
0.003397
0.003468
0.003428
0.003478
0.003056
0.003425
0.003357
0.003333
0.003422
0.003584
0.003201
0.003485
0.003435
0.003306
0.003582
0.003361
0.003224
0.00401
0.005681
0.005741
0.006411
0.004636
0.004196
0.003991
0.003378
0.003559
0.003206
0.003319
0.003391
0.003143
0.002966
0.002944
0.002991
0.002984
0.003057
0.00328
0.003503
0.003111
0.003315
0.003069
NaN
NaN
NaN
NaN
0.00016
0.23347
0.003643
NaN
NaN
NaN
NaN
0.000158
0.20918
0.003613
0.003345
0.003251
0.003261
0.003394
0.003265
0.003297
0.003391
0.003368
0.003355
0.003006
0.003478
0.003445
0.003364
0.003235
0.003726
0.003469
0.003406
0.003462
0.003459
0.00333
0.003708
0.003418
0.003622
0.003393
0.003422
0.003246
0.00342
0.003275
0.003173
0.003461
0.003425
0.003427
0.003472
0.003583
0.003144
0.00349
0.003499
0.003311
0.003483
0.004649
0.003754
0.003897
0.003594
0.003613
0.003382
0.002998
0.003502
NaN
NaN
NaN
NaN
0.000242
0.21152
0.003537
0.003313
0.003305
0.003317
0.002832
0.003033
0.003051
0.003599
0.003144
0.003613
0.003283
0.003505
0.004119
0.005947
0.005802
0.004684
0.00462
0.003959
0.003939
0.003543
0.003515
0.003478
0.003297
0.003286
0.003236
0.003304
0.003209
0.003221
0.003109
0.003034
0.003242
0.003184
0.003536
0.003166
0.003684
0.003201
0.003505
0.003148
0.003741
0.003252
0.003302
0.003586
0.003326
0.00421
0.005838
0.005816
0.004631
0.004661
NaN
NaN
NaN
NaN
0.000178
0.23986
0.003542
0.003272
0.004538
0.003078
0.003202
0.003115
0.003206
0.003356
0.003232
0.002962
0.002724
0.002927
0.002932
0.00315
0.003106
0.003206
0.003133
0.003171
0.004298
0.006071
0.00529
0.006121
0.003943
0.004059
0.004625
0.004376
0.005659
0.005702
0.004483
0.004562
0.003685
0.00401
0.003839
0.003413
0.003467
0.003561
0.003523
0.003532
0.004235
0.003217
0.003076
0.003125
NaN
NaN
NaN
NaN
0.000155
0.21525
0.003598
0.003451
0.00358
0.003798
0.003446
NaN
NaN
NaN
NaN
0.000175
0.22692
0.003677
0.003552
0.003517
0.003701
0.003536
0.003314
0.003454
0.003381
0.003684
0.00407
0.004331
0.004142
0.004104
0.003473
0.003495
0.003361
0.00423
0.003739
0.003773
0.003849
0.003485
0.003354
0.003456
0.003275
0.003459
0.003493
0.003302
0.003199
0.003329
0.003675
0.003442
0.003541
0.003652
0.003694
0.003768
0.003283
0.003473
0.003506
0.003519
0.003648
0.003462
0.00352
0.00341
0.003388
0.003388
0.003495
0.003551
0.003049
0.003384
0.003466
0.003434
0.004021
0.004934
0.003421
0.003521
0.004329
0.00354
0.003357
0.003897
0.003536
0.003372
0.003376
0.003537
0.003505
0.003445
0.003484
0.003468
0.00352
0.003539
0.003624
0.003576
0.00327
0.003537
0.003601
0.003525
0.003712
0.004004
0.003504
0.003466
0.003545
0.003485
0.003639
0.003529
0.003243
0.003402
0.00335
0.003371
0.003406
0.003546
0.003441
0.003534
0.003454
0.003443
0.004366
0.003987
0.004027
0.00349
0.00341
0.003878
0.004656
0.003467
0.003341
0.003355
0.00346
0.003486
0.003478
0.00349
0.003323
0.003441
0.003297
0.003408
0.003377
0.0035
0.00349
0.003468
0.003366
0.003405
0.00341
0.003626
0.003206
0.003384
0.003382
0.003537
0.003386
0.003356
0.003553
0.00355
0.003492
0.003433
0.003354
0.003495
0.0031
0.003723
0.003567
0.003785
0.003564
0.003513
0.004421
0.004023
0.003399
0.003519
0.004908
NaN
NaN
NaN
NaN
0.000159
0.22498
0.003688
0.003477
0.003443
0.003435
0.003378
0.003472
0.003586
0.004258
0.006857
0.005931
0.005148
0.004492
0.004201
0.004333
0.003801
0.00384
0.003542
0.003558
0.003582
0.003345
0.003518
0.003529
0.003452
0.003808
0.004083
0.003603
0.003701
0.003824
0.003815
0.003511
0.00356
0.003299
NaN
NaN
NaN
NaN
0.00017
0.22266
0.004263
0.003932
0.004
0.003796
0.003886
0.003582
0.003827
0.003884
0.003893
NaN
NaN
NaN
NaN
0.000167
0.22529
0.003954
0.003893
0.005588
0.006044
0.005231
0.004755
0.004309
0.004335
0.003822
0.00415
0.003537
0.003551
NaN
NaN
NaN
NaN
0.000161
0.218
0.003605
0.00336
0.004909
0.003497
0.003932
0.003392
0.003642
0.004082
0.00334
0.003435
0.003791
0.003961
0.003319
0.003503
0.003849
NaN
NaN
NaN
NaN
0.000154
0.23874
0.003748
0.00341
0.003452
0.003507
0.003811
0.003533
0.003491
0.004212
0.005377
0.003511
0.003427
0.003496
0.004304
0.003407
0.003547
0.00361
0.003426
0.003352
0.003464
NaN
NaN
NaN
NaN
0.000284
0.38238
0.00356
0.003452
0.003409
0.003401
0.003098
0.004799
0.005884
0.003671
0.004099
0.003316
0.00465
0.003387
0.004425
0.003131
0.00311
0.003932
0.003787
0.003466
0.004775
0.003287
0.003216
0.003438
0.00381
0.006002
0.005564
0.005886
0.005513
0.005755
0.00445
0.004524
0.004573
0.005822
0.00547
0.004544
0.003655
0.004009
0.003624
0.004179
0.003486
0.003324
0.00356
0.003323
0.003425
0.003624
0.003159
0.003514
0.003387
0.004011
0.006548
0.00604
0.005186
0.00437
0.004284
0.00361
0.003436
0.003473
0.003281
0.003073
0.003022
0.006508
0.006248
0.005238
0.00555
0.004133
0.003941
0.00325
0.003308
0.003097
0.00321
0.003235
0.003385
0.003667
0.003086
0.003299
0.006
0.003724
0.005478
0.004114
0.005782
0.003323
0.003669
0.003088
0.002726
0.00305
0.00365
0.004731
0.004243
0.003053
0.003306
0.004177
0.004436
0.006262
0.007771
0.003717
0.002679
0.003028
0.003113
0.003185
0.004124
0.003204
0.005923
0.003112
0.00321
NaN
NaN
NaN
NaN
0.000173
0.27544
0.005453
0.005216
0.004668
0.004835
0.006696
0.006519
0.005739
NaN
NaN
NaN
NaN
0.000176
0.52847
0.004669
0.004656
0.003925
0.003794
0.004126
0.003612
0.003489
0.003472
0.003907
0.007335
0.006111
0.005722
0.005661
0.005004
0.004383
0.004263
0.004115
NaN
NaN
NaN
NaN
0.000191
0.23003
0.003679
0.003498
0.003707
0.003354
0.003272
0.003374
0.003468
0.003388
0.00351
0.003459
0.003047
0.002904
0.00333
0.003365
0.003295
0.003394
0.003368
0.003475
0.003569
0.003517
0.00398
0.003444
0.003343
0.003144
0.003397
0.003488
0.003515
0.003908
0.003431
0.004008
0.003943
0.003433
0.003391
0.003422
0.003342
0.003652
0.003662
0.003605
0.003452
0.003435
0.003728
0.003922
0.003566
0.004094
0.003869
0.002995
0.003865
0.004069
0.003803
0.003721
0.003403
0.003354
0.003528
0.003537
0.003334
0.003495
0.00347
0.002988
