0.000148,0.000144,0.000144,0.000163,0.000137,0.000168,9.5e-05,0.000199,0.00019,0.00014,0.000135,0.000257,0.000154,0.00014,0.000145
0.60518,0.6106,0.57467,0.5895,0.60021,0.60952,0.58253,0.64079,0.60901,0.5913,0.64124,0.59315,0.60008,0.5969,0.59769
0.013655,0.013964,0.01343,0.013535,0.013603,0.013813,0.013513,0.013654,0.014236,0.013667,0.014512,0.013723,0.013789,0.013878,0.013682
0.013566,0.013296,0.013043,0.013613,0.013602,0.015533,0.013558,0.01347,0.014549,0.01369,0.01366,0.013844,0.013481,0.013944,0.013756
0.013818,0.013728,0.013491,0.013763,0.013611,0.013444,0.013654,0.013768,0.014311,0.013512,0.013965,0.013902,0.013792,0.013931,0.013778
0.014233,0.017279,0.013504,0.013789,0.014024,0.013662,0.013768,0.014621,0.015282,0.013519,0.01404,0.013964,0.014118,0.01439,0.013882
0.014961,0.014099,0.013597,0.013954,0.013931,0.01465,0.017335,0.013928,0.017865,0.014161,0.01455,0.01456,0.013872,0.014572,0.014333
0.025473,0.026204,0.021597,0.026185,0.023058,0.028347,0.025238,0.02191,0.024605,0.025446,0.025477,0.026283,0.021961,0.027389,0.02564
0.031523,0.03053,0.021403,0.029064,0.030304,0.028271,0.030446,0.025788,0.021375,0.029234,0.029675,0.031054,0.02539,0.030471,0.025239
0.026162,0.030557,0.027648,0.02527,0.026622,0.030381,0.030857,0.025231,0.015936,0.023234,0.026202,0.031366,0.026077,0.0319,0.025002
0.027483,0.027655,0.025292,0.028286,0.028625,0.029589,0.030121,0.027614,0.019177,0.028675,0.033597,0.029815,0.028144,0.031324,0.026865
0.021594,0.019757,0.025844,0.023304,0.023985,0.020973,0.019043,0.025396,0.022101,0.026081,0.020898,0.019566,0.027181,0.019049,0.024094
0.092547,0.098427,0.11502,0.090209,0.12782,0.086563,0.090457,0.10705,0.19796,0.10811,0.090305,0.088014,0.11456,0.10466,0.10528
0.018797,0.018098,0.023925,0.020274,0.020876,0.01617,0.021612,0.017037,0.022229,0.016718,0.015649,0.019293,0.024579,0.015958,0.017715
0.015694,0.015087,0.016257,0.01508,0.015519,0.01723,0.015412,0.015159,0.015836,0.014973,0.015532,0.015658,0.015145,0.016085,0.017606
0.016352,0.014898,0.015244,0.015612,0.027935,0.015286,0.016045,0.014901,0.018708,0.014969,0.015143,0.015246,0.014901,0.015326,0.015241
0.017277,0.015157,0.01524,0.015456,0.014802,0.015209,0.015188,0.015109,0.015718,0.015616,0.015766,0.015708,0.013989,0.015706,0.017887
0.013996,0.014,0.014476,0.014502,0.015943,0.014486,0.0143,0.014663,0.015348,0.014783,0.014632,0.014825,0.014069,0.015241,0.014345
0.015261,0.014456,0.014296,0.015041,0.016368,0.016122,0.01449,0.015086,0.015587,0.015228,0.014473,0.014755,0.014431,0.015433,0.015105
0.017266,0.014937,0.014956,0.01515,0.027295,0.01615,0.015149,0.01524,0.015868,0.015708,0.015633,0.016152,0.01502,0.016246,0.016442
0.015233,0.015478,0.015526,0.015611,0.019091,0.015506,0.018249,0.016168,0.016187,0.015798,0.015487,0.015927,0.015483,0.016022,0.018999
0.015479,0.015711,0.015213,0.015314,0.01897,0.016115,0.015123,0.015948,0.016418,0.015612,0.016037,0.015807,0.015526,0.016212,0.016527
0.016363,0.015625,0.014973,0.015425,0.016248,0.01629,0.015579,0.015861,0.016577,0.015371,0.016627,0.01656,0.015686,0.016929,0.018
0.016153,0.014728,0.014647,0.014829,0.015365,0.014693,0.014524,0.015417,0.01574,0.015105,0.015498,0.015556,0.01554,0.015481,0.016996
0.014653,0.014873,0.014544,0.014972,0.017519,0.015307,0.014775,0.015273,0.015977,0.015396,0.015259,0.017969,0.015349,0.015559,0.016665
0.016016,0.015531,0.015289,0.01557,0.018548,0.01711,0.015468,0.016609,0.016737,0.015805,0.015826,0.017032,0.016021,0.016638,0.01699
0.019198,0.016016,0.015708,0.015866,0.019323,0.015979,0.015944,0.017378,0.029362,0.01621,0.016834,0.016316,0.016277,0.016858,0.017569
0.016016,0.01591,0.015888,0.015899,0.017713,0.015791,0.016353,0.018125,0.017608,0.015857,0.016452,0.017563,0.016244,0.01639,0.016798
0.016439,0.016008,0.01568,0.016121,0.017327,0.016622,0.015998,0.01698,0.016927,0.016577,0.016463,0.016658,0.016173,0.017109,0.016828
0.015314,0.015339,0.014844,0.015377,0.015969,0.016068,0.0154,0.016799,0.016418,0.015857,0.015876,0.015978,0.015699,0.016466,0.015406
0.017465,0.015497,0.015435,0.016663,0.016563,0.015862,0.01559,0.017278,0.016645,0.016098,0.015901,0.016561,0.015676,0.016329,0.017011
0.017321,0.015795,0.016163,0.017783,0.016535,0.015857,0.015878,0.017351,0.017277,0.016305,0.016642,0.017859,0.016187,0.016807,0.016328
0.01649,0.016233,0.01622,0.017244,0.016703,0.016556,0.018843,0.017233,0.016488,0.016578,0.017512,0.017194,0.0166,0.017247,0.016338
0.017139,0.016432,0.016172,0.01605,0.016516,0.016267,0.01636,0.017141,0.018174,0.016352,0.017567,0.016832,0.016249,0.016559,0.017499
0.016492,0.016179,0.015892,0.01627,0.016806,0.01626,0.016546,0.017781,0.017745,0.015823,0.017533,0.017246,0.016361,0.01688,0.018759
0.01557,0.015265,0.015142,0.018158,0.016234,0.015605,0.015502,0.016322,0.015834,0.015385,0.015541,0.016211,0.015254,0.015785,0.017182
0.01574,0.0151,0.015666,0.016724,0.016219,0.015427,0.015355,0.016979,0.016915,0.01568,0.017527,0.016178,0.015479,0.016068,0.016084
0.017093,0.015752,0.015762,0.016174,0.016225,0.016183,0.015714,0.016809,0.017868,0.015955,0.016932,0.017038,0.015997,0.016189,0.018887
0.016376,0.016187,0.016421,0.01656,0.01634,0.016267,0.016253,0.016331,0.0185,0.016131,0.017334,0.018358,0.016565,0.016847,0.016779
0.017121,0.016306,0.016443,0.016404,0.016481,0.01663,0.016377,0.016803,0.017262,0.01588,0.016406,0.017597,0.016983,0.0168,0.018926
0.016758,0.016043,0.016292,0.016357,0.016535,0.016633,0.01897,0.01711,0.017002,0.016307,0.016877,0.017283,0.017677,0.018164,0.018088
0.01561,0.015509,0.015656,0.015557,0.015977,0.015933,0.015548,0.016507,0.024966,0.015348,0.016371,0.016061,0.016183,0.016025,0.017648
0.015452,0.01545,0.015405,0.016247,0.015489,0.015343,0.015521,0.015986,0.016047,0.015771,0.016004,0.015897,0.016005,0.016725,0.018641
0.015954,0.016461,0.016112,0.016023,0.016398,0.016097,0.016062,0.016442,0.02045,0.016067,0.016957,0.016678,0.016693,0.01616,0.018823
0.017611,0.017987,0.016508,0.016503,0.016399,0.016882,0.016544,0.016636,0.016694,0.016381,0.016576,0.017225,0.017171,0.016986,0.019268
0.016528,0.017275,0.019895,0.016805,0.018625,0.016332,0.018215,0.017039,0.018618,0.019327,0.018673,0.018628,0.016407,0.016711,0.018596
0.017346,0.016747,0.016727,0.016409,0.018847,0.016219,0.016016,0.016803,0.02595,0.01633,0.016721,0.016721,0.016476,0.017243,0.018155
0.016217,0.022407,0.015564,0.015699,0.019365,0.01545,0.015374,0.016357,0.017481,0.015906,0.015227,0.01571,0.015709,0.015695,0.018076
0.015425,0.017431,0.015386,0.015815,0.018801,0.015269,0.018876,0.017209,0.020924,0.01674,0.015698,0.016186,0.015514,0.016384,0.019698
0.015978,0.016959,0.017703,0.016068,0.018357,0.015889,0.016342,0.016581,0.016739,0.01696,0.016181,0.01697,0.015834,0.016131,0.018676
0.01776,0.018453,0.016224,0.016656,0.018979,0.016174,0.016475,0.016646,0.01704,0.016583,0.016772,0.016941,0.016104,0.016646,0.017638
0.016723,0.017458,0.016478,0.016358,0.019463,0.016404,0.018674,0.016508,0.016905,0.01648,0.01682,0.016643,0.016718,0.016892,0.01858
0.016092,0.017734,0.016146,0.016098,0.01836,0.01621,0.016507,0.016617,0.016922,0.016446,0.016389,0.016688,0.016468,0.016928,0.017891
0.015467,0.017088,0.015891,0.019291,0.01706,0.01548,0.01724,0.015713,0.016814,0.015832,0.015764,0.015553,0.015483,0.015759,0.019133
0.015301,0.015926,0.015909,0.015397,0.016898,0.016592,0.015967,0.015904,0.016459,0.015796,0.015515,0.015868,0.016192,0.015894,0.016507
0.016034,0.016227,0.016067,0.016023,0.017566,0.016183,0.016484,0.016179,0.016643,0.016203,0.016444,0.016815,0.016595,0.016671,0.018234
0.016602,0.016523,0.016343,0.016444,0.017201,0.016473,0.016246,0.016602,0.016935,0.016463,0.016774,0.019419,0.01695,0.016757,0.018623
0.016663,0.016823,0.016524,0.016161,0.01916,0.016171,0.018891,0.016711,0.017458,0.016292,0.016932,0.016797,0.016626,0.017156,0.017417
0.016229,0.016879,0.016147,0.016096,0.016903,0.0162,0.01639,0.01736,0.016442,0.016331,0.016391,0.016619,0.016811,0.016849,0.024967
0.01568,0.01547,0.015441,0.016273,0.016823,0.015521,0.015972,0.015979,0.015915,0.01548,0.01578,0.016736,0.015636,0.016274,0.021103
0.015595,0.016155,0.015514,0.015863,0.01673,0.015647,0.015207,0.015688,0.016472,0.015343,0.015583,0.016243,0.015991,0.016591,0.019492
0.016237,0.016914,0.015867,0.015753,0.017303,0.015783,0.01586,0.015959,0.01696,0.01606,0.01628,0.016798,0.017248,0.016665,0.019366
0.016186,0.016291,0.016165,0.01644,0.017533,0.019954,0.0163,0.016262,0.017251,0.016304,0.016069,0.016865,0.016891,0.016669,0.017554
0.016564,0.017057,0.016145,0.016338,0.017446,0.017673,0.016426,0.016547,0.017486,0.016633,0.016666,0.016864,0.016881,0.017432,0.01679
0.016394,0.019781,0.016096,0.020045,0.018149,0.01638,0.016485,0.016532,0.017393,0.017312,0.016585,0.019078,0.016366,0.017454,0.016777
0.015476,0.017039,0.015216,0.016505,0.017591,0.016106,0.015781,0.015684,0.016917,0.015095,0.015913,0.016339,0.015906,0.016776,0.01612
0.015469,0.015398,0.015242,0.015244,0.017893,0.015918,0.015349,0.015637,0.016675,0.01537,0.01545,0.015889,0.015942,0.015806,0.017
0.015851,0.017172,0.021218,0.016029,0.017076,0.016184,0.016258,0.016403,0.016724,0.017246,0.016632,0.016557,0.016727,0.017114,0.016994
0.016167,0.016276,0.016089,0.016082,0.017639,0.017105,0.016621,0.016053,0.016849,0.016666,0.01692,0.016969,0.016926,0.016607,0.017258
0.016354,0.017091,0.01588,0.016219,0.01702,0.017191,0.01633,0.016247,0.016633,0.016821,0.016541,0.019057,0.0166,0.01695,0.016516
0.016222,0.016215,0.016039,0.016408,0.017466,0.016498,0.016028,0.016466,0.017584,0.016784,0.015789,0.016684,0.016833,0.016918,0.016874
0.015497,0.016299,0.015175,0.015966,0.017108,0.015518,0.015832,0.015617,0.016205,0.015424,0.015498,0.018472,0.016098,0.025943,0.016636
0.015213,0.016206,0.015914,0.018255,0.017428,0.015516,0.016869,0.015974,0.016173,0.015562,0.015369,0.015297,0.016423,0.015344,0.015632
0.016037,0.016964,0.015758,0.016218,0.01744,0.015796,0.016333,0.015829,0.016973,0.0166,0.01609,0.01612,0.016484,0.017495,0.016377
0.016134,0.017066,0.015985,0.016366,0.017237,0.017008,0.017541,0.016488,0.016937,0.016686,0.01627,0.018206,0.016709,0.016656,0.017399
0.01648,0.016815,0.016836,0.016613,0.017237,0.016109,0.016716,0.016449,0.016894,0.016888,0.016459,0.017914,0.016674,0.016289,0.016652
0.016766,0.016411,0.016265,0.016696,0.017494,0.016067,0.016266,0.016563,0.016735,0.016318,0.016239,0.015997,0.016545,0.017058,0.016224
0.015242,0.015997,0.015769,0.017771,0.017067,0.015143,0.01538,0.018978,0.01685,0.015149,0.015458,0.017741,0.015897,0.015571,0.01529
0.015581,0.01628,0.01761,0.016249,0.017148,0.015255,0.015325,0.018872,0.016456,0.016295,0.015505,0.015393,0.015749,0.015206,0.015715
0.01605,0.01599,0.015747,0.016206,0.019283,0.015924,0.016042,0.016447,0.016299,0.016233,0.01633,0.016365,0.016754,0.016089,0.016332
0.016373,0.016824,0.016428,0.018688,0.017764,0.016195,0.016164,0.01661,0.016729,0.016059,0.016998,0.017369,0.017121,0.01652,0.016918
0.01641,0.017284,0.016138,0.016229,0.021677,0.016596,0.016379,0.016663,0.016515,0.016224,0.017071,0.016227,0.016534,0.016374,0.016297
0.018725,0.020902,0.016276,0.016942,0.018828,0.016558,0.016339,0.019774,0.01614,0.016446,0.017096,0.016077,0.016607,0.016271,0.019585
0.025252,0.016245,0.015686,0.020746,0.01609,0.0164,0.015651,0.018137,0.015549,0.015426,0.015155,0.015432,0.016458,0.01578,0.015997
0.015513,0.016185,0.015621,0.01552,0.016405,0.015538,0.015228,0.01866,0.016752,0.015174,0.015607,0.015785,0.016742,0.015875,0.015497
0.016994,0.025247,0.016064,0.01942,0.016877,0.016123,0.016359,0.017463,0.01662,0.016495,0.016443,0.017053,0.016661,0.016088,0.018945
0.017153,0.016521,0.016048,0.016719,0.016882,0.016113,0.016225,0.017313,0.016998,0.016493,0.016683,0.016376,0.016995,0.016448,0.016394
0.016123,0.016211,0.017942,0.016307,0.016564,0.016365,0.015982,0.018458,0.016751,0.016853,0.016361,0.016665,0.016609,0.016408,0.016351
0.016351,0.015564,0.016464,0.016779,0.016779,0.016193,0.016315,0.017199,0.016719,0.016426,0.016403,0.017943,0.016458,0.016532,0.016766
0.01544,0.015213,0.016032,0.016336,0.016375,0.015716,0.015588,0.016294,0.015209,0.015614,0.015797,0.015363,0.015943,0.015695,0.015692
0.015679,0.015377,0.01616,0.015507,0.01641,0.015477,0.015545,0.016501,0.015672,0.015161,0.015449,0.015554,0.016149,0.015694,0.015248
0.015799,0.016126,0.016035,0.016087,0.016921,0.016138,0.015845,0.016958,0.015871,0.016085,0.016079,0.016169,0.017019,0.016293,0.016029
0.015784,0.016452,0.019209,0.016276,0.016777,0.016355,0.016292,0.018655,0.016395,0.016821,0.016324,0.016461,0.01708,0.016074,0.016421
0.016182,0.016201,0.015797,0.016355,0.016646,0.016377,0.016298,0.017758,0.016286,0.016406,0.018449,0.01625,0.016908,0.016005,0.016324
0.01609,0.016296,0.016949,0.01739,0.016775,0.016773,0.016201,0.017755,0.015937,0.016992,0.01754,0.016514,0.017421,0.018821,0.016349
0.01511,0.015535,0.024593,0.015073,0.016226,0.016055,0.01528,0.016455,0.015556,0.016123,0.015955,0.015626,0.016141,0.015477,0.015874
NaN,NaN,NaN,NaN,NaN,NaN,NaN,NaN,NaN,NaN,NaN,NaN,NaN,NaN,NaN
NaN,NaN,NaN,NaN,NaN,NaN,NaN,NaN,NaN,NaN,NaN,NaN,NaN,NaN,NaN
NaN,NaN,NaN,NaN,NaN,NaN,NaN,NaN,NaN,NaN,NaN,NaN,NaN,NaN,NaN
NaN,NaN,NaN,NaN,NaN,NaN,NaN,NaN,NaN,NaN,NaN,NaN,NaN,NaN,NaN
0.000162,0.000113,0.000168,0.000174,0.000167,0.000115,0.000104,0.000301,0.000154,0.000187,0.000163,0.00021,0.000147,0.000205,0.000163
0.59587,0.60589,0.59605,0.59061,0.65377,0.62612,0.62615,0.63605,0.6281,0.59901,0.61267,0.59876,0.60949,0.59531,0.60388
0.014038,0.014241,0.014315,0.014323,0.01487,0.014269,0.014631,0.014898,0.014666,0.014451,0.014058,0.014229,0.014349,0.014853,0.01428
0.013949,0.014208,0.013646,0.013694,0.015677,0.014964,0.014426,0.01506,0.01475,0.014348,0.014281,0.01411,0.014246,0.014678,0.01407
0.014225,0.014173,0.013815,0.013992,0.017523,0.015064,0.014552,0.014959,0.015493,0.01446,0.014199,0.014606,0.014447,0.01516,0.013929
0.014269,0.014367,0.014515,0.014694,0.01739,0.014559,0.014642,0.014956,0.01514,0.014102,0.014417,0.015886,0.014447,0.014147,0.014127
0.014666,0.01489,0.014634,0.014646,0.016563,0.014668,0.016168,0.015352,0.015217,0.014616,0.015048,0.014616,0.015211,0.014561,0.014313
0.022783,0.02647,0.026048,0.02902,0.029001,0.026419,0.027342,0.025816,0.022997,0.022521,0.026202,0.025792,0.026304,0.022652,0.021963
0.027891,0.030331,0.026725,0.029097,0.031909,0.029795,0.030888,0.028945,0.027095,0.030798,0.029418,0.026232,0.029835,0.030374,0.028744
0.026951,0.030936,0.026427,0.026673,0.031519,0.024115,0.031409,0.027148,0.02653,0.02776,0.030377,0.026064,0.026036,0.026944,0.026788
0.025478,0.029742,0.030028,0.028861,0.031109,0.032562,0.032295,0.028232,0.032698,0.030059,0.026459,0.025122,0.038781,0.027751,0.028657
0.028772,0.020623,0.025828,0.023017,0.01995,0.025477,0.021092,0.027443,0.030213,0.023719,0.019907,0.022754,0.016982,0.029073,0.02834
0.10352,0.08443,0.09728,0.094397,0.098385,0.14564,0.10466,0.13539,0.12256,0.1028,0.09244,0.10245,0.09439,0.094061,0.097266
0.025779,0.021884,0.020597,0.019119,0.019471,0.025396,0.020637,0.016687,0.019155,0.020504,0.017358,0.017406,0.016833,0.021271,0.020146
0.015961,0.015865,0.015728,0.015937,0.017283,0.01614,0.016902,0.016197,0.024095,0.015693,0.015821,0.015477,0.01572,0.015515,0.015411
0.015312,0.015735,0.016216,0.015583,0.0166,0.01608,0.017763,0.016111,0.016731,0.015836,0.015641,0.015358,0.016672,0.013359,0.01546
0.015081,0.016044,0.017853,0.015631,0.017605,0.016396,0.020067,0.017666,0.016844,0.018085,0.015948,0.015467,0.0161,0.017073,0.0149
0.014968,0.014997,0.015666,0.015003,0.016597,0.015709,0.016535,0.016337,0.016735,0.015499,0.015583,0.014993,0.015507,0.01486,0.014616
0.015396,0.01552,0.015393,0.015022,0.018747,0.016211,0.018424,0.016887,0.016614,0.015471,0.015627,0.015551,0.016834,0.015367,0.014731
0.016202,0.016079,0.01611,0.015723,0.019219,0.016387,0.017237,0.017767,0.016456,0.016047,0.016347,0.01576,0.017132,0.015851,0.015563
0.016049,0.016722,0.016177,0.015745,0.018925,0.016599,0.016975,0.017237,0.0275,0.016372,0.017131,0.01577,0.017343,0.016086,0.016136
0.015887,0.016464,0.016759,0.019893,0.019359,0.016711,0.017789,0.016864,0.017638,0.016363,0.016602,0.016169,0.017001,0.016132,0.016047
0.016016,0.016564,0.018722,0.016075,0.018227,0.017554,0.0178,0.016828,0.017108,0.016611,0.016516,0.016205,0.017936,0.016653,0.015994
0.015219,0.015632,0.016586,0.015218,0.01976,0.015824,0.016169,0.016794,0.016181,0.01564,0.015412,0.015763,0.01557,0.016159,0.015139
0.015309,0.015772,0.015901,0.015749,0.019465,0.019212,0.016372,0.016734,0.016414,0.015815,0.015706,0.015391,0.016361,0.017435,0.015316
0.016143,0.016073,0.016143,0.015823,0.020166,0.016337,0.016896,0.016486,0.017452,0.01692,0.016215,0.0164,0.016349,0.02607,0.016086
0.016572,0.016431,0.017126,0.016593,0.021006,0.016855,0.017524,0.016704,0.017535,0.016746,0.016891,0.016448,0.016557,0.017729,0.016303
0.016804,0.016511,0.017027,0.016427,0.019891,0.021154,0.018217,0.017045,0.017415,0.016933,0.016682,0.017806,0.017215,0.017349,0.016478
0.01685,0.017127,0.016892,0.016384,0.019842,0.016961,0.017818,0.016986,0.017211,0.016751,0.017002,0.016485,0.016914,0.015729,0.016114
0.01586,0.015528,0.016197,0.015783,0.019152,0.016573,0.017446,0.01694,0.028231,0.016008,0.016331,0.015622,0.015971,0.015716,0.015453
0.01592,0.01702,0.016199,0.015831,0.016829,0.016759,0.0174,0.016679,0.017488,0.016044,0.016779,0.015969,0.015758,0.020588,0.016089
0.017068,0.017757,0.016611,0.016246,0.018946,0.017176,0.018564,0.017265,0.027363,0.016327,0.016745,0.020095,0.016662,0.020826,0.016884
0.017267,0.017939,0.016624,0.019603,0.018693,0.017398,0.018743,0.016687,0.01756,0.016431,0.017437,0.017117,0.017059,0.017091,0.016583
0.017233,0.017709,0.016753,0.017405,0.018921,0.017408,0.017871,0.016931,0.017362,0.016754,0.017,0.01672,0.016901,0.016364,0.017172
0.016744,0.017434,0.019179,0.016571,0.019157,0.017017,0.017947,0.016838,0.016035,0.018355,0.017208,0.01643,0.016673,0.016978,0.016747
0.016122,0.015835,0.015995,0.015883,0.018271,0.016599,0.018065,0.016233,0.015976,0.015949,0.016472,0.015616,0.015908,0.015634,0.015943
0.016158,0.016221,0.01577,0.015284,0.018991,0.017329,0.017453,0.016359,0.015742,0.015374,0.016591,0.016847,0.016003,0.022752,0.0159
0.017092,0.016964,0.0173,0.016181,0.01881,0.017811,0.018717,0.017045,0.016845,0.016746,0.017253,0.016891,0.016563,0.016998,0.016388
0.017227,0.017237,0.017746,0.016371,0.018952,0.017512,0.018303,0.016962,0.017524,0.016502,0.017251,0.016694,0.01693,0.016688,0.016966
0.017088,0.016738,0.017413,0.017065,0.01829,0.01783,0.017993,0.017535,0.016758,0.016888,0.017536,0.018929,0.016851,0.018566,0.017562
0.016639,0.017297,0.017072,0.018436,0.019099,0.017386,0.017737,0.01674,0.01719,0.01661,0.017167,0.016788,0.016846,0.017423,0.016823
0.016277,0.016106,0.016889,0.015693,0.019954,0.017263,0.018422,0.016587,0.016242,0.016217,0.017789,0.015947,0.01623,0.0166,0.01604
0.016721,0.016177,NaN,0.015884,NaN,0.016995,0.01837,0.016885,0.015852,0.017087,0.016863,0.021515,0.015963,0.019693,0.016439
NaN,NaN,NaN,0.016326,NaN,0.016839,0.017755,0.016545,0.016586,0.016412,0.017111,0.016449,0.01648,0.023226,0.016738
NaN,NaN,NaN,0.016998,NaN,0.021101,0.017826,0.017239,0.016893,0.016916,0.016811,0.018411,0.017294,0.018107,0.016777
NaN,NaN,NaN,0.018342,NaN,0.01849,0.017454,0.018488,0.01696,0.019203,0.017279,0.016755,0.017129,0.018329,0.01765
NaN,NaN,0.000181,0.016706,0.00013,0.01782,0.017606,0.017876,0.016752,0.017641,0.017377,0.016688,0.016942,0.016858,0.017093
4.5e-05,0.00017,0.60811,NaN,0.65435,0.016984,NaN,NaN,0.016558,NaN,0.01681,0.017994,0.015989,NaN,0.016014
0.58532,0.62717,0.013786,NaN,0.014478,0.01739,NaN,NaN,0.016416,NaN,0.017254,0.01569,0.017797,NaN,0.016047
0.013653,0.014496,0.013937,NaN,0.014687,0.017164,NaN,NaN,0.016668,NaN,0.017773,0.01624,0.017411,NaN,0.016472
0.013377,0.013862,0.014074,NaN,0.014238,0.017466,NaN,NaN,0.016666,NaN,0.017785,0.016624,0.01725,NaN,0.02005
0.013505,0.01461,0.014199,0.000146,0.014953,0.017397,0.000132,0.000304,0.016949,0.000154,0.017798,0.016747,0.018282,0.000157,0.016705
0.013573,0.016445,0.014742,0.59161,0.015011,0.017645,0.63992,0.6579,0.017267,0.59358,0.017549,0.01701,0.017038,0.60854,0.016901
0.013683,0.015338,0.026058,0.01427,0.022299,0.016847,0.014737,0.014636,0.026002,0.014504,0.017849,0.015796,0.016278,0.016057,0.017797
0.021712,0.022525,0.029745,0.013884,0.035117,0.019296,0.014598,0.014455,0.016596,0.014086,0.017816,0.016108,0.016128,0.014235,0.016071
0.029298,0.026107,0.026661,0.014395,0.026964,0.017636,0.014076,0.015084,0.016486,0.01405,0.01798,0.016523,0.017188,0.014564,0.016701
0.024638,0.025739,0.029566,0.014597,0.035452,0.017645,0.017681,0.01533,0.027791,0.014352,0.017794,0.017086,0.017304,0.015098,0.01709
0.025524,0.02984,0.020663,0.014439,0.015648,0.017164,0.014847,0.015151,0.017022,0.014835,0.018286,0.01716,0.017293,0.014717,0.017162
0.0228,0.025566,0.085648,0.025568,0.090382,0.01772,0.026006,0.026426,0.016041,0.025427,0.018216,0.016715,0.017306,0.023901,0.016634
0.092931,0.097936,0.02296,0.030203,0.01553,0.016663,0.030113,0.028859,0.017017,0.026365,0.01674,0.015688,0.016401,0.031923,0.016358
0.019677,0.018937,0.0161,0.031643,0.015663,0.016643,0.032937,0.032795,0.016561,0.022849,0.016488,0.015902,0.016901,0.028639,0.016256
0.014638,0.017253,0.015605,0.027413,0.015433,0.017244,0.030218,0.030419,0.017371,0.029498,0.016834,0.0164,0.017451,0.032618,0.016469
0.01496,0.017056,0.015511,0.023636,0.01552,0.019855,0.020608,0.022166,0.016656,0.027938,0.017054,0.017723,0.017566,0.025211,0.016642
0.01434,0.015668,0.014941,0.095341,0.017238,0.017686,0.08739,0.10112,0.01695,0.098066,0.017595,0.017472,0.017315,0.099214,0.016873
0.01423,0.014798,0.015253,0.025123,0.018221,0.017414,0.018421,0.019998,0.017236,0.016769,0.017228,0.017522,0.017386,0.016555,0.016959
0.014277,0.014342,0.015616,0.016068,0.016325,0.016416,0.015813,0.018031,0.016428,0.01586,0.016253,0.016177,0.016761,0.016241,0.016564
0.014863,0.014898,0.016381,0.01677,0.017233,0.016851,0.017064,0.017903,0.016708,0.015554,0.016558,0.016123,0.01691,0.015851,0.016168
0.015188,0.015506,0.015927,0.024462,0.027376,0.019996,0.016193,0.017899,0.016619,0.015705,0.01697,0.016593,0.017555,0.016158,0.016855
0.015517,0.01544,0.016126,0.015371,0.024511,0.017456,0.016502,0.017499,0.017475,0.015054,0.017505,0.016771,0.017724,0.016087,0.017186
0.015699,0.015642,0.015397,0.017386,0.016881,0.01941,0.015312,0.017802,0.016632,0.015022,0.017065,0.01695,0.020523,0.015493,0.016374
0.015058,NaN,0.01517,0.01639,0.016399,0.017335,0.016893,0.017083,0.017076,0.016074,0.017187,0.017131,0.01774,0.015917,0.019445
0.014952,NaN,0.016081,0.016779,0.017041,0.016781,0.017104,0.018536,0.016244,0.01625,0.019127,0.016258,0.01686,0.016136,0.016445
0.015209,NaN,0.016506,0.016136,0.017415,0.020769,0.018269,0.018179,0.017767,0.016313,0.016277,0.015865,0.021339,0.016188,0.016596
0.015856,NaN,0.016938,0.017007,0.017801,0.017304,0.018001,0.01879,0.017686,0.01593,0.016641,0.016839,0.017375,0.016245,0.016619
0.015794,0.000199,0.017139,0.015856,0.017876,0.019183,0.016649,0.018938,0.017527,0.0154,0.019991,0.017092,0.01929,0.015772,0.016967
0.016002,0.60708,0.016154,0.015602,0.016299,0.016949,0.017888,0.019458,0.017005,0.015206,0.017548,0.016952,0.018075,0.015844,0.016796
0.015214,0.013439,0.016083,0.016519,0.016165,0.01779,0.017174,0.018377,0.027038,0.01602,0.017212,0.01711,0.01774,0.016775,0.017056
0.015414,0.013423,0.016484,0.016896,0.016557,0.019411,0.017797,0.020798,0.016848,0.016403,0.016862,0.016171,0.017611,0.017014,0.01606
NaN,0.013475,0.017173,0.017043,0.01683,0.017648,0.021273,0.020606,0.016646,0.016976,0.016257,0.016508,0.016628,0.017149,0.015855
NaN,0.014165,0.017579,0.016926,0.016927,NaN,0.017007,0.017725,0.017668,0.01716,0.016946,0.017103,0.017863,0.01692,0.016614
NaN,0.013942,0.019387,0.016634,0.01697,NaN,0.01652,0.017489,0.017572,0.01606,NaN,0.017212,0.017702,0.016017,0.01716
NaN,0.025535,0.015915,0.015908,0.015803,NaN,0.016489,0.016803,0.018165,0.019552,NaN,0.017397,0.018271,0.015973,0.017999
0.000146,0.029534,0.016057,0.017132,0.016631,NaN,0.017326,0.018088,0.017676,0.017087,NaN,0.017742,0.017361,0.017204,0.017266
0.62947,0.02632,0.018697,0.01679,0.017216,0.000176,0.017598,0.019115,NaN,0.017232,NaN,NaN,0.016642,0.017292,0.016174
0.014647,0.027193,0.017047,0.016759,0.017104,0.60843,0.018511,0.018944,NaN,0.019758,0.000169,NaN,0.016565,0.018639,0.015585
0.013756,0.022995,0.017009,0.017637,0.01716,0.014329,0.017717,0.020262,NaN,0.016991,0.53538,NaN,0.017132,0.017704,0.016442
0.014209,0.089503,0.016893,0.01584,0.016842,0.014056,0.016351,0.017427,NaN,0.016168,0.011518,NaN,0.017389,0.016356,0.016774
0.014369,0.025747,0.016499,0.019486,0.015603,0.014178,0.016204,0.017169,9.2e-05,0.016383,0.011449,0.000174,0.017377,0.016197,0.016915
0.014496,0.014639,0.016349,0.017023,0.01577,0.014313,0.017111,0.017633,0.544,0.016965,0.011772,0.49673,0.017683,0.016594,0.017072
0.021473,0.01454,0.016853,0.017231,0.016415,0.014521,0.017869,0.017859,0.009902,0.017161,0.011958,0.009344,0.01656,0.018133,0.016039
0.025934,0.018163,0.017367,0.017574,0.016362,0.025246,0.017882,0.018095,0.0104,0.017169,0.01216,0.009141,0.016277,0.017401,0.016827
0.025431,0.016266,0.016815,0.0172,0.016565,0.02902,0.018802,0.018472,0.010822,0.016397,0.021308,0.009184,0.017067,0.016937,0.016575
0.025473,0.014689,0.016776,0.016409,0.016908,0.030995,0.016541,0.016607,0.010789,NaN,0.025198,0.012492,0.017474,0.015752,0.016999
0.026839,0.018555,0.016067,0.016508,0.015774,0.030324,0.016744,0.016689,0.010488,NaN,0.023752,0.009747,0.017187,0.017016,0.020111
0.10023,0.015832,0.015721,0.017456,0.016017,0.022002,0.018103,0.016959,0.017022,NaN,0.024568,0.018009,0.017207,0.017294,0.016776
0.01984,0.016121,0.016493,0.017304,0.016502,0.08314,0.017217,0.017187,0.021919,NaN,0.024364,0.013931,0.016555,0.016708,0.015962
0.015676,0.018109,0.016673,0.017418,0.016813,0.019499,0.017824,0.017442,0.018902,0.000136,0.10664,0.017636,NaN,0.017437,0.016109
0.01553,0.015215,0.016508,0.016387,0.016903,0.015387,0.017458,0.017602,0.019767,0.46039,0.022163,0.017606,NaN,0.016742,0.01682
0.015398,0.014904,0.016676,0.019194,0.016973,0.014994,0.017021,0.016551,0.023198,0.008741,0.013432,0.023363,NaN,0.015847,0.01663
0.014798,0.015582,0.016084,0.016465,0.0169,0.014643,0.016649,0.016825,0.14288,0.008791,0.013291,0.13002,NaN,0.017224,NaN
0.015096,0.015742,0.015543,0.017271,NaN,0.014594,0.016849,0.020553,0.011871,0.008985,0.013037,0.018941,0.000117,0.016469,NaN
0.03503,0.015838,0.018924,0.016926,NaN,0.015146,0.017845,0.018756,0.012432,0.008933,0.012574,0.011674,0.54944,0.017221,NaN
0.025555,0.015947,0.017135,0.017108,NaN,0.015296,0.017273,0.018595,0.012371,0.009271,0.01282,0.010793,0.013375,0.016715,NaN
0.029082,0.015843,0.016699,0.016636,NaN,0.015742,0.016844,0.024822,0.012084,0.017803,0.013298,0.02117,0.013103,0.016677,0.00014
0.021471,0.015853,0.01646,0.016363,0.00017,0.015654,0.015899,0.020976,0.011305,0.017931,0.013373,0.012174,0.013327,0.017117,0.59691
0.015103,0.016388,0.015771,0.016458,0.60652,0.015412,0.017045,0.016923,0.01144,0.01809,0.01372,0.010338,0.013254,0.016945,0.013063
0.015197,0.016243,0.01592,0.019835,0.013546,0.015115,0.016317,0.017031,0.012442,0.017515,0.013888,0.013249,0.01334,0.017483,0.013148
0.016173,0.01634,0.016448,0.017169,0.013123,0.015155,0.016886,0.017577,0.012974,0.01767,0.013266,0.011419,0.025045,0.019293,0.013312
0.016324,0.016524,0.016792,0.017197,0.013184,0.015733,0.017441,0.0179,0.012344,0.1174,0.013055,0.011623,0.025758,0.019144,0.013112
0.016199,0.015392,0.016626,0.017694,0.013159,0.018547,0.019385,0.02185,0.012604,0.015951,0.013492,0.011714,0.024848,0.01777,0.013097
0.016568,0.016034,0.016901,0.018309,0.013529,0.016243,0.019351,0.021756,0.011876,0.010604,0.013865,0.011529,0.029017,0.017066,0.021304
0.015664,0.015928,0.016052,0.02626,0.022101,0.016253,0.016847,0.019977,0.013554,0.0103,0.014152,0.01106,0.021619,0.016256,0.027232
0.015582,0.016548,0.018289,0.019911,0.030106,0.015361,0.01737,0.01849,0.012699,0.010285,0.013865,0.011646,0.09106,0.019417,0.020883
0.016256,0.015699,0.017219,0.016825,0.026748,0.015414,0.017281,0.019052,0.011904,0.01046,0.013997,0.014334,0.024601,0.017782,0.023858
0.016427,0.016155,0.017117,0.016837,0.030616,0.01615,0.017678,0.017781,0.011792,0.009714,0.013659,0.01242,0.014668,0.018155,0.025098
0.016174,0.015361,0.016681,0.02006,0.022787,0.016991,0.018051,0.017154,0.012017,0.010341,0.013931,0.012351,0.014661,0.017313,0.11595
0.016469,0.015323,0.01712,0.01612,0.094653,0.016426,0.016952,0.016768,0.011252,0.010608,0.014175,0.014187,0.013876,0.016103,0.020272
0.015822,0.015791,0.016356,0.01615,0.021244,0.016306,0.016511,0.017851,0.011351,0.010686,0.014364,0.011199,0.01384,0.017227,0.014167
0.015459,0.016269,0.016212,0.019329,0.014807,0.01542,0.017309,0.017287,0.011559,0.011038,0.014373,0.011878,0.013665,0.01671,0.014398
0.016511,0.01613,0.01663,0.017179,0.01483,0.015423,0.017578,0.017442,0.013026,0.011066,0.013702,0.01218,0.014737,0.017365,0.01426
0.016831,0.016059,0.017609,0.017013,0.014339,0.017883,0.017574,0.017137,0.012196,0.010675,0.013851,0.016442,0.015012,0.016786,0.017039
0.01671,0.015308,0.016937,0.019838,0.014548,0.017514,0.017818,0.017106,0.012436,0.011561,0.013822,0.01254,0.015427,0.0171,0.014352
0.016711,0.015331,0.016744,0.016242,0.014108,0.017188,0.016054,0.016483,0.012469,0.01133,0.014912,0.011547,0.015094,0.01574,0.014513
0.01569,0.015752,0.016479,0.016738,0.014801,0.016589,0.01651,0.016319,0.012381,0.011194,0.014578,0.013123,0.014575,0.01573,0.015067
0.015596,0.016016,0.016449,0.017003,0.015154,0.016324,0.016635,0.019258,0.012642,0.011281,0.014606,0.019485,0.015122,0.019256,0.014818
0.016534,0.016286,0.017947,0.017236,0.01512,0.016475,0.017274,0.017558,0.012661,0.010372,0.013636,0.012771,0.0155,0.016725,0.015058
0.016658,0.015998,NaN,0.017224,0.015275,0.016851,0.017134,0.017475,0.012509,0.010257,0.013463,0.012341,0.015465,0.016601,0.015122
0.016854,0.015162,NaN,0.017575,0.014791,0.017682,0.017508,0.018971,0.012493,0.010824,0.014575,0.014006,0.015695,0.017143,0.01441
0.016898,0.015137,NaN,0.016603,0.014486,0.018684,0.015974,0.016569,0.011943,0.011231,0.014244,0.011451,0.015517,0.015895,0.014979
0.015719,0.015306,NaN,0.02393,0.015163,0.016671,0.016504,0.018103,0.01195,0.011339,0.014116,0.011121,0.01446,0.016106,0.015316
0.015507,0.015856,6.5e-05,0.01676,0.015791,0.016074,0.01678,0.017772,0.012166,0.011423,0.014371,0.01183,0.015105,0.017862,0.015914
0.016583,0.01613,0.45704,0.017126,0.015891,0.016729,0.01703,0.018604,0.013824,0.011614,0.013494,0.012114,0.015111,0.017599,0.015298
0.01731,0.015909,0.009243,0.017162,0.015698,0.017336,0.01748,0.018347,0.021063,0.010655,0.013142,0.012335,0.015875,0.017867,0.01464
0.016697,0.01513,0.008866,0.01674,0.014671,0.020125,0.017983,0.017902,0.012861,0.011137,0.01396,0.012549,0.015516,0.016808,0.014556
0.01674,0.015023,0.008695,0.016243,0.01496,0.017497,0.01639,0.017541,0.011783,0.011362,0.014364,0.012148,0.015669,0.021285,0.015283
0.01565,0.015518,0.008904,0.015906,0.016397,0.017375,0.016241,0.01775,0.011739,0.011163,0.014594,0.011581,0.015113,0.023673,0.015357
0.015606,0.01605,0.008872,0.016969,0.01643,0.017251,0.01664,0.017884,0.012519,0.014919,0.01485,0.011837,0.014706,0.016849,0.015488
0.016421,0.015869,0.013899,0.016649,0.015988,0.01594,0.016967,0.017779,0.012219,0.018102,0.013557,0.012246,0.015257,0.019274,0.015377
0.016726,0.0159,0.018986,0.01673,0.016088,0.017849,0.018579,0.019656,0.012497,0.010556,0.01325,0.012194,0.015781,0.017502,0.014108
0.016574,0.015302,0.018268,0.016753,0.015787,0.020188,0.018305,0.018667,0.012599,0.011187,0.013741,0.012589,0.015698,0.017546,0.017253
0.016717,0.015119,0.017437,0.015951,0.015298,0.017519,0.01609,0.01899,0.012243,0.012119,0.01417,0.012457,0.019626,0.016063,0.014973
0.015377,0.015787,0.017453,0.015807,0.015528,0.020742,0.016271,0.018246,0.011845,0.011306,0.014367,0.011475,0.014985,0.016361,0.01512
0.015424,0.015952,0.12221,0.016844,0.01612,0.016671,0.017022,0.017252,0.012472,0.011528,0.014184,0.012149,0.014905,0.019305,0.01537
0.016351,0.015986,0.018299,0.017164,0.015727,0.017985,0.016921,0.019849,0.012161,0.01138,0.013685,0.012217,0.015176,0.017111,0.015203
0.016098,0.015878,0.011562,0.016913,0.016363,0.020206,0.017269,0.017614,0.012863,0.010326,0.013417,0.012284,0.018561,0.016999,0.014681
0.016527,0.015202,0.010625,0.017117,0.015161,0.017756,0.017062,0.01754,0.01306,0.010988,0.013968,0.012146,0.0159,0.017805,0.014712
0.016486,0.014915,0.010212,0.016307,0.015283,0.017742,0.016245,0.016859,0.013138,0.011027,0.014168,0.011598,0.016126,0.016232,0.01545
0.015388,0.015338,0.010296,0.016042,0.015768,0.017442,0.016892,0.017092,0.011671,0.011336,0.014363,0.011345,0.014825,0.019177,0.015422
0.015069,0.015786,0.009545,0.017255,0.016641,0.01697,0.016782,0.017031,0.012126,0.011328,0.014495,0.011833,0.014583,0.016524,0.015645
0.016184,0.016163,0.010212,0.017238,0.016154,0.017053,0.016718,0.017862,0.012796,0.010815,0.014275,0.012317,0.014909,0.018607,0.015642
0.016047,0.015963,0.010748,0.017097,0.015949,0.01735,0.017396,0.017528,0.012892,0.010314,0.014968,0.012177,0.015906,0.017284,0.014316
0.016664,0.01521,0.010659,0.017091,0.016008,0.018205,0.016877,0.017515,0.012892,0.010822,0.014903,0.012294,0.015799,0.016682,0.017076
0.016245,0.01474,0.010753,0.016559,0.020123,0.019163,0.0163,0.016742,0.012456,0.011471,0.014247,0.011602,0.016026,0.020937,0.014923
0.01557,0.015808,0.011058,0.016774,0.015642,0.017277,0.016136,0.021203,0.012151,0.011293,0.0144,0.011391,0.014734,0.01606,0.015611
0.01516,0.016095,0.010363,0.016885,0.016066,0.016589,0.017214,0.01954,0.012645,0.011339,0.015781,0.011888,0.014477,0.016709,0.015273
0.01613,0.016328,0.01067,0.017176,0.016163,0.016199,0.01686,0.016801,0.012787,0.010934,0.017071,0.012211,0.015277,0.019469,0.01538
0.015967,0.018708,0.011258,0.016868,0.015866,0.016892,0.016835,0.017448,0.012822,0.010069,0.01646,0.012391,0.015941,0.017385,0.014625
0.015963,0.016017,0.011174,0.017158,0.015181,0.017558,0.016882,0.016918,0.012367,0.010733,0.015262,0.012474,0.016142,0.016797,0.014522
0.01643,0.014986,0.011148,0.016386,0.014708,0.017227,0.016072,0.016118,0.01162,0.010971,0.016761,0.011821,0.015655,0.01919,0.014966
0.015395,0.015798,0.011201,0.016348,0.015642,0.01714,0.016513,0.016036,0.012303,0.010829,0.015153,0.011265,0.014686,0.016167,0.015139
0.014884,0.016101,0.010735,0.017039,0.016368,0.016315,0.017181,0.017467,0.012147,0.011719,0.014641,0.011911,0.014492,0.016689,0.016197
0.015874,0.016213,0.011296,0.016994,0.016014,0.016633,0.017365,0.017447,0.012279,0.011819,0.013387,0.012159,0.015251,0.016731,0.015828
0.016246,0.016183,0.011333,0.01698,0.016051,0.016801,0.016608,0.017374,0.012298,0.010557,0.013511,0.012121,0.016925,0.016941,0.014415
0.016012,0.015057,0.011481,0.016839,0.015227,0.017028,0.016795,0.017145,0.012309,0.011237,0.014296,0.012073,0.015896,0.017234,0.014314
0.016124,0.015386,0.012858,0.01621,0.015138,0.01692,0.016215,0.016352,0.012584,0.011302,0.014764,0.011461,0.01593,0.016317,0.015122
0.015189,0.015839,0.011336,0.016365,0.015771,0.016857,0.016148,0.016271,0.011909,0.011296,0.014188,0.011206,0.014773,0.016526,0.015253
0.015218,0.016588,0.010209,0.01679,0.01654,0.016344,0.016628,0.018198,0.01208,0.011508,0.014207,0.011832,0.015048,0.018003,0.015634
0.015913,0.016258,0.011324,0.017224,0.016338,0.016176,0.017704,0.017501,0.012615,0.010337,0.013778,0.01228,0.015559,0.017444,0.015495
0.016082,0.015859,0.011294,0.017082,0.015757,0.01656,0.016822,0.018377,0.012976,0.010726,0.013262,0.012031,0.015636,0.016913,0.017153
0.016128,0.015015,0.015102,0.017198,0.016177,0.016958,0.016624,0.019172,0.012494,0.010796,0.013809,0.012104,0.01584,0.016986,0.015051
0.016099,0.015238,0.011344,0.016058,0.015436,0.017076,0.016062,0.018246,0.012706,0.011069,0.014154,0.011398,0.015784,0.016272,0.015262
0.015562,0.015707,0.01075,0.016165,0.015596,0.017214,0.016189,0.019676,0.024363,0.011246,0.014141,0.011401,0.015221,0.016248,0.015057
0.015057,0.016323,0.010314,0.016952,0.015809,0.015634,0.016959,0.018429,0.0132,0.011255,0.014351,0.011941,0.01525,0.016408,0.021874
0.015809,0.015945,0.011295,0.016876,0.016131,0.015751,0.017019,0.018101,0.01314,0.011165,0.013535,0.012441,0.015847,0.017051,0.015253
0.016204,0.016243,0.011669,0.017221,0.016024,0.016756,0.017259,0.018671,0.012685,0.010572,0.015342,0.012268,0.018431,0.016973,0.017804
0.015927,0.015179,0.011565,0.017256,0.015225,0.016814,0.017069,0.017482,0.013077,0.01093,0.013556,0.012189,0.016156,0.017206,0.014376
0.016316,0.015058,0.011459,0.015998,0.015268,0.01676,0.016216,0.018341,0.012304,0.011295,0.014187,0.011905,0.015896,0.016478,0.015153
0.01547,0.015875,0.010733,0.016212,0.016586,0.016698,0.016719,0.019234,0.012023,0.01132,0.014265,0.011337,0.015155,0.016442,0.014959
0.015057,0.016091,0.010555,0.01671,0.016007,0.015716,0.016995,0.016807,0.013055,0.01145,0.015433,0.015091,0.015425,0.016978,0.017424
0.015972,0.016008,0.011324,0.01703,0.01598,0.015816,0.017268,0.017111,0.01297,0.011394,0.013682,0.012704,0.015942,0.017914,0.015742
0.016161,0.015883,0.011654,0.017304,0.015603,0.016392,0.017106,0.017035,0.013069,0.01035,0.013509,0.012312,0.015996,0.017105,0.015563
0.01598,0.015186,0.011417,0.017018,0.015002,0.016933,0.017312,0.017047,0.012176,0.013846,0.014073,0.012761,0.016223,0.017192,0.014663
0.016183,0.015417,0.011424,0.016111,0.015833,0.01702,0.016331,0.016619,0.012076,0.011266,0.014255,0.011194,0.015812,0.016612,0.01552
0.015435,0.015818,0.01103,0.016222,0.015516,0.017168,0.016043,0.016649,0.012469,0.012226,0.014441,0.011504,0.018053,0.016142,0.015232
0.015251,0.016289,0.010574,0.01736,0.015924,0.015953,0.017106,0.016754,0.012495,0.01145,0.014388,0.01171,0.01553,0.01702,0.01531
0.017723,0.016388,0.011042,0.017416,0.015874,0.016762,0.017209,0.017302,0.013055,0.011021,0.013306,0.011965,0.01554,0.016971,0.01538
0.016068,0.016076,0.011493,0.017268,0.0163,0.017412,0.017268,0.016937,0.013666,0.013585,0.013466,0.012284,0.01664,0.016994,0.014535
0.016095,0.016258,0.011584,0.016783,0.015098,0.016994,0.017188,0.017588,0.013698,0.01069,0.017099,0.012378,0.01747,0.016964,0.014606
0.018612,0.016038,0.0116,0.016685,0.015422,0.016834,0.016391,0.016815,0.012042,0.010793,0.01413,0.011971,0.018365,0.0163,0.01513
0.015439,0.01615,0.011206,0.016444,0.016188,0.017012,0.016763,0.016734,0.021341,0.011369,0.014334,0.012093,0.016076,0.016178,0.015478
0.014842,0.01619,0.010495,0.0167,0.016216,0.015727,0.017779,0.017204,0.013144,0.011519,0.014577,0.012049,0.017067,0.01706,0.015604
0.0157,0.016206,0.010981,0.016977,0.016959,0.016595,0.018411,0.017861,0.012304,0.011419,0.01351,0.012005,0.016244,0.017182,0.015007
0.016298,0.015887,0.011313,0.017213,0.017556,0.016933,0.017484,0.017762,0.012689,0.010709,0.013607,0.012635,0.015904,0.017116,0.014761
0.015982,0.015219,0.011618,0.016791,0.015049,0.016525,0.01753,0.017639,0.012532,0.011226,0.014,0.01256,0.016788,0.017319,0.014341
0.016128,0.015685,0.011488,0.016085,0.017307,0.017095,0.01675,0.016522,0.012653,0.011319,0.014652,0.012599,0.019239,0.016014,0.015267
0.015182,0.015858,0.01397,0.015923,0.015733,0.016132,0.017509,0.016615,0.011667,0.011637,0.014152,0.012002,0.014834,0.015792,0.015414
0.014969,0.01616,0.010943,0.016554,0.016271,0.015602,0.016784,0.016644,0.012443,0.011382,0.014446,0.012093,0.017161,0.016367,0.015162
0.015542,0.016141,0.01104,0.01688,0.015925,0.016285,0.017378,0.017162,0.012775,0.010789,0.01616,0.012388,0.015215,0.016281,0.01531
0.016216,0.016072,0.011195,0.017027,0.01619,0.01689,0.017088,0.017358,0.012472,0.01016,0.013705,0.012285,0.016303,0.016407,0.014619
0.016001,0.015211,0.0114,0.016786,0.014861,0.016889,0.017387,0.017568,0.012549,0.010996,0.014186,0.012214,0.017979,0.016675,0.015034
0.016457,0.015241,0.011387,0.016203,0.015372,0.017697,0.017057,0.016283,0.012322,0.011294,0.01446,0.012628,0.016315,0.015706,0.014882
0.015259,0.015694,0.011228,0.015959,0.015828,0.01666,0.017239,0.016129,0.01212,0.010928,0.014532,0.01124,0.014979,0.0157,0.015437
0.015223,0.016205,0.010487,0.016367,0.015862,0.015873,0.01694,0.018559,0.012737,0.011351,0.016738,0.012029,0.014682,0.01721,0.015526
0.015779,0.016152,0.011276,0.016937,0.016034,0.016161,0.01705,0.017763,0.01265,0.010851,0.013895,0.012475,0.015396,0.016832,0.015481
0.016397,0.016264,0.01151,0.016955,0.016624,0.017005,0.017019,0.01795,0.012607,0.010334,0.013869,0.01254,0.01587,0.016159,0.014561
0.016102,0.015296,0.011536,0.016708,0.015582,0.016931,0.017107,0.018102,0.013212,0.01136,0.015909,0.012804,0.015853,0.016534,0.014658
0.017046,0.015291,0.01132,0.016197,0.015186,0.017346,0.016223,0.01793,0.012494,0.011448,0.014409,0.011558,0.015932,0.015463,0.015007
0.016796,0.015593,0.010937,0.015819,0.015521,0.016857,0.01619,0.020956,0.012611,0.011549,0.014581,0.011069,0.01592,0.015667,0.015534
0.015447,0.016068,0.010547,0.016767,0.018583,0.017449,0.017164,0.016941,0.012841,0.011306,0.014118,0.012084,0.015327,0.016781,0.015405
0.016407,0.016267,0.011204,0.017223,0.016456,0.016478,0.017372,0.017621,0.012693,0.010675,0.018283,0.012182,0.01566,0.017073,0.015197
0.016522,0.015975,0.011557,0.01698,0.015903,0.017157,0.017236,0.017412,0.01306,0.010277,0.013445,0.012403,0.016056,0.017012,0.014559
0.01649,0.015109,0.011953,0.016949,0.01507,0.017051,0.017323,0.017436,0.012949,0.010967,0.014311,0.012224,0.015743,0.017221,0.014803
0.016804,0.015186,0.013771,0.016248,0.015218,0.017566,0.016352,0.016694,0.012173,0.013516,0.017675,0.011938,0.01658,0.01628,0.014776
0.015714,0.01557,0.011081,0.016463,0.015842,0.016878,0.016047,0.017275,0.011698,0.011446,0.014526,0.011406,0.015187,0.016809,0.015356
0.015575,0.016327,0.010737,0.01697,0.016159,0.016306,0.017346,0.016902,0.013259,0.01126,0.014275,0.012475,0.015503,0.016942,0.015731
0.016738,0.016643,0.011052,0.017332,0.016321,0.016429,0.017412,0.017489,0.013064,0.01069,0.014937,0.012145,0.016275,0.0169,0.015645
0.016826,0.016007,0.01154,0.017425,0.016512,0.017318,0.017911,0.017815,0.013211,0.010378,0.013546,0.012708,0.016088,0.016684,0.014591
0.016384,0.015535,0.011684,0.017777,0.015334,0.017489,0.019415,0.017883,0.012801,0.011305,0.01409,0.012292,0.016463,0.01714,0.014857
0.020137,0.015531,0.011468,0.016254,0.015253,0.017266,0.018026,0.016849,0.014343,0.011206,0.014609,0.011983,0.015858,0.015903,0.015518
0.015725,0.016102,0.011609,0.016157,0.015847,0.017085,0.017402,0.016925,0.012168,0.011329,0.014458,0.011119,0.015439,0.01593,0.015347
0.015663,0.019209,0.010771,0.016954,0.016983,0.016636,0.017533,0.017623,0.01228,0.011401,0.014715,0.011985,0.014458,0.016327,0.015622
0.01643,0.016504,0.011541,0.017337,0.016392,0.016006,0.017599,0.01789,0.012425,0.010569,0.013627,0.012586,0.015696,0.016656,0.015235
0.016733,0.01613,0.011878,0.017433,0.016616,0.017503,0.017675,0.017626,0.013295,0.010258,0.013897,0.012308,0.016128,0.016928,0.014903
0.016819,0.017627,0.011554,0.017449,0.016447,0.0176,0.018387,0.017582,0.012728,0.011019,0.014231,0.012235,0.015861,0.019074,0.014714
0.016895,0.015418,0.013485,0.016629,0.015802,0.017117,0.017919,0.016942,0.012327,0.011308,0.014467,0.011815,0.015633,0.016195,0.015936
0.015836,0.015891,0.01062,0.016357,0.016157,0.017726,0.017866,0.017039,0.01181,0.011477,0.014446,0.011513,0.014782,0.015822,0.015924
0.017424,0.01664,0.011109,0.017185,0.016054,0.016411,0.017611,0.017612,0.012633,0.011429,0.014521,0.012078,0.01481,0.016113,0.015465
0.016568,0.016829,0.011234,0.01729,0.016554,0.016515,0.018179,0.017673,0.012554,0.010924,0.013902,0.012288,0.015375,0.016858,0.015398
0.016424,0.016344,0.011417,0.017558,0.016252,0.016903,0.020356,0.017316,0.012757,0.013191,0.013467,0.012253,0.015866,0.016561,0.014865
0.016965,0.015306,0.011799,0.017603,0.015836,0.017164,0.018187,0.017646,0.012946,0.011392,0.014221,0.012249,0.015624,0.016706,0.014787
0.016956,0.015552,0.011704,0.016447,0.016262,0.016848,0.01694,0.016377,0.013,0.011667,0.014738,0.011539,0.015824,0.016287,0.015276
0.018392,0.015554,0.01282,0.016735,0.01587,0.017068,0.016696,0.017017,0.012075,0.011696,0.014827,0.011205,0.015334,0.016692,0.015545
0.015857,0.01616,0.010795,0.017711,0.016344,0.016304,NaN,NaN,0.012949,0.011544,0.014861,0.011992,0.014577,NaN,0.015522
0.016495,0.01641,0.011659,0.017959,0.016226,0.015772,NaN,NaN,0.012575,0.010988,0.013622,0.012239,0.015155,NaN,0.015468
0.017799,0.01604,0.01143,NaN,0.016403,NaN,NaN,NaN,0.012793,0.010728,0.013762,0.012236,0.015651,NaN,0.014948
0.016829,0.015669,0.013606,NaN,0.016016,NaN,NaN,NaN,0.012794,0.011247,0.014125,0.012126,0.015736,NaN,0.014711
0.016889,0.015357,0.011446,NaN,0.015226,NaN,0.00014,0.000148,0.012222,0.011518,0.01455,0.011888,0.015564,0.000172,0.014963
0.020028,0.015698,0.010898,NaN,0.016389,NaN,0.60505,0.58698,0.011991,0.011552,0.014476,0.011433,0.014745,0.61005,0.01546
0.016371,0.016068,0.010495,8.2e-05,0.016447,0.000152,0.013528,0.01432,0.012299,0.011425,0.014573,0.012272,0.014817,0.013858,0.015889
0.018404,0.016075,0.012949,0.56002,0.01596,0.55598,0.014134,0.013725,0.0123,0.011017,0.014124,0.012054,0.01531,0.01367,0.015656
0.017216,0.016457,0.013935,0.013952,0.016078,0.01283,0.013199,0.013458,0.012611,0.013112,0.013513,0.01244,0.015492,0.013811,0.014978
0.017023,0.017795,0.011529,0.01465,0.016926,0.012801,0.013717,0.014484,0.012443,0.011237,0.014183,0.012271,0.015591,0.013583,0.01442
0.019826,0.015454,0.011332,0.014428,0.015584,0.013198,0.013964,0.013979,0.012216,0.0115,0.014357,0.011815,0.015694,0.014119,0.014711
0.016462,0.015844,0.013956,0.014555,0.015939,0.013352,0.021911,0.021832,0.011633,0.01108,0.014296,0.011369,0.015419,0.024889,0.015168
0.01615,0.016376,0.010678,0.01422,0.016052,0.013,0.031208,0.026516,0.011709,0.011212,0.014867,0.012954,0.0146,0.02503,0.015235
0.016896,0.016147,0.011001,0.019427,0.016212,0.02204,0.027309,0.026707,0.014462,0.011044,0.013693,0.012347,0.015274,0.026062,0.015319
0.017162,0.016087,0.011252,0.021669,0.01629,0.023967,0.026638,0.027928,0.012586,0.010404,0.013365,0.01214,0.015949,0.031014,0.015164
0.017395,0.0183,0.011433,0.01972,0.015429,0.025396,0.021552,0.026396,0.012437,0.011229,0.014523,0.012155,0.016513,0.021453,0.014763
0.01705,0.015861,0.012805,0.022093,0.015569,0.024676,0.092557,0.10067,0.012223,0.012014,0.014481,0.011564,0.015625,0.095446,0.015153
0.016575,0.015879,0.011563,0.025287,0.015933,0.024688,0.018973,0.024251,0.011754,0.011276,0.014212,0.011449,0.01468,0.025033,0.015422
0.01685,0.016258,0.010758,0.20612,0.016104,0.098468,0.014622,0.015885,0.012871,0.011341,0.014144,0.012172,0.014756,0.015577,0.015929
0.016967,0.015937,0.010822,0.023509,0.016168,0.024927,0.015247,0.01544,0.012519,0.013543,0.013541,0.012023,0.015215,0.015132,0.015316
0.017181,0.016001,0.011552,0.015344,0.01702,0.015124,0.015092,0.015182,0.012337,0.010668,0.013421,0.012532,0.015657,0.014945,0.014618
0.017374,0.017215,0.01137,0.015088,0.018839,0.01476,0.014303,0.014528,0.012265,0.011314,0.013925,0.012692,0.01551,0.014533,0.014771
0.017262,0.015767,0.011284,0.015065,0.015646,0.014164,0.014508,0.014642,0.011756,0.011487,0.014385,0.011663,0.015724,0.014369,0.014611
0.016502,0.015982,0.011427,0.014262,0.015904,0.013537,0.015217,0.015438,0.011649,0.013972,0.01415,0.01156,0.014728,0.014935,0.015085
0.016242,0.016521,0.010823,0.01472,0.016035,0.013995,0.015469,0.015529,0.011821,0.013736,0.015046,0.011989,0.014774,0.015122,0.01488
0.016301,0.01631,0.011259,0.015107,0.01601,0.014805,0.015263,0.015872,0.012268,0.010429,0.013733,0.012443,0.015475,0.01568,0.01522
0.017115,0.016424,0.011426,0.01599,0.016198,0.014864,0.016002,0.015939,0.012522,0.010428,0.013753,0.012493,0.015708,0.015462,0.014294
0.017133,0.015434,0.011731,0.016188,0.014856,0.014955,0.01492,0.015866,0.012654,0.013495,0.013991,0.012046,0.015723,0.01501,0.014277
0.016938,0.015899,0.011652,0.016228,0.015759,0.015492,0.014837,0.015735,0.013966,0.011529,0.014264,0.011841,0.015671,0.015129,0.015045
0.016039,0.017703,0.010743,0.015555,0.015682,0.014341,0.015899,0.016316,0.01278,0.011173,0.014401,0.011258,0.014945,0.01572,0.015218
0.016008,0.016937,0.010447,0.01561,0.016085,0.014285,0.016112,0.016464,0.012075,0.011404,0.013916,0.012281,0.015193,0.016316,0.014986
0.016523,0.016269,0.011095,0.015437,0.015995,0.015127,0.01712,0.016525,0.012544,0.010696,0.013632,0.012122,0.015425,0.015956,0.015201
0.016905,0.016169,0.011278,0.015941,0.015941,0.015312,0.025505,0.017586,0.01217,0.011292,0.013657,0.012279,0.015978,0.016302,0.014109
0.017105,0.015409,0.01143,0.016502,0.015605,0.015413,0.015515,0.016611,0.012324,0.01122,0.013995,0.012275,0.015569,0.015343,0.014577
0.017008,0.01723,0.011335,0.017243,0.015724,0.015299,0.017352,0.016142,0.012335,0.011212,0.014201,0.011674,0.015755,0.015488,0.015053
0.016209,0.016136,0.01113,0.015904,0.016856,0.014811,0.016467,0.017268,0.011413,0.012101,0.014572,0.011347,0.015186,0.016181,0.015051
0.015913,0.016429,0.010646,0.015846,0.016252,0.014944,0.016414,0.016977,0.012044,0.011717,0.014527,0.011924,0.014883,0.016367,0.015197
0.016374,0.019356,0.011197,0.015995,0.016152,0.015384,0.016784,0.01693,0.012327,0.011787,0.014167,0.01228,0.015817,0.016552,0.01535
0.016667,0.016289,0.011529,0.016121,0.016306,0.01563,0.016796,0.017242,0.011984,0.011137,0.015647,0.01237,0.015832,0.01676,0.014329
0.016856,0.015381,0.01133,0.015987,0.01538,0.015843,0.015807,0.015783,0.014044,0.011184,0.014315,0.012264,0.015571,0.015727,0.014328
0.016627,0.021016,0.011503,0.016208,0.015667,0.015999,0.016207,0.015934,0.011815,0.011344,0.014513,0.012043,0.015529,0.015448,0.014715
0.015803,0.016086,0.011585,0.016551,0.016994,0.014843,0.016228,0.016421,0.01175,0.011814,0.014399,0.011475,0.014794,0.016075,0.015398
0.015935,0.018556,0.011689,0.049968,0.01606,0.01528,0.016367,0.016349,0.011855,0.011684,0.014484,0.011991,0.014989,0.016434,0.015095
0.016682,0.016142,0.011406,0.029854,0.017606,0.01572,0.016735,0.016686,0.012358,0.011773,0.013179,0.011877,0.01585,0.016207,0.015319
0.016926,0.016269,0.011679,0.02223,0.016124,0.015611,0.016476,0.017298,0.012609,0.011095,0.013165,0.012164,0.015757,0.017026,0.014282
0.016916,NaN,0.011458,0.02164,0.015288,0.01575,0.016015,0.015693,0.012404,0.011451,0.014223,0.01185,0.015661,0.015644,0.014145
0.01672,NaN,0.011608,0.020997,0.015381,0.016149,0.015637,0.016094,0.014026,0.011885,0.014229,0.012378,0.015929,0.015515,0.014824
0.015761,NaN,0.011322,0.021383,0.01757,0.014967,0.016265,0.016603,0.011777,0.011821,0.014624,0.011229,0.014654,0.016285,0.015014
0.015893,NaN,0.010413,0.022059,0.015976,0.014771,0.027807,0.016803,0.012049,0.011689,0.014042,0.011548,0.014901,0.016461,0.015242
0.016775,0.000144,0.010898,0.022585,0.016103,0.015553,0.016104,0.016458,0.013993,0.010859,0.013577,0.011755,0.015549,0.016505,0.015106
0.017109,0.5983,0.011297,0.025871,0.016125,0.015583,0.015383,0.016306,0.012516,0.010715,0.013421,0.012267,0.015578,0.016593,0.014457
0.016921,0.013234,0.011427,0.025488,0.014953,0.015655,0.015807,0.015551,0.012476,NaN,0.013774,0.012388,0.015967,0.015355,0.014093
0.017135,0.013374,0.01141,0.02092,0.01549,0.01616,0.02401,0.016311,0.012317,NaN,0.014408,0.012242,0.015959,0.015336,0.01467
0.015893,0.013394,0.011608,0.021568,0.015482,0.015009,0.015722,0.01705,0.013369,NaN,0.014627,0.01113,0.015107,0.01603,0.015318
0.015806,0.013259,0.010761,0.022254,0.016341,0.014656,0.01616,0.017272,0.013377,NaN,0.014098,0.011741,0.01484,0.016231,0.01524
0.016593,0.013503,0.010948,0.023752,0.016161,0.015475,0.016097,0.017354,0.012159,0.000196,0.013605,0.014204,0.015418,0.016134,0.01524
0.016956,0.025335,0.011359,0.022295,0.015916,0.016177,0.016171,0.017354,0.012586,0.48232,0.01375,0.0124,0.015613,0.016421,0.014556
0.016573,0.025051,0.011272,0.023617,0.015283,0.016049,0.015455,0.01607,0.014509,0.008939,0.013787,0.012819,0.015726,0.015402,0.014305
0.016993,0.025062,0.011504,0.021132,0.016285,0.015939,0.015375,0.016366,0.012265,0.008775,0.014703,0.012779,0.015662,0.015687,0.014956
0.015704,0.025959,0.010906,0.022244,0.01563,0.015027,0.015819,0.016909,0.011909,0.008809,0.01451,0.014607,0.014873,0.016103,0.015422
0.015721,0.029343,0.010346,0.02681,NaN,0.014684,0.016133,0.017187,0.012257,0.008839,0.01454,0.0126,0.015196,0.016407,NaN
0.016669,0.10428,0.010937,0.023849,NaN,0.015509,0.015979,0.017486,0.014785,0.009195,0.013591,0.013212,0.015849,0.016548,NaN
0.016978,0.025803,0.011236,0.020097,NaN,0.015819,0.01593,0.017395,0.012175,0.013955,0.013722,0.012548,0.015814,0.016637,NaN
0.016963,0.015904,0.011355,0.019408,NaN,0.015676,0.018297,0.016074,0.012514,0.017997,0.014306,0.012862,0.015798,0.015456,NaN
0.017022,0.015184,0.011304,0.016326,0.000162,0.01586,0.015416,0.015762,0.012246,NaN,0.013822,0.022097,0.015863,0.015395,0.000211
0.015869,0.015113,0.010902,0.016085,0.44089,0.014936,0.015602,0.016539,0.011466,NaN,0.014467,0.013437,0.015014,0.01671,0.44578
0.015831,0.014189,0.01061,0.015178,0.008804,0.015045,0.015751,0.016529,0.011876,NaN,0.0143,0.01193,0.014868,0.01634,0.008642
0.016726,0.025621,NaN,0.015785,0.008811,0.015696,0.016085,0.016792,NaN,NaN,0.013816,NaN,0.015323,0.016746,0.009144
0.017264,0.015142,NaN,NaN,0.008777,0.015977,0.016035,0.016616,NaN,0.000184,0.013317,NaN,0.015731,0.016668,0.00895
0.016771,0.015385,NaN,NaN,0.008655,0.015694,0.015775,0.015873,NaN,0.60352,0.013981,NaN,0.015807,0.015561,0.008857
0.016859,0.015166,NaN,NaN,0.009133,0.015941,0.015493,0.015864,NaN,0.013309,0.014393,NaN,0.015567,0.015411,0.009121
0.016068,0.015253,0.000193,NaN,0.01733,0.015146,0.017615,0.016646,0.000196,0.01305,0.014014,0.000106,0.014717,0.016152,0.013473
0.015679,0.01453,0.47537,0.000257,0.017071,NaN,0.016625,NaN,0.52275,0.012784,0.014264,0.47216,0.015016,0.016247,0.018072
0.016452,0.014835,0.009469,0.45192,0.020146,NaN,0.016105,NaN,0.009824,0.013004,0.013421,0.008847,0.015302,0.016844,0.020058
0.016655,0.015003,0.008972,0.008752,0.01666,NaN,0.01591,NaN,0.00949,0.013248,0.013338,0.008872,0.016368,0.016952,0.017249
0.016827,0.015565,0.009005,0.008841,0.019411,NaN,0.015591,NaN,0.009525,0.024972,0.013851,0.009007,0.015732,NaN,0.020839
0.017088,0.017635,0.008937,0.009234,0.13437,9.2e-05,0.01491,0.000177,0.009723,0.029626,0.014261,0.008942,0.01564,NaN,0.12343
0.015904,0.015794,0.009306,0.008926,0.018101,0.48355,0.018487,0.50247,0.009706,0.025175,0.014197,0.009099,0.015124,NaN,0.010507
0.01581,0.015494,0.017321,0.009012,0.011378,0.009088,0.016282,0.00948,0.018453,0.028598,0.01406,0.013887,0.014921,NaN,0.01026
0.01628,0.015611,0.01775,0.013876,0.010687,0.008713,0.017937,0.009325,0.017384,0.022209,0.013528,0.018706,0.015174,3.6e-05,0.010269
0.016844,0.015802,0.023415,0.018348,0.010304,0.008776,0.016107,0.009759,0.020105,0.098888,0.01358,0.01902,0.015439,0.49031,0.010627
0.016642,NaN,0.018951,0.017692,0.010068,0.010349,0.015232,0.009706,0.028766,0.021641,0.014379,0.017047,0.015584,0.008969,0.010385
NaN,NaN,0.017707,NaN,NaN,0.009633,0.018963,0.009573,0.023442,0.014261,0.013955,0.017864,0.015454,0.009209,NaN
NaN,NaN,0.12199,NaN,NaN,0.014617,0.024441,0.013918,0.13008,0.014275,0.014323,0.12223,NaN,0.008861,NaN
NaN,NaN,NaN,NaN,NaN,0.016779,0.017535,0.017745,NaN,0.01414,0.014585,NaN,NaN,0.009307,NaN
NaN,0.000175,NaN,NaN,NaN,0.019101,0.016361,0.018595,NaN,0.01374,0.013324,NaN,NaN,0.009242,NaN
0.000195,0.46683,NaN,0.000162,0.00017,0.016596,0.016572,0.018149,NaN,NaN,0.013551,NaN,NaN,0.013668,0.000116
0.48682,0.009421,NaN,0.4663,0.45444,0.017081,0.016006,0.01896,NaN,NaN,0.013637,NaN,0.000115,0.019721,0.57138
0.012084,0.00898,0.000175,0.008953,0.009165,NaN,0.025348,NaN,0.00015,NaN,0.014296,0.000163,0.53418,0.018152,0.009322
0.008778,0.008922,0.59148,0.008694,0.009061,NaN,0.016446,NaN,0.62492,NaN,0.014289,0.64701,0.011692,0.017744,0.009299
0.009155,0.008795,0.013514,0.009073,0.009532,NaN,0.016526,NaN,0.014207,0.000143,0.014283,0.022862,0.011274,0.017452,0.009025
0.009121,0.009421,0.013179,0.009197,0.009049,NaN,0.016398,NaN,0.014629,0.50613,0.013544,0.022105,0.011387,0.12771,0.011251
0.009699,0.018734,0.01356,0.009129,0.009152,0.000165,0.016371,0.000199,0.01464,0.009224,0.01338,0.018694,0.01157,0.014755,0.010387
0.021597,0.017371,0.01347,0.019322,0.014014,0.46741,0.015743,0.5316,0.014141,0.009228,0.014965,0.013731,0.011753,0.010142,0.015853
0.022854,0.022614,0.013827,0.022312,0.017531,0.009416,0.016198,0.009823,0.013994,0.008999,0.014205,0.013942,0.021158,0.010199,0.019662
0.022167,0.019082,0.026158,0.016972,0.018899,0.010901,0.016939,0.009311,0.028107,0.009285,0.014471,0.022124,0.026061,0.01044,0.027343
NaN,NaN,0.02532,NaN,NaN,0.008713,0.016873,0.009628,0.026137,0.009385,NaN,0.028123,0.02298,NaN,NaN
NaN,NaN,0.025414,NaN,NaN,0.012696,0.016738,0.010088,0.025692,0.013715,NaN,0.02552,0.022704,NaN,NaN
NaN,NaN,0.028573,NaN,NaN,0.010463,0.016791,0.010085,0.029406,0.018311,NaN,0.028534,0.023487,NaN,NaN
NaN,NaN,0.023133,NaN,NaN,0.017095,0.015307,0.014782,0.03332,0.016567,NaN,0.026356,0.10517,NaN,NaN
5.9e-05,0.000159,0.095634,0.000164,0.000263,0.016888,0.015652,0.015611,0.11601,0.017011,0.00018,0.097669,0.013697,0.000188,0.000158
0.46309,0.4891,0.020584,0.45898,0.46804,0.020583,0.015776,0.010644,0.021084,0.02088,0.47374,0.0208,0.013233,0.48892,0.54665
0.009201,0.010682,0.014855,0.008766,0.009848,0.018497,0.016213,0.011012,0.016773,0.12362,0.009055,0.015047,0.013605,0.009274,0.009018
0.008766,0.009499,0.0152,0.009063,0.011307,0.0177,0.01635,0.01151,0.015903,0.01335,0.008805,0.015271,NaN,0.009369,0.009222
0.009004,0.009241,0.015236,0.00884,0.008991,0.12065,0.016283,0.21017,0.016383,0.010728,0.009124,0.015077,NaN,0.009353,0.009158
0.008952,0.009406,0.013999,0.008879,0.009,0.017518,0.015634,0.01159,0.016055,0.010448,0.0092,0.014239,NaN,0.009489,0.009133
0.009347,0.009549,NaN,0.009153,0.009097,0.011068,NaN,0.010845,NaN,NaN,0.009157,NaN,NaN,0.009509,0.009363
0.013567,0.017575,NaN,0.012954,0.017808,0.010136,NaN,0.012749,NaN,NaN,0.01364,NaN,0.000176,0.013471,0.017292
0.017833,0.018127,NaN,0.016583,0.017502,0.010316,NaN,0.012187,NaN,NaN,0.018402,NaN,0.46559,0.017809,0.017329
0.019533,0.018196,NaN,0.016481,0.021606,0.010246,NaN,0.011492,NaN,NaN,0.016807,NaN,0.00896,0.020439,0.019822
0.016998,0.017455,0.000158,0.016803,0.018351,0.012142,0.000211,0.010432,0.000113,0.000167,0.016544,0.000105,0.008839,0.017386,0.016754
0.020583,0.017418,0.46452,0.01694,0.023031,0.01033,0.49537,0.011783,0.4929,0.477,0.020084,0.49092,0.008778,0.020428,0.021093
0.13047,0.12655,0.008781,0.13135,0.12542,NaN,0.009119,NaN,0.008867,0.009832,0.13415,0.00952,0.008824,0.13334,0.12468
0.018316,0.018342,0.008847,0.017768,0.019739,NaN,0.008948,NaN,0.008806,0.011128,0.015995,0.009321,0.008922,0.01408,0.018428
0.011666,0.010914,0.008844,0.011416,0.010783,NaN,0.008853,NaN,0.008933,0.008995,0.010626,0.010033,0.01694,0.010418,0.011266
0.010228,0.010553,0.008847,0.010355,0.010445,NaN,0.008886,NaN,0.008876,0.008979,0.010252,0.009445,0.017502,0.010371,0.010567
0.01312,0.010369,0.008972,0.010501,0.010247,0.000165,0.011939,0.000154,0.010174,0.009018,0.010142,0.009932,0.023195,0.010367,0.010468
0.010336,0.010484,0.017173,0.010594,0.01051,0.46184,0.022536,0.52639,0.017107,0.017421,0.009936,0.013625,0.016854,0.009922,0.010436
0.009915,0.010045,0.01808,0.010015,0.009621,0.008909,0.023261,0.010265,0.013566,0.023332,0.009652,0.017727,0.019963,0.009873,0.010042
0.010443,0.010275,0.018182,0.010438,0.010428,0.008962,0.019186,0.010241,0.017234,0.022299,0.010063,0.018115,0.15169,0.010532,0.010283
0.010648,0.010684,0.018352,0.011924,0.010471,0.008905,0.018119,0.010448,0.016995,0.024904,0.010418,0.017239,0.017308,0.010463,0.011053
0.010917,0.010866,0.021156,0.010975,0.010578,0.00916,0.025775,0.011223,0.018004,0.018345,0.010779,0.018008,0.019765,0.010588,0.010562
0.010973,0.011015,0.11454,0.010795,0.010707,0.009514,0.10127,0.010411,0.13247,0.12279,0.01086,0.1289,0.010724,0.010691,0.011057
0.010729,0.010736,0.017236,0.011056,0.010591,0.017297,0.017732,0.027308,0.014736,0.01136,0.011158,0.018799,0.010315,0.010932,0.011272
0.009839,0.010415,0.011259,0.010803,0.01007,0.017495,0.01119,0.025834,0.010567,0.010695,0.010548,0.01132,0.009624,0.01032,0.010888
0.010527,0.010802,0.010312,0.010738,0.010708,0.021361,0.010521,0.010914,0.011324,0.010686,0.010747,0.010333,0.012473,0.011027,0.010824
0.011095,0.011075,0.010528,0.011362,0.010986,0.017174,0.01044,0.010831,0.010244,0.012512,0.011186,0.010718,0.010302,0.011272,0.011176
0.011197,0.011278,0.009673,0.011437,0.010807,0.021656,0.01056,0.010647,0.010553,0.010724,0.011118,0.0107,0.010565,0.011185,0.011238
0.011226,0.01141,0.010067,0.011331,0.011069,0.116,0.013289,0.20735,0.01002,0.00991,0.011166,0.01074,0.010753,0.011111,0.011134
0.011483,0.011062,0.010114,0.011202,0.011224,0.013164,0.010529,0.011017,0.010551,0.010756,0.011358,0.011516,0.010666,0.01054,0.011183
0.010635,0.010678,0.010673,0.010904,0.01084,0.010725,0.010971,0.010808,0.010464,0.010565,0.010902,0.011002,0.010921,0.01032,0.011549
0.01094,0.011932,0.010943,0.011273,0.011263,0.010538,0.010719,0.011079,0.010956,0.010806,0.011272,0.011767,0.010683,0.011213,0.011682
0.011479,0.011467,0.010749,0.011248,0.011103,0.010802,0.011147,0.011196,0.010768,0.0106,0.011355,0.011009,0.010283,0.011345,0.011498
0.01118,0.011424,0.010841,0.011457,0.011401,0.010558,0.010977,0.011026,0.010893,0.010551,0.011489,0.011102,0.010789,0.011461,0.011983
0.01144,0.011565,0.010117,0.011606,0.011265,0.010041,0.010172,0.010591,0.010562,0.010256,0.01137,0.012133,0.01127,0.01145,0.011682
0.010972,0.011014,0.010692,0.011702,0.011003,0.010391,0.010785,0.010972,0.010853,0.011164,0.011373,0.011203,0.011151,0.010804,0.01078
0.010409,0.0108,0.011046,0.010863,0.010494,0.010924,0.011419,0.011076,0.011183,0.0117,0.010083,0.011421,0.011289,0.011014,0.011605
0.010885,0.011611,0.011042,0.011456,0.011073,0.01093,0.011648,0.011948,0.011174,0.011701,0.01097,0.011322,0.010913,0.011114,0.011227
0.011463,0.011671,0.011197,0.011632,0.01116,0.011044,0.011291,0.011391,0.011084,0.013229,0.011502,0.011408,0.01097,0.012743,0.011703
0.011189,0.011699,0.011266,0.015276,0.011323,0.010935,0.010969,0.01255,0.010445,0.012456,0.011659,0.011639,0.011194,0.011341,0.011714
0.011328,0.011491,0.01098,0.011517,0.011402,0.010347,0.010814,0.012445,0.010712,0.011288,0.011646,0.011184,0.011533,0.011415,0.011351
0.010991,0.010833,0.011021,0.01187,0.011291,0.011522,0.011316,0.012462,0.010982,0.016867,0.012642,0.011227,0.011397,0.011164,0.013452
0.012749,0.010749,0.011448,0.011311,0.010896,0.011224,0.011452,0.012796,0.01144,0.014208,0.011606,0.011867,0.011553,0.010487,0.010753
0.011147,0.01136,0.011713,0.011283,0.011075,0.011673,0.011466,0.013975,0.011378,0.014363,0.011423,0.01176,0.010755,0.011297,0.011127
0.01146,0.011428,0.011471,0.011932,0.011286,0.011347,0.014183,0.01388,0.011293,0.014149,0.011658,0.01156,0.011226,0.011396,0.011894
0.011552,0.011726,0.011331,0.011679,0.011304,0.010776,0.011541,0.013315,0.011388,0.015418,0.011386,0.011288,0.01141,0.011466,0.011611
0.011448,0.011716,0.010385,0.011706,0.011426,0.010736,0.011005,0.012474,0.010845,0.012184,0.01151,0.01371,0.011275,0.013424,0.011776
0.011491,0.011375,0.011037,0.011526,0.010663,0.011631,0.011454,0.012305,0.01121,0.012228,0.011523,0.012733,0.011557,0.010647,0.011397
0.010598,0.01103,0.011334,0.010659,0.010505,0.011612,0.011537,0.01273,0.011558,0.011522,0.010975,0.01175,0.010979,0.010578,0.010521
0.01079,0.011375,0.011345,0.011793,0.011421,0.011719,0.011488,0.014066,0.011675,0.011774,0.01102,0.011933,0.01051,0.013068,0.011457
0.011267,0.011609,0.011143,0.011092,0.011509,0.011415,0.011768,0.012345,0.011491,0.012913,0.011475,0.011529,0.010974,0.011372,0.011448
0.011472,0.011677,0.011267,0.011257,0.011388,0.011193,0.010932,0.011942,0.011542,0.013142,0.011578,0.01128,0.011573,0.011603,0.011487
0.011656,0.011732,0.010792,0.011581,0.011477,0.010922,0.010748,0.012047,0.01045,0.011693,0.011444,0.011103,0.01148,0.011411,0.011889
0.01151,0.010787,0.011185,0.01151,0.010986,0.011161,0.011271,0.012267,0.011216,0.011641,0.011254,0.012361,0.011533,0.012492,0.011127
0.010565,0.010765,0.011464,0.01075,0.010633,0.011586,0.011587,0.012634,0.011252,0.011529,0.01104,0.011698,0.010982,0.012896,0.010561
0.011131,0.011615,0.011437,0.010911,0.01129,0.011577,0.011619,0.012479,0.011553,0.011629,0.011736,0.011441,0.010446,0.011121,0.01123
0.010944,0.011543,0.01191,0.011365,0.011289,0.011615,0.014155,0.013189,0.01139,0.011236,0.011459,0.013425,0.011195,0.011562,0.011437
0.011321,0.01149,0.011344,0.012361,0.011578,0.011042,0.011152,0.012771,0.010591,0.012377,0.011466,0.011161,0.011435,0.014136,0.011656
0.011211,0.011306,0.010638,0.011755,0.011298,0.01093,0.010661,0.012325,0.010475,0.011018,0.011389,0.010624,0.011344,0.011585,0.011729
0.013677,0.011024,0.011671,0.011622,0.01097,0.011259,0.011391,0.013281,0.010969,0.013865,0.011189,0.011264,0.011388,0.011073,0.011079
0.010997,0.010681,0.011464,0.010643,0.010424,0.011522,0.011723,0.014472,0.01138,0.011649,0.010647,0.011564,0.012191,0.010661,0.010554
0.011077,0.011238,0.011704,0.011298,0.010996,0.011827,0.011993,0.013739,0.011467,0.011734,0.011113,0.015699,0.011599,0.011181,0.011177
0.011481,0.01138,0.011597,0.011777,0.011399,0.011604,0.011784,0.013709,0.011657,0.012604,0.011425,0.011678,0.011453,0.013766,0.011401
0.011393,0.011736,0.011184,0.011484,0.011412,0.0111,0.013774,0.012576,0.011395,0.012113,0.011538,0.011424,0.011681,0.011354,0.011571
0.011749,0.01151,0.010713,0.01153,0.011441,0.010485,0.018423,0.012125,0.010918,0.011595,0.011513,0.012357,0.01199,0.011299,0.011382
0.011364,0.011772,0.011037,0.011525,0.011242,0.01132,0.011409,0.012687,0.011357,0.012461,0.011452,0.011124,0.011773,0.011367,0.011917
0.010669,0.010863,0.011201,0.010567,0.010808,0.011609,0.012149,0.01268,0.012373,0.013431,0.010715,0.011425,0.011757,0.012143,0.012687
0.01098,0.011717,0.011534,0.010985,0.011516,0.011538,0.011749,0.012806,0.011191,0.016104,0.01165,0.011649,0.011054,0.012191,0.011577
0.011403,0.01159,0.011324,0.011616,0.011558,0.011769,0.011815,0.01292,0.01137,0.01289,0.011558,0.011496,0.011661,0.011572,0.011476
0.011559,0.01185,0.011528,0.011643,0.011342,0.010988,0.011781,0.012493,0.011292,0.01254,0.011365,0.01341,0.011788,0.011939,0.011741
0.014984,0.011755,0.011171,0.011432,0.011512,0.010443,0.012606,0.013351,0.010894,0.014309,0.011455,0.010826,0.011775,0.01159,0.011334
0.011121,0.011166,0.011411,0.010867,0.010556,0.011553,0.013886,0.012985,0.011189,0.011579,0.011402,0.011089,0.011917,0.011905,0.010753
0.010802,0.010831,0.011505,0.01041,0.010661,0.012092,0.011449,0.013283,0.011282,0.011858,0.011055,0.011587,0.011072,0.011174,0.010608
0.011281,0.01174,0.011468,0.011266,0.010986,0.01156,0.011389,0.012808,0.011321,0.011522,0.011187,0.01147,0.011168,0.011618,0.01153
0.011655,0.012005,0.011486,0.011693,0.011369,0.011529,0.013623,0.013876,0.01127,0.01365,0.011438,0.011529,0.012015,0.011505,0.011649
0.011499,0.011586,0.011574,0.011396,0.011188,0.010773,0.011483,0.012966,0.011297,0.01104,0.011387,0.011715,0.011654,0.011682,0.011521
0.011557,0.011664,0.010539,0.011394,0.011342,0.011057,0.010538,0.012487,0.01254,0.010571,0.011525,0.010963,0.011908,0.011842,0.011652
0.010707,0.011099,0.011137,0.010963,0.011498,0.011197,0.01098,0.013541,0.013362,0.011523,0.010889,0.011898,0.011778,0.01225,0.010859
0.012264,0.011233,0.014129,0.010513,0.01052,0.011597,0.011209,0.013973,0.011293,0.01138,0.010407,0.012729,0.010999,0.010942,0.010741
0.011332,0.011531,0.011953,0.011815,0.01104,0.011744,0.013085,0.013635,0.012262,0.012614,0.011464,0.012245,0.010893,0.011408,0.011059
0.011661,0.011784,0.011727,0.011421,0.0113,0.011648,0.011259,0.012534,0.01166,0.0115,0.01171,0.012544,0.011211,0.011351,0.011335
0.01403,0.011625,0.010938,0.011627,0.011626,0.011432,0.011547,0.011654,0.010933,0.011691,0.011539,0.010995,NaN,0.012055,0.011417
0.011516,0.01128,NaN,0.011684,0.011372,NaN,NaN,NaN,NaN,NaN,0.01166,NaN,NaN,0.011756,0.013792
0.010901,0.011121,NaN,0.011167,0.011446,NaN,NaN,NaN,NaN,NaN,0.010609,NaN,NaN,0.011655,0.011546
0.010475,0.011008,NaN,0.010635,0.010472,NaN,NaN,NaN,NaN,NaN,0.010465,NaN,NaN,0.011062,0.011104
0.011215,0.01155,NaN,0.013771,0.011101,NaN,NaN,NaN,NaN,NaN,0.011274,NaN,0.000139,0.011598,0.011495
0.016224,0.011617,0.000165,0.011552,0.011237,0.000183,0.000198,0.000156,0.000168,0.000364,0.011238,5.1e-05,0.56249,0.011982,0.011597
0.011535,0.011815,0.60193,0.011883,0.01124,0.57809,0.61282,0.59185,0.6176,0.60183,0.011162,0.5896,0.012904,0.011648,0.011645
0.011382,0.01192,0.013454,0.011468,0.011381,0.013817,0.014029,0.013744,0.013442,0.013148,0.011576,0.013386,0.012935,0.011737,0.011614
0.013403,0.011835,0.013427,0.010668,0.011611,0.013423,0.013625,0.013656,0.013657,0.013124,0.011368,0.013049,0.013165,0.011578,0.011095
NaN,NaN,0.013957,NaN,NaN,0.013387,0.014054,0.013756,0.013741,0.013312,NaN,0.013527,0.012935,NaN,NaN
NaN,NaN,0.013427,NaN,NaN,0.013364,0.013111,0.013189,0.013548,0.013002,NaN,0.016322,0.01342,NaN,NaN
NaN,NaN,0.013411,NaN,NaN,0.013663,0.013776,0.013771,0.013994,0.014085,NaN,0.013615,0.025753,NaN,NaN
NaN,NaN,0.025572,NaN,NaN,0.026492,0.027371,0.026036,0.022369,0.021735,NaN,0.02176,0.025559,NaN,NaN
0.000159,0.000174,0.029086,0.000182,0.000172,0.030212,0.029347,0.028547,0.031547,0.026203,0.000158,0.031472,0.033986,5.1e-05,0.00015
0.47732,0.54986,0.025434,0.45578,0.46871,0.026048,0.027982,0.025551,0.025994,0.025427,0.47735,0.025248,0.028235,0.57784,0.46305
0.009472,0.009881,0.028289,0.008924,0.009688,0.025888,0.027316,0.028952,0.026626,0.028228,0.009065,0.02896,0.020137,0.009303,0.009085
0.009233,0.009167,0.023239,0.008632,0.009188,0.018771,0.021104,0.022214,0.023195,0.024814,0.008742,0.02264,0.095881,0.009574,0.008897
0.009343,0.009455,0.097068,0.00911,0.008704,0.094175,0.096003,0.092739,0.10691,0.094798,0.009085,0.092921,0.023318,0.009448,0.009393
0.009307,0.013248,0.02375,0.008999,0.009054,0.025042,0.023647,0.018091,0.015041,0.019279,0.009088,0.018494,0.014552,0.013056,0.009016
0.009818,0.010571,0.01507,0.009276,0.009093,0.014993,0.014626,0.014861,0.014673,0.014765,0.009325,0.01494,0.015633,0.009823,0.009111
0.017431,0.01829,0.015401,0.018915,0.01754,0.015407,0.014798,0.015485,0.015519,0.015056,0.013634,0.014885,0.015629,0.018145,0.013525
0.017645,0.022613,0.015248,0.013853,0.017407,0.015317,0.015286,0.015653,0.015287,0.015272,0.018215,0.015496,0.013794,0.010981,0.018162
0.018017,0.025911,0.014412,0.018685,0.020613,0.014575,0.014487,0.014733,0.014368,0.014825,0.016676,0.014529,0.01663,0.017557,0.021145
0.016957,0.021043,0.014766,0.016838,0.017726,0.015059,0.014773,0.014966,0.014806,0.014625,0.017272,0.017764,0.014959,0.01785,0.016622
0.017869,0.0208,0.014957,0.020493,0.022213,0.015401,0.015347,0.015299,0.015106,0.014789,0.01327,0.015565,0.015151,0.020525,0.017149
0.12242,0.13838,0.015583,0.13519,0.12722,0.015623,0.01524,0.015903,0.015513,0.015501,0.14584,0.015323,0.020389,0.19164,0.12456
0.01561,0.012032,0.015749,0.012092,0.018163,0.015392,0.015462,0.015714,0.015832,0.015674,0.01535,0.015659,0.015364,0.01298,0.015196
0.011127,0.010807,0.015525,0.011161,0.014175,0.015575,0.01586,0.015905,0.015917,0.017372,0.010346,0.015696,0.014355,0.010545,0.010643
0.010343,0.011482,0.015248,0.010418,0.011443,0.015178,0.015085,0.015145,0.014836,0.015586,0.010661,0.015002,0.016566,0.010914,0.010409
0.010545,0.011989,0.015294,0.010507,0.01057,0.015039,0.017243,0.015392,0.015776,0.015708,0.010538,0.015014,0.015124,0.013739,0.010647
0.010156,0.011247,0.015598,0.010128,0.010546,0.016007,0.01561,0.015595,0.015604,0.016747,0.009982,0.015977,0.015929,0.011223,0.009825
0.010548,0.022604,0.016073,0.011538,0.011353,0.015983,0.015971,0.015977,0.016746,0.016776,0.009903,0.016058,0.016535,0.012785,0.009991
0.010779,0.014711,0.016104,0.010621,0.010386,0.016281,0.015923,0.015922,0.016491,0.016246,0.01056,0.016186,0.015712,0.011724,0.010316
0.01311,0.013051,0.016119,0.010545,0.010591,0.016109,0.01606,0.016122,0.016105,0.016875,0.010429,0.016308,0.01528,0.011254,0.010488
0.011277,0.011688,0.015571,0.010716,0.010763,0.015468,0.015238,0.015231,0.015218,0.015413,0.010701,0.015525,0.015289,0.013694,0.011381
0.01116,0.011604,0.015218,0.011952,0.011044,0.015754,0.015533,0.015534,0.015607,0.015113,0.011658,0.01808,0.015835,0.013491,0.010941
0.010991,0.0143,0.016184,0.011088,0.013387,0.016196,0.015905,0.01576,0.016033,0.01677,0.010803,0.016731,0.01602,0.016499,0.010879
0.01022,0.011026,0.016128,0.011238,0.010442,0.016445,0.016487,0.016718,0.016504,0.016874,0.010043,0.016616,0.01647,0.011167,0.010498
0.014625,0.011831,0.016483,0.010935,0.010433,0.016471,0.017481,0.016705,0.01652,0.017195,0.010848,0.016463,0.016676,0.012913,0.010782
0.011711,0.011616,0.01635,0.010773,0.011018,0.01605,0.016479,0.016858,0.016042,0.018934,0.011223,0.016271,0.015849,0.011381,0.011476
0.011467,0.01356,0.015538,0.011268,0.011236,0.015505,0.016912,0.016299,0.015239,0.01542,0.011265,0.015463,0.015897,0.011561,0.01105
0.01156,0.012345,0.015589,0.011501,0.011126,0.015676,0.016156,0.016607,0.015353,0.015073,0.011441,0.015641,0.016107,0.013704,0.011333
0.011338,0.011364,0.01617,0.012538,0.011549,0.0163,0.015964,0.017146,0.015809,0.016055,0.010832,0.016208,0.016002,0.014015,0.011295
0.011734,0.013889,0.01644,0.011661,0.011065,0.016473,0.016207,0.017231,0.016376,0.016032,0.010609,0.016453,0.016572,0.01369,0.010578
0.011513,0.011266,0.016247,0.011937,0.0111,0.016433,0.016188,0.016854,0.015948,0.015852,0.011209,0.020197,0.015748,0.011332,0.011527
0.011445,0.012811,0.016168,0.012362,0.011431,0.016362,0.016297,0.017225,0.016423,0.016495,0.011482,0.016774,0.015902,0.016754,0.011651
0.011865,0.01192,0.015828,0.011335,0.011492,0.015743,0.015579,0.016696,0.015365,0.015167,0.011424,0.015349,0.015021,0.011759,0.011812
0.011707,0.011316,0.015638,0.01133,0.011512,0.015642,0.015694,0.016439,0.015408,0.018062,0.011949,0.015749,0.016004,0.011568,0.01259
0.011666,0.013099,0.016176,0.010626,0.011711,0.016669,0.016005,0.016732,0.015996,0.016018,0.010963,0.01602,0.016486,0.01308,0.010372
0.010915,0.01245,0.016412,0.011029,0.010795,0.016581,0.018039,0.016645,0.016262,0.01626,0.010606,0.017499,0.015932,0.015696,0.010527
0.01135,0.012303,0.016387,0.011303,0.011092,0.01668,0.016408,0.016885,0.016495,0.01599,0.011219,0.017297,0.01615,0.013141,0.011101
0.011556,0.011516,0.016286,0.011438,0.011276,0.015768,0.016572,0.017143,0.016566,0.017107,0.011389,0.018917,0.015047,0.01175,0.011787
0.011657,0.011871,0.015424,0.011618,0.012032,0.015643,0.015331,0.016864,0.015554,0.018799,0.011437,0.015837,0.016092,0.014511,0.011716
0.011415,0.012659,0.016089,0.011463,0.011377,0.016214,0.015719,0.016342,0.015485,0.015442,0.011541,0.01525,0.016034,0.012017,0.011646
