1.2719
0.15807
0.090343
0.075434
NaN
0.099787
NaN
0.086745
0.054168
0.052159
0.050276
0.026385
0.026245
0.027865
0.023766
0.026444
0.050763
0.027093
0.024179
0.030671
0.036012
0.026096
0.049147
0.025586
0.024891
0.02555
0.023978
0.030232
0.048091
0.049192
0.02471
0.02805
0.036772
0.042152
0.054027
0.043058
0.034073
0.028309
0.024552
0.026577
0.0562
NaN
0.036687
0.027106
0.030869
0.026853
0.025222
0.050723
0.034106
0.036039
0.035597
0.026083
0.033599
0.060485
0.026754
0.026298
0.02686
0.026588
0.025994
0.050625
0.027856
0.030397
0.036165
0.031316
0.025886
0.052599
0.028674
0.026589
0.026313
0.024672
0.024711
0.047327
0.02735
0.025502
0.024433
0.023724
0.025909
0.047804
0.024638
0.025534
0.024734
0.024113
0.02451
0.04696
0.0255
0.023368
0.02385
0.025232
0.024955
0.045174
0.024036
0.024298
0.023547
0.02405
0.024941
0.048504
0.024102
0.035108
0.036994
0.025163
0.02412
0.047144
0.023391
0.024757
0.024244
0.023783
0.024264
0.047181
0.024846
0.035811
0.023736
0.023932
0.025379
0.044301
0.02274
0.022883
0.024483
0.03582
0.026131
0.053008
0.025565
0.024242
0.025194
0.022242
0.028265
0.050187
0.036013
0.026974
0.027105
0.026381
0.024039
0.05384
0.024428
0.023406
0.023669
0.023361
0.034932
0.049337
0.02542
0.023801
0.024012
0.023416
0.023933
0.045114
0.026326
0.029349
0.024022
0.025332
0.024728
0.048263
0.024726
0.024484
0.025922
0.024328
0.024299
0.048745
0.032788
0.036116
0.025307
0.025864
0.025211
0.054492
0.027144
0.025167
0.026295
0.026525
0.026609
0.052144
0.02564
0.027138
0.02702
0.025231
0.026277
0.052687
0.034094
NaN
NaN
NaN
NaN
1.3252
0.15111
0.086935
0.069493
0.094911
NaN
0.085667
NaN
0.063015
0.051918
0.053197
0.029629
0.028128
0.027197
0.03087
0.028136
0.067167
NaN
0.028395
0.031288
0.040082
0.030943
0.0296
0.059328
0.028764
0.030876
0.029031
0.029726
0.030667
0.061988
0.028591
0.031024
0.034701
0.047988
0.043727
0.065124
0.037057
0.036068
0.027719
0.028214
0.028125
0.052581
0.027409
0.032437
0.029754
0.031764
0.039697
0.062569
NaN
0.029722
0.030685
0.027303
0.029455
0.03702
0.055831
0.029259
0.03573
0.035951
0.028287
0.03129
0.065297
