1.0522
0.15445
0.077422
0.061861
0.089478
0.07781
0.047571
0.046996
0.045562
0.025476
0.025283
0.023045
0.024569
0.023217
0.050595
0.025057
0.022796
0.024092
0.024213
0.021994
0.043225
0.030714
0.024238
0.024698
0.034567
0.022226
0.050895
0.036887
0.035672
0.023908
0.035191
0.027836
0.052908
0.031429
0.03008
0.027867
0.023584
0.02621
0.041622
0.026604
0.025218
0.023439
0.025835
0.023596
0.042684
0.023811
0.023782
0.023234
0.023265
0.023169
0.041551
0.022866
0.022852
0.024527
0.031145
0.035894
0.048894
0.024083
0.025393
0.033892
0.024312
0.023688
0.04421
0.025464
0.024419
0.024532
0.024736
0.037378
0.044077
0.024848
0.025353
0.024825
0.024294
0.024797
0.045257
0.023351
0.024296
0.023266
0.023638
0.023761
0.043435
0.03549
0.02351
0.022988
0.024006
0.023993
0.04345
0.023775
0.024309
0.025075
0.024506
0.023764
0.047322
0.029175
0.022444
0.038387
0.023597
0.023251
0.044145
0.02398
0.024121
0.02822
0.022719
0.024444
0.049444
0.028678
0.024891
0.033558
0.024212
0.024128
0.04667
0.023692
0.025041
0.025736
0.024385
0.024381
0.041741
0.023695
0.024605
0.024796
0.023187
0.025133
0.047313
0.023949
0.02491
0.023588
0.022671
0.023329
0.043898
0.026912
0.023499
0.02498
0.023674
0.022869
0.053395
0.024427
0.026199
0.025079
0.023206
0.024474
0.047001
0.036598
0.023269
0.025198
0.024652
0.024485
0.042306
0.024978
0.023194
0.02786
0.023613
0.036092
0.040975
0.032644
0.023222
0.025916
0.023469
0.022316
0.044502
0.027541
0.02475
0.02367
0.022454
0.037196
0.046859
0.024392
0.025047
0.022967
0.023656
0.024589
0.042825
0.023686
0.02352
0.023671
0.023582
0.023451
0.067178
0.040671
0.035279
0.025195
0.035825
0.022863
0.042647
0.023986
0.024373
0.022674
0.024489
0.022485
0.04342
0.023631
0.023763
0.024064
0.024827
0.024094
0.048768
0.02387
0.022962
0.023739
0.036852
0.022577
0.043598
0.030063
0.023626
0.024582
0.025334
0.033114
0.042584
0.02895
0.023345
0.025021
0.024814
0.023406
0.045565
0.024199
0.025821
0.023094
0.024003
0.025283
0.052298
0.023957
0.023067
0.023883
0.023946
0.022994
0.039644
0.023881
0.023216
0.027031
0.022308
0.0217
0.046099
0.023732
0.024881
0.025489
0.02514
0.023828
0.045588
0.02248
0.025184
0.023805
0.023516
0.022318
0.043137
0.025066
0.030515
0.023609
0.036997
0.027566
0.039715
0.022963
0.024253
0.031714
0.026705
0.025183
0.043425
0.023921
0.023925
0.02526
0.023072
0.025736
0.041209
0.02558
0.024231
0.023954
0.023213
0.023544
0.041399
0.024739
0.023421
0.023397
0.023432
0.02811
0.039598
0.023148
0.023688
0.023223
0.022978
0.021993
0.04177
0.023071
0.022241
0.022473
0.022075
0.022963
0.040039
0.023456
0.035371
0.023852
0.022836
0.023878
0.039323
0.023387
0.023566
0.022736
0.022692
0.024314
0.040831
0.026205
0.031736
0.023091
0.025245
0.040102
0.039487
0.021778
0.024254
0.023473
0.023735
0.023239
0.03953
0.022449
0.029723
0.024566
0.023916
0.023643
0.042276
0.023985
0.024096
0.023365
0.023173
0.024274
0.041593
0.024916
0.021849
0.022167
0.021831
0.029287
0.043839
0.030064
0.022149
0.025647
0.023857
0.023487
0.042836
0.03058
0.035911
0.023935
0.024446
0.023418
0.048777
0.036449
0.02415
0.023821
0.023784
0.023447
0.046887
0.023918
0.023423
0.025421
0.025129
0.024767
0.048574
0.02579
0.023905
0.024484
0.022388
0.023409
0.048229
0.022152
0.022246
0.025908
0.024822
0.036757
0.044591
0.023836
0.023742
0.027118
0.026336
0.024296
0.045665
0.026464
0.025282
0.022819
0.02246
0.022672
0.039328
0.024844
0.035007
0.022141
0.024225
0.02496
0.043011
0.022276
0.022664
0.022298
0.02376
0.033974
0.041398
0.023142
0.032268
0.022533
0.023549
0.022072
0.045619
0.023088
0.030768
0.023905
0.023004
0.021818
0.03985
0.023611
0.021912
0.026031
0.021604
0.022465
0.041801
0.025731
0.023139
0.03243
0.02261
0.022429
0.040731
0.023621
0.02359
0.021875
0.023283
0.023614
0.049881
0.023621
0.02389
0.02297
0.023668
0.022751
0.0413
0.023477
0.022226
0.022635
0.021851
0.022101
0.040018
0.022527
0.022648
0.023248
0.027592
0.02252
0.048159
0.0222
0.022692
0.024231
0.023975
0.025691
0.038407
0.033343
0.035153
0.022455
0.023753
0.024996
0.047077
0.02706
0.021647
0.022121
0.027627
0.023147
0.040767
0.023677
0.022474
0.023015
0.022289
0.021892
0.039101
0.022773
0.023304
0.024045
0.021698
0.021758
0.042023
0.035509
0.024607
0.022573
0.022469
0.021485
0.039301
0.023396
0.026732
0.023631
0.022968
0.036427
0.038728
0.026213
0.030412
0.021775
0.022609
0.023026
0.041226
0.021934
0.023764
0.025655
0.021965
0.022784
0.039721
0.035769
0.024174
0.025451
0.021748
0.022354
0.043143
0.022783
0.022985
0.023123
0.024101
0.023282
0.045646
0.026741
0.035532
0.023203
0.024307
0.024996
0.040862
0.039506
0.022409
0.024101
0.022298
0.023026
0.043585
0.034961
0.024055
0.023409
0.024264
0.02275
0.03924
0.021458
0.023366
0.022847
0.022922
0.026995
0.03914
0.034207
0.023521
0.022655
0.02324
0.023024
0.040649
0.02449
0.035306
0.022265
0.024066
0.037342
0.039225
0.023502
0.032831
0.022099
0.023009
0.023577
0.039788
0.022978
0.02264
0.022561
0.023601
0.022284
0.03989
0.023846
0.022094
0.023304
0.022812
0.029863
0.037956
0.024155
0.022829
0.023227
0.022157
0.022083
0.05179
0.022258
0.021511
0.021864
0.023318
0.021957
0.044873
0.023827
0.022105
0.024793
0.021949
0.021338
0.040168
0.026592
0.021254
0.026419
0.021428
0.021211
0.040868
0.021944
0.036452
0.026384
0.021793
0.023262
0.041633
0.03541
0.023743
0.024103
0.021447
0.023186
0.03919
0.022286
0.021456
0.023174
0.026745
0.02339
0.053387
0.022151
0.024047
0.023672
0.023198
0.021745
0.047411
0.021814
0.031761
0.024689
0.021299
0.026462
0.046257
0.023838
0.024285
0.025021
0.02277
0.022946
0.044262
0.022826
0.024567
0.025914
0.023438
0.023249
0.04771
0.023518
0.035232
0.02296
0.024062
0.02396
0.050132
0.023615
0.024986
0.02267
0.022909
0.025803
0.044727
0.04069
0.024375
0.021914
0.026518
0.021725
0.042093
0.021428
0.021747
0.023734
0.02331
0.024832
0.041953
0.03057
0.022872
0.022528
0.03796
0.021869
0.039548
0.021975
0.023337
0.023223
0.021037
0.025116
0.039731
0.021524
0.026523
0.021796
0.026102
0.022261
0.040068
0.022841
0.023853
0.024873
0.021858
0.026959
0.041197
0.022525
0.032826
0.022031
0.023533
0.022622
0.038379
0.023495
0.022133
0.023164
0.039352
0.022513
0.039454
0.021771
0.024285
0.021261
0.022318
0.022553
0.054116
0.023858
0.023094
0.0221
0.02171
0.025379
0.041042
0.022168
0.024003
0.022558
0.022736
0.022644
0.040369
0.022375
0.024419
0.023476
0.025465
0.023024
0.04173
0.022245
0.022392
0.024196
0.021695
0.022065
0.039096
0.022967
0.021243
0.022375
0.021727
0.021523
0.040016
0.021974
0.030931
0.023746
0.021507
0.026265
0.039014
0.033829
0.021422
0.022321
0.02333
0.023284
0.042694
0.034941
0.021999
0.024196
0.023353
0.022517
0.041602
0.033653
0.022046
0.023539
0.033973
0.024929
0.04181
0.035876
0.035568
0.022441
0.023766
0.023466
0.040758
0.022285
0.023054
0.023767
0.022056
0.024531
0.043319
0.023525
0.022168
0.024425
0.023999
0.034155
0.038573
0.032973
0.020822
0.021863
0.022261
0.030014
0.040092
0.02241
0.021893
0.02274
0.021386
0.023206
0.040559
0.024898
0.023054
0.02282
0.02314
0.024492
0.040005
0.02285
0.022421
0.022262
0.021853
0.022578
0.040646
0.022635
0.023532
0.023531
0.023464
0.021639
0.038524
0.023711
0.023938
0.021399
0.022682
0.021256
0.038921
0.022849
0.025072
0.023995
0.022289
0.021435
0.048369
0.03183
0.022653
0.023926
0.023187
0.023348
0.037494
0.023055
0.022656
0.022546
0.026562
0.022213
0.050089
0.026277
0.024343
0.022066
0.02098
0.021354
0.042276
0.023845
0.024209
0.023692
0.022984
0.02307
0.043299
0.023607
0.030914
0.025524
0.022303
0.022469
0.040445
0.02186
0.023043
0.024132
0.024114
0.023038
0.045651
0.026044
0.02447
0.024479
0.022715
0.022875
0.042124
0.022828
0.023803
0.02197
0.022522
0.022426
0.040424
0.026274
0.02352
0.023276
0.021777
0.022224
0.038979
0.02169
0.026961
0.024096
0.021791
0.02255
0.041064
0.022083
0.023316
0.026807
0.022867
0.021705
0.038795
0.023472
0.022667
0.021868
0.021936
0.021774
0.037786
0.023931
0.024881
0.022513
0.021627
0.02344
0.045387
0.024049
0.022245
0.025153
0.021371
0.022281
0.037324
0.021128
0.021134
0.02134
0.021135
0.028819
0.043773
0.023876
0.021703
0.022156
0.022599
0.022308
0.040073
0.024348
0.02193
0.021812
0.022275
0.022146
0.039154
0.025112
0.022964
0.022761
0.024346
0.023353
0.045296
0.021856
0.021677
0.024663
0.034671
0.021096
0.038596
0.02174
0.021717
0.022109
0.025171
0.028133
0.03993
0.024005
0.023862
0.023804
0.023444
0.023669
0.044287
0.023815
0.022895
0.022588
0.021158
0.031762
0.045626
0.023588
0.023829
0.025591
0.02456
0.023408
0.047289
0.024512
0.022763
0.023404
0.023189
0.023531
0.046631
0.021996
0.021849
0.023789
0.023507
0.021826
0.040075
0.021787
0.025787
0.0221
0.021084
0.02171
0.036778
0.029812
0.024648
0.034519
0.020876
0.021534
0.053199
0.022761
0.025019
0.022196
0.022002
0.02421
0.041719
0.033428
0.022707
0.024484
0.036743
0.025551
0.042713
0.021972
0.021661
0.025724
0.021527
0.023449
0.03985
0.021863
0.032212
0.028293
0.031716
0.028742
0.041095
0.024124
0.023434
0.023447
0.02189
0.02139
0.038201
0.021553
0.024601
0.024558
0.023639
0.021928
0.039156
0.027024
0.024526
0.024783
0.022772
0.026019
0.047531
0.029916
0.036209
0.02309
0.024452
0.03529
0.04759
0.037023
0.02244
0.023682
0.025554
0.032365
0.04971
0.025721
0.023909
0.027415
0.033257
0.035714
0.048689
0.02323
0.022821
0.023698
0.025063
0.033
0.05097
0.031322
0.027493
0.037423
0.035005
0.023374
0.045707
0.024039
0.027745
0.035578
0.035838
0.025811
0.042618
0.029136
0.023582
0.03533
0.03596
0.030937
0.043988
0.024393
0.032769
0.031824
0.02401
0.024248
0.052331
0.023477
0.035786
0.023939
0.02361
0.023397
0.042926
0.030363
0.0215
0.02292
0.024046
0.023742
0.039601
0.027289
0.022897
0.023945
0.022858
0.024045
0.038792
0.02253
0.024234
0.023405
0.023685
0.02309
0.040059
0.022721
0.02119
0.035101
0.023147
0.02256
0.051039
0.020744
0.021106
0.020512
0.027982
0.023102
0.039512
0.022214
0.028739
0.022485
0.022796
0.028436
0.047141
0.021182
0.022957
0.027887
0.024369
0.023969
0.047924
0.020294
0.022632
0.023624
0.021267
0.02279
0.044265
0.025302
0.023005
0.022869
0.021448
0.022646
0.038363
0.021397
0.023409
0.023952
0.023421
0.021905
0.048512
0.024328
0.024466
0.02463
0.025719
0.023499
0.042824
0.027155
0.021128
0.027048
0.023658
0.020912
0.04045
0.021046
0.022061
0.027716
0.021868
0.021131
0.039224
0.023593
0.023497
0.023323
0.021087
0.02377
0.041809
0.023615
0.021519
0.02301
0.023204
0.024317
0.050415
0.022777
0.021015
0.031704
0.022334
0.024691
0.043736
0.022876
0.024296
0.031496
0.022725
0.026217
0.047613
0.024695
0.022073
0.02323
0.023616
0.023262
0.05151
0.023168
0.023355
0.023725
0.02465
0.021553
0.052291
0.027495
0.022787
0.033693
0.02299
0.021913
0.039446
0.020915
0.023138
0.02119
0.020873
0.023465
0.042372
0.028697
0.021615
0.022691
0.025232
0.021023
0.04363
0.024062
0.02161
0.023699
0.021418
0.023253
0.039272
0.022347
0.023366
0.024262
0.023568
0.023994
0.05105
0.023009
0.021757
0.023919
0.020989
0.021433
0.040236
0.021411
0.022014
0.033712
0.020971
0.023353
0.043845
0.033185
0.021857
0.02707
0.021874
0.021905
0.039289
0.021863
0.021061
0.022451
0.022048
0.023251
0.047137
0.03595
0.021941
0.023283
0.0235
0.021663
0.045169
0.021606
0.021823
0.021844
0.021725
0.021958
0.043713
0.023121
0.022943
0.027836
0.023486
0.022707
0.043418
0.022491
0.023701
0.02332
0.022227
0.022313
0.043116
0.022512
0.023005
0.023523
0.025503
0.024618
0.04142
0.022811
0.021371
0.021554
0.021672
0.02182
0.040342
0.02826
0.024934
0.024231
0.021063
0.022059
0.04074
0.022222
0.02153
0.022772
0.021905
0.022037
0.041656
0.023522
0.027956
0.023115
0.02336
0.022842
0.045782
0.030532
0.023684
0.022703
0.021332
0.028478
0.04035
0.032221
0.021862
0.026027
0.022939
0.023595
0.040864
0.022928
0.022963
0.024143
0.022854
0.02295
0.039703
0.021209
0.022846
0.022401
0.022027
0.023184
0.039533
0.02317
0.021473
0.021475
0.021872
0.022065
0.043313
0.028207
0.021045
0.021857
0.0209
0.032423
0.041009
0.020998
0.021109
0.021097
0.023109
0.021623
0.041717
0.024044
0.023101
0.025322
0.023295
0.022181
0.039251
0.021989
0.02347
0.045105
0.054897
0.032292
0.041457
0.024614
0.02232
0.027997
0.027939
0.022777
0.04286
0.032573
0.023328
0.022382
0.021847
0.02346
0.038479
0.026524
0.025115
0.022184
0.022735
0.021882
0.042147
0.02267
0.022169
0.021399
0.022247
0.02161
0.038086
0.021821
0.021064
0.02142
0.024217
0.021771
0.038394
0.023052
0.021657
0.030064
0.020955
0.021667
0.040115
0.023863
0.025515
0.024187
0.022913
0.022647
0.041748
