1.0948
0.13727
0.081232
0.059206
0.08619
NaN
0.071795
0.046879
0.047628
0.038047
0.029674
0.031352
0.02016
0.018736
0.019628
0.044113
0.018542
0.026934
0.02734
0.019245
0.01883
0.038311
0.018905
0.018662
0.019739
0.01908
0.019503
0.040243
0.019036
0.020252
0.018121
0.030307
0.024629
0.049255
0.021483
0.026064
0.023926
0.020929
0.019795
0.044592
0.019957
0.028205
0.019459
0.019437
0.032997
0.037586
0.018779
0.018281
0.018518
0.017819
0.018835
0.03729
0.01847
0.019243
0.027347
0.019256
0.01943
0.045425
0.022285
0.022599
0.027984
0.019076
0.019524
0.03721
0.018376
0.019049
0.032251
0.017391
0.018493
0.04948
0.019529
0.030003
0.018231
0.018237
0.01968
0.039085
0.023749
0.025215
0.019069
0.029948
0.020139
0.043981
0.019373
0.019382
0.019324
0.019496
0.019077
0.041906
0.018986
0.020751
0.020085
0.019152
0.019096
0.044489
0.018515
0.019594
0.03097
0.019226
0.020365
0.044316
0.018658
0.018692
0.01947
0.019575
0.019652
0.036868
0.02471
0.018311
0.018022
0.018534
0.019413
0.037837
0.021371
0.019182
0.017864
0.01832
0.018212
0.038636
0.017942
0.026846
0.019471
0.020355
0.018467
0.040227
0.020025
0.019128
0.019482
0.025721
0.017539
0.040046
0.022315
0.017787
0.017526
0.017759
0.018287
0.03901
0.017398
0.017704
0.017588
0.022615
0.023819
0.039061
0.018284
0.018652
0.019271
0.018505
0.017674
0.038222
0.018658
0.017516
0.018319
0.01692
NaN
NaN
NaN
NaN
0.97403
0.13768
0.069838
0.055558
0.08392
NaN
0.08066
0.040635
0.040865
0.036582
0.018172
0.016481
0.031787
0.017189
0.027684
0.033809
0.017512
0.021541
0.024322
0.028531
0.017556
0.033451
0.017942
0.016587
0.01791
0.017332
0.017933
0.036523
NaN
NaN
NaN
NaN
1.1827
0.14317
0.074132
0.05779
0.084798
NaN
0.086045
NaN
0.046726
0.044018
0.044444
0.019896
0.0203
0.028805
0.019807
0.019793
0.044842
0.022707
0.019861
0.01901
0.022712
0.020634
0.048648
0.021622
0.020697
0.021102
0.020847
0.021046
0.048041
0.02087
0.024443
0.033826
0.032979
0.03795
0.053947
0.022367
0.028166
0.021821
0.02124
0.020726
0.044552
0.020307
0.032961
0.019823
0.021187
0.021412
0.042761
0.019501
0.021649
0.020903
0.019283
0.019607
0.042554
0.019559
0.019482
0.020145
0.019593
0.031948
0.04991
0.028769
0.02014
0.020252
0.020672
0.022396
0.051141
0.021578
0.020632
0.020599
0.020254
0.020114
0.04613
0.023492
0.020746
0.020929
0.019809
0.020176
0.043481
0.019635
0.018556
0.030061
0.037429
0.026544
0.039467
0.019401
0.019474
0.019099
0.019904
0.020593
0.041955
0.019333
0.028174
0.024976
0.035517
0.020641
0.047026
0.019929
0.033834
0.020948
0.019691
0.026373
0.047011
0.020812
0.02136
0.020236
0.019472
0.019663
0.040347
0.023315
0.022604
0.019793
0.029115
0.018306
0.043388
0.024271
0.019866
0.018878
0.019927
0.019917
0.048209
0.023792
0.019818
0.019483
0.019269
NaN
NaN
NaN
NaN
1.2223
0.14416
0.078475
0.064624
0.10102
NaN
0.078242
NaN
0.051876
0.046908
0.0472
0.021205
0.021257
0.022729
0.020643
0.022288
0.04502
0.021764
0.024666
0.022623
0.038907
0.020862
0.053198
0.020364
0.020931
0.020797
0.020927
0.026791
0.045583
0.020973
0.021141
0.021147
0.034178
0.027695
NaN
NaN
NaN
NaN
1.2414
0.15409
0.085088
0.071848
0.098126
NaN
0.091119
NaN
0.059416
0.059127
NaN
0.048751
0.023647
