0.000137
0.22103
0.006079
0.006156
0.006268
0.005978
0.006281
0.006008
0.006278
0.006454
0.005755
0.007091
0.005904
0.005901
0.005901
0.005892
0.005696
0.005633
0.005741
0.005982
0.006685
0.007197
0.007139
0.006311
0.006137
0.006116
0.006877
0.007712
0.008185
0.006966
0.008629
0.006333
0.006751
0.006289
0.007731
0.006421
0.006364
0.007266
0.007436
0.008538
0.006848
0.007133
0.006694
0.007498
0.008988
0.010175
0.007922
0.006937
0.006002
0.006128
0.006109
0.006158
0.013119
0.010313
0.006328
0.006851
0.006198
0.007126
0.006933
0.006772
0.005901
0.006746
0.007364
0.007027
0.007185
0.006565
0.007021
0.006954
0.006235
0.006113
0.006738
0.007899
0.006536
0.006403
0.006036
0.007387
0.006864
0.006511
0.006807
0.006294
0.007536
0.006502
0.006217
0.006431
0.006776
0.006637
0.006658
0.006354
0.006309
0.00626
0.005894
0.006511
0.006412
0.006274
0.00756
0.006627
0.005845
0.005703
0.006826
0.006914
0.006442
0.011649
0.009746
0.007044
0.006884
0.006165
0.007028
0.007612
0.005818
0.006259
0.00623
0.005953
0.006921
0.005906
0.006083
0.005929
0.006474
0.006549
0.00617
0.005747
0.006259
0.007153
0.006801
0.006279
0.005492
0.005754
0.006578
0.006204
0.006095
0.005755
0.006569
0.006923
0.00573
0.006913
0.005829
0.006047
0.006049
0.006933
0.006032
0.005673
0.00573
0.006975
0.005743
0.005779
0.005998
0.005732
0.006217
0.005896
0.005601
0.005634
0.005607
0.005903
0.006181
0.006094
0.005714
0.005603
0.005602
0.005494
0.005679
0.005986
0.005855
0.005957
0.005886
0.005892
0.005771
0.005934
0.005852
0.00632
0.006209
0.006547
0.005681
0.005732
0.005673
0.005764
0.006152
0.006091
0.005932
0.005851
0.006284
0.00596
0.005771
0.005658
0.005679
0.006108
0.006454
0.00675
0.006027
0.005935
0.005889
0.009207
0.010612
0.008207
0.006706
0.006149
0.005758
0.005801
0.006211
0.005889
0.006021
0.005817
0.005787
0.006329
0.005642
0.005639
0.005728
0.006587
0.006128
0.006818
0.005875
0.006299
0.006391
0.005836
0.005911
0.006839
0.005867
0.006027
0.006581
0.00582
0.005862
0.006262
0.006206
0.005925
0.006787
0.005632
0.005827
0.006672
0.005743
0.005645
0.005736
0.005841
0.005591
0.005661
0.006409
0.005718
0.005538
0.005635
0.005567
0.005499
0.005652
0.005622
0.005442
0.005594
0.005877
0.005906
0.005675
0.005868
0.005906
0.005545
0.00548
0.004646
0.004467
0.0045
0.004939
0.004758
0.004893
0.004926
0.004509
0.004574
0.004422
0.004522
0.004764
0.005555
0.005534
0.005154
0.008715
0.007317
0.005879
0.005177
0.005951
0.008507
0.006887
0.006113
0.005748
0.004745
0.004701
0.004651
0.00473
0.004626
0.005311
0.004954
0.00613
0.006637
0.006099
0.005229
0.005494
0.005003
0.004829
0.005035
0.005028
0.004643
0.005112
0.005082
0.0059
0.006148
0.005987
0.006023
0.005884
0.005908
0.004878
0.005921
0.005978
0.004761
0.0051
0.006071
0.008408
0.011971
0.00927
0.006641
0.007634
0.004876
0.007057
0.006074
0.004634
0.006065
0.00583
0.00575
0.005921
0.00565
0.006086
0.004796
0.005917
0.004812
0.005557
0.005506
0.005431
0.004689
0.004739
0.004472
0.004421
0.007687
0.00605
0.005769
0.005661
0.005745
0.005354
0.00531
0.005414
0.004628
0.004733
0.004474
0.005096
0.004637
0.004875
0.005436
0.004774
0.00453
0.005418
0.008071
0.005831
0.009178
0.007236
0.006148
0.005602
0.005033
0.004673
0.004797
0.005184
0.004459
0.004555
0.004933
0.004718
0.004528
0.004574
0.004946
0.004742
0.004591
0.005096
0.004508
0.004527
0.004591
0.004534
0.004577
0.004502
0.004527
0.004486
0.004615
0.00454
0.004535
0.004502
0.004624
0.004593
0.004868
0.00447
0.004655
0.005104
0.004655
0.00458
0.00465
0.005082
0.004725
0.004583
0.005251
0.004566
0.004741
0.004823
0.004806
0.004933
0.004766
0.004866
0.004669
0.004682
0.004625
0.004862
0.005196
0.004818
0.004537
0.005129
0.004631
0.004968
0.004797
0.00468
0.004497
0.00565
0.005543
0.005004
0.004767
0.004639
0.004994
0.004457
0.004983
0.005108
0.004631
0.004677
0.005285
0.004473
0.004641
0.004535
0.004595
0.004503
0.00455
0.005339
0.004655
0.0047
0.005094
0.004766
0.004941
0.004656
0.004771
0.004737
0.004919
0.004891
0.004875
0.004632
0.004709
0.004624
0.006067
0.008788
0.00776
0.006339
0.006139
0.005249
0.004583
0.00464
0.004817
0.004765
0.00486
0.004904
0.004549
0.006267
0.008799
0.007455
0.005615
0.005508
0.006481
0.009211
0.007597
0.007842
0.007536
0.006227
0.006652
0.009376
0.008036
0.006757
0.005326
0.005079
0.005174
0.004619
0.004659
0.004813
0.004617
0.004773
0.004796
0.004825
0.00518
0.005651
0.00507
0.00562
0.005219
0.004953
0.00493
0.005121
0.005007
0.004959
0.00487
0.005883
0.004897
0.004582
0.004743
0.005207
0.004753
0.005078
0.004533
0.005056
0.004933
0.004589
0.005179
0.004945
0.004741
0.004584
0.005086
0.004588
0.004661
0.004499
0.004982
0.00623
0.009311
0.009754
0.007133
0.006894
0.005688
0.005082
0.004809
0.004764
0.00487
0.004663
0.004896
0.00484
0.00486
0.004761
0.004745
0.004785
0.004558
0.004958
0.004759
0.004584
0.004898
0.004608
0.004808
0.004855
0.004777
0.004852
0.004628
0.004579
0.004481
0.004767
0.005179
0.004714
0.004522
0.005829
0.008134
0.005487
0.005283
0.004913
0.005095
0.004481
0.004718
0.004558
0.004455
0.00471
0.004576
0.004876
0.004668
0.0046
0.005069
0.004725
0.004849
0.005154
0.004548
0.004795
0.004486
0.005973
0.008571
0.007371
0.005608
0.006444
0.004832
0.004812
0.005019
0.004532
0.00477
0.005188
0.004746
0.004881
0.006349
0.009481
0.008129
0.005329
0.005577
0.004628
0.004671
0.004946
0.005739
0.009113
0.008872
0.007229
0.005791
0.00544
0.004782
0.004773
0.004579
0.004506
0.004571
0.004903
0.004512
0.004541
0.00454
0.004999
0.004596
0.004746
0.005614
0.004689
0.004479
0.005102
0.005177
0.005309
0.004931
0.004594
0.004779
0.004848
0.00449
0.004827
0.004832
0.004658
0.006171
0.008855
0.007679
0.007234
0.005528
0.00547
0.005178
0.004796
0.004673
0.004795
0.004606
0.004468
0.004979
0.004511
0.004535
0.004554
0.004679
0.004382
0.004541
0.004405
0.006072
0.009158
0.007325
0.006548
0.005626
0.004812
0.004543
0.004942
0.004404
0.004467
0.00446
0.004559
0.004466
0.004762
0.004607
0.004657
0.00484
0.004478
0.004742
0.00469
0.004668
0.00503
0.004613
0.004586
0.004607
0.004709
0.004997
0.005199
0.004663
0.005463
0.004745
0.004638
0.004661
0.004423
0.004531
0.004663
0.004939
0.004774
0.005073
0.004891
0.004504
0.004757
0.006101
0.00553
0.005113
0.004865
0.00449
0.004492
0.004488
0.004674
0.004542
0.004533
0.004588
0.005926
0.004779
0.005132
0.005202
0.00537
0.004695
0.005131
0.005116
0.004889
0.004863
0.004972
0.004833
0.005013
0.004869
0.004656
0.005017
0.004744
0.004862
0.004893
0.00508
0.004963
0.005017
0.005029
0.004722
0.004814
0.004854
0.004772
0.004767
0.004944
0.005009
0.00504
0.004815
0.004838
0.004822
0.004807
0.004889
0.004731
0.004828
0.006679
0.009242
0.007224
0.006012
0.005722
0.005642
0.005988
0.004887
0.007206
0.008279
0.008333
0.009472
0.005544
0.004688
0.005535
0.008605
0.007656
0.008005
0.007689
0.009288
0.008906
0.014483
0.006981
0.009617
0.00773
0.006595
0.005773
0.005084
0.005233
0.004873
0.005025
0.009901
0.009381
0.008853
0.008467
0.006399
0.005859
0.006626
0.008952
0.007625
0.006134
0.005866
0.004958
0.005611
0.005478
0.005307
0.005434
0.004715
0.005565
0.005408
0.005377
0.005691
0.004991
0.00528
0.005056
0.004673
0.004713
0.005183
0.00507
0.005081
0.004844
0.004732
0.005943
0.005397
0.005033
0.004968
0.005848
0.005781
0.004751
0.004726
0.004699
0.005328
0.004749
0.004814
0.004919
0.004641
0.004766
0.005555
0.004907
0.005945
0.009006
0.008029
0.009409
0.007423
0.006646
0.005758
0.004978
0.004681
0.004861
0.004475
0.004645
0.004811
0.005112
0.004872
0.004692
0.004725
0.004705
0.005074
0.004716
0.004853
0.004993
0.005463
0.004946
0.00506
0.00529
0.004871
0.005056
0.005502
0.005896
0.005946
0.008156
0.005995
0.005925
0.005369
0.007399
0.011631
0.009721
0.00721
0.006323
0.005589
0.00629
0.009256
0.008723
0.007234
0.005762
0.004921
0.004769
0.004743
0.005408
0.005105
0.005607
0.00484
0.004678
0.005895
0.00505
0.005901
0.009191
0.007206
0.006061
0.005825
0.005115
0.005193
0.004536
0.004555
0.006342
0.00505
0.005401
0.009984
0.00764
0.00662
0.005706
0.004938
0.004915
0.004643
0.005321
0.005318
0.004794
0.00583
0.00655
0.004958
0.006891
0.005279
0.004808
0.005124
0.004914
0.004564
0.004767
0.004599
0.004577
0.005182
0.00455
0.004707
0.005084
0.007088
0.006307
0.005176
0.005192
0.004767
0.00463
0.006407
0.005
0.004883
0.00505
0.004874
0.005033
0.004889
0.004807
0.00489
0.004713
0.004666
0.004648
0.005092
0.004912
0.007032
0.005068
0.00487
0.005332
0.006124
0.005069
0.005184
0.005518
0.00518
0.004451
0.004597
0.004868
0.004668
0.004654
0.004571
0.005716
0.00489
0.005313
0.004664
0.004763
0.004873
0.004671
0.0049
0.004606
0.00473
0.004813
0.004679
0.004693
0.007406
0.005082
0.005418
0.005005
0.004833
0.005088
0.005422
0.004816
0.00522
0.005956
0.00553
0.004936
0.004859
0.00486
0.005209
0.00631
0.006502
0.00484
0.004488
0.004977
0.004884
0.005052
0.005696
0.005432
0.00876
0.005462
0.005681
0.0052
0.005525
0.005732
0.005138
0.0058
0.005403
0.004888
0.004671
0.004717
0.004952
0.005137
0.004678
0.004736
0.005038
0.005139
0.005731
0.004828
