1
333.0000,115.0000,404.0000,115.0000,404.0000,129.0000,333.0000,129.0000
324.0000,116.0000,398.0000,116.0000,398.0000,130.0000,324.0000,130.0000
315.0000,117.0000,389.0000,117.0000,389.0000,131.0000,315.0000,131.0000
315.0000,117.0000,389.0000,117.0000,389.0000,131.0000,315.0000,131.0000
326.0000,117.0000,399.0000,117.0000,399.0000,131.0000,326.0000,131.0000
326.0000,117.0000,399.0000,117.0000,399.0000,131.0000,326.0000,131.0000
323.0000,124.0000,397.0000,124.0000,397.0000,138.0000,323.0000,138.0000
280.0000,133.0000,348.0000,133.0000,348.0000,146.0000,280.0000,146.0000
286.0000,139.0000,354.0000,139.0000,354.0000,153.0000,286.0000,153.0000
311.0000,146.0000,380.0000,146.0000,380.0000,160.0000,311.0000,160.0000
2
0
0
0
0
1
279.0000,41.0000,295.0000,41.0000,295.0000,101.0000,279.0000,101.0000
283.0000,30.0000,299.0000,30.0000,299.0000,91.0000,283.0000,91.0000
283.0000,31.0000,299.0000,31.0000,299.0000,93.0000,283.0000,93.0000
283.0000,31.0000,299.0000,31.0000,299.0000,93.0000,283.0000,93.0000
283.0000,36.0000,299.0000,36.0000,299.0000,98.0000,283.0000,98.0000
283.0000,36.0000,299.0000,36.0000,299.0000,98.0000,283.0000,98.0000
287.0000,15.0000,303.0000,15.0000,303.0000,75.0000,287.0000,75.0000
278.0000,24.0000,294.0000,24.0000,294.0000,85.0000,278.0000,85.0000
273.0000,27.0000,290.0000,27.0000,290.0000,92.0000,273.0000,92.0000
269.0000,26.0000,287.0000,26.0000,287.0000,93.0000,269.0000,93.0000
266.0000,65.0000,284.0000,65.0000,284.0000,133.0000,266.0000,133.0000
263.0000,31.0000,280.0000,31.0000,280.0000,99.0000,263.0000,99.0000
274.0000,65.0000,292.0000,65.0000,292.0000,133.0000,274.0000,133.0000
287.0000,69.0000,304.0000,69.0000,304.0000,135.0000,287.0000,135.0000
2
0
0
0
0
1
291.0000,33.0000,322.0000,33.0000,322.0000,69.0000,291.0000,69.0000
290.0000,38.0000,319.0000,38.0000,319.0000,73.0000,290.0000,73.0000
280.0000,34.0000,309.0000,34.0000,309.0000,69.0000,280.0000,69.0000
280.0000,34.0000,309.0000,34.0000,309.0000,69.0000,280.0000,69.0000
274.0000,46.0000,303.0000,46.0000,303.0000,80.0000,274.0000,80.0000
274.0000,46.0000,303.0000,46.0000,303.0000,80.0000,274.0000,80.0000
273.0000,52.0000,303.0000,52.0000,303.0000,88.0000,273.0000,88.0000
269.0000,61.0000,301.0000,61.0000,301.0000,99.0000,269.0000,99.0000
261.0000,81.0000,292.0000,81.0000,292.0000,118.0000,261.0000,118.0000
261.0000,85.0000,291.0000,85.0000,291.0000,120.0000,261.0000,120.0000
257.0000,93.0000,286.0000,93.0000,286.0000,127.0000,257.0000,127.0000
255.0000,96.0000,284.0000,96.0000,284.0000,131.0000,255.0000,131.0000
250.0000,107.0000,278.0000,107.0000,278.0000,141.0000,250.0000,141.0000
247.0000,110.0000,276.0000,110.0000,276.0000,144.0000,247.0000,144.0000
244.0000,118.0000,271.0000,118.0000,271.0000,150.0000,244.0000,150.0000
245.0000,116.0000,274.0000,116.0000,274.0000,150.0000,245.0000,150.0000
251.0000,116.0000,278.0000,116.0000,278.0000,149.0000,251.0000,149.0000
262.0000,106.0000,290.0000,106.0000,290.0000,139.0000,262.0000,139.0000
265.0000,112.0000,292.0000,112.0000,292.0000,145.0000,265.0000,145.0000
265.0000,88.0000,293.0000,88.0000,293.0000,122.0000,265.0000,122.0000
2
0
0
0
0
1
226.0000,148.0000,244.0000,148.0000,244.0000,212.0000,226.0000,212.0000
226.0000,155.0000,244.0000,155.0000,244.0000,219.0000,226.0000,219.0000
225.0000,160.0000,243.0000,160.0000,243.0000,224.0000,225.0000,224.0000
225.0000,160.0000,243.0000,160.0000,243.0000,224.0000,225.0000,224.0000
225.0000,166.0000,243.0000,166.0000,243.0000,230.0000,225.0000,230.0000
225.0000,166.0000,243.0000,166.0000,243.0000,230.0000,225.0000,230.0000
228.0000,180.0000,245.0000,180.0000,245.0000,240.0000,228.0000,240.0000
224.0000,175.0000,242.0000,175.0000,242.0000,238.0000,224.0000,238.0000
225.0000,175.0000,242.0000,175.0000,242.0000,237.0000,225.0000,237.0000
225.0000,167.0000,242.0000,167.0000,242.0000,228.0000,225.0000,228.0000
226.0000,162.0000,243.0000,162.0000,243.0000,225.0000,226.0000,225.0000
230.0000,172.0000,248.0000,172.0000,248.0000,236.0000,230.0000,236.0000
2
0
0
0
0
1
237.0000,259.0000,265.0000,259.0000,265.0000,304.0000,237.0000,304.0000
242.0000,265.0000,270.0000,265.0000,270.0000,310.0000,242.0000,310.0000
240.0000,262.0000,268.0000,262.0000,268.0000,306.0000,240.0000,306.0000
240.0000,262.0000,268.0000,262.0000,268.0000,306.0000,240.0000,306.0000
228.0000,253.0000,257.0000,253.0000,257.0000,299.0000,228.0000,299.0000
228.0000,253.0000,257.0000,253.0000,257.0000,299.0000,228.0000,299.0000
2
0
0
0
0
1
269.0000,313.0000,288.0000,313.0000,288.0000,381.0000,269.0000,381.0000
274.0000,315.0000,291.0000,315.0000,291.0000,379.0000,274.0000,379.0000
277.0000,308.0000,295.0000,308.0000,295.0000,372.0000,277.0000,372.0000
277.0000,308.0000,295.0000,308.0000,295.0000,372.0000,277.0000,372.0000
278.0000,276.0000,297.0000,276.0000,297.0000,341.0000,278.0000,341.0000
0
2
0
0
0
0
1
250.0000,401.0000,270.0000,401.0000,270.0000,461.0000,250.0000,461.0000
249.0000,404.0000,270.0000,404.0000,270.0000,464.0000,249.0000,464.0000
249.0000,407.0000,269.0000,407.0000,269.0000,466.0000,249.0000,466.0000
249.0000,407.0000,269.0000,407.0000,269.0000,466.0000,249.0000,466.0000
248.0000,409.0000,268.0000,409.0000,268.0000,468.0000,248.0000,468.0000
248.0000,409.0000,268.0000,409.0000,268.0000,468.0000,248.0000,468.0000
247.0000,411.0000,267.0000,411.0000,267.0000,470.0000,247.0000,470.0000
246.0000,416.0000,266.0000,416.0000,266.0000,476.0000,246.0000,476.0000
245.0000,420.0000,265.0000,420.0000,265.0000,480.0000,245.0000,480.0000
244.0000,424.0000,264.0000,424.0000,264.0000,483.0000,244.0000,483.0000
244.0000,426.0000,264.0000,426.0000,264.0000,486.0000,244.0000,486.0000
243.0000,427.0000,263.0000,427.0000,263.0000,487.0000,243.0000,487.0000
242.0000,402.0000,263.0000,402.0000,263.0000,462.0000,242.0000,462.0000
239.0000,392.0000,261.0000,392.0000,261.0000,456.0000,239.0000,456.0000
220.0000,382.0000,243.0000,382.0000,243.0000,450.0000,220.0000,450.0000
2
0
0
0
0
1
256.0000,498.0000,281.0000,498.0000,281.0000,552.0000,256.0000,552.0000
257.0000,494.0000,282.0000,494.0000,282.0000,548.0000,257.0000,548.0000
257.0000,494.0000,282.0000,494.0000,282.0000,548.0000,257.0000,548.0000
260.0000,497.0000,284.0000,497.0000,284.0000,550.0000,260.0000,550.0000
260.0000,497.0000,284.0000,497.0000,284.0000,550.0000,260.0000,550.0000
264.0000,479.0000,287.0000,479.0000,287.0000,531.0000,264.0000,531.0000
273.0000,518.0000,297.0000,518.0000,297.0000,571.0000,273.0000,571.0000
253.0000,529.0000,277.0000,529.0000,277.0000,582.0000,253.0000,582.0000
256.0000,519.0000,281.0000,519.0000,281.0000,573.0000,256.0000,573.0000
256.0000,524.0000,280.0000,524.0000,280.0000,578.0000,256.0000,578.0000
254.0000,524.0000,280.0000,524.0000,280.0000,581.0000,254.0000,581.0000
254.0000,523.0000,281.0000,523.0000,281.0000,583.0000,254.0000,583.0000
244.0000,553.0000,272.0000,553.0000,272.0000,613.0000,244.0000,613.0000
249.0000,567.0000,277.0000,567.0000,277.0000,629.0000,249.0000,629.0000
249.0000,564.0000,277.0000,564.0000,277.0000,625.0000,249.0000,625.0000
248.0000,557.0000,276.0000,557.0000,276.0000,619.0000,248.0000,619.0000
240.0000,567.0000,267.0000,567.0000,267.0000,627.0000,240.0000,627.0000
2
0
0
0
0
1
372.0000,533.0000,414.0000,533.0000,414.0000,562.0000,372.0000,562.0000
383.0000,527.0000,424.0000,527.0000,424.0000,555.0000,383.0000,555.0000
396.0000,518.0000,437.0000,518.0000,437.0000,546.0000,396.0000,546.0000
396.0000,518.0000,437.0000,518.0000,437.0000,546.0000,396.0000,546.0000
407.0000,510.0000,448.0000,510.0000,448.0000,539.0000,407.0000,539.0000
407.0000,510.0000,448.0000,510.0000,448.0000,539.0000,407.0000,539.0000
412.0000,489.0000,456.0000,489.0000,456.0000,519.0000,412.0000,519.0000
409.0000,472.0000,453.0000,472.0000,453.0000,503.0000,409.0000,503.0000
417.0000,465.0000,462.0000,465.0000,462.0000,495.0000,417.0000,495.0000
414.0000,469.0000,460.0000,469.0000,460.0000,501.0000,414.0000,501.0000
441.0000,476.0000,487.0000,476.0000,487.0000,508.0000,441.0000,508.0000
458.0000,471.0000,502.0000,471.0000,502.0000,502.0000,458.0000,502.0000
2
0
0
0
0
1
483.0000,548.0000,506.0000,548.0000,506.0000,592.0000,483.0000,592.0000
483.0000,547.0000,506.0000,547.0000,506.0000,591.0000,483.0000,591.0000
479.0000,540.0000,502.0000,540.0000,502.0000,584.0000,479.0000,584.0000
479.0000,540.0000,502.0000,540.0000,502.0000,584.0000,479.0000,584.0000
472.0000,520.0000,495.0000,520.0000,495.0000,563.0000,472.0000,563.0000
0
2
0
0
0
0
1
527.0000,636.0000,555.0000,636.0000,555.0000,679.0000,527.0000,679.0000
527.0000,613.0000,555.0000,613.0000,555.0000,655.0000,527.0000,655.0000
539.0000,590.0000,565.0000,590.0000,565.0000,631.0000,539.0000,631.0000
539.0000,590.0000,565.0000,590.0000,565.0000,631.0000,539.0000,631.0000
546.0000,591.0000,571.0000,591.0000,571.0000,630.0000,546.0000,630.0000
546.0000,591.0000,571.0000,591.0000,571.0000,630.0000,546.0000,630.0000
2
0
0
0
0
1
655.0000,551.0000,689.0000,551.0000,689.0000,584.0000,655.0000,584.0000
642.0000,537.0000,676.0000,537.0000,676.0000,571.0000,642.0000,571.0000
2
0
0
0
0
1
736.0000,615.0000,774.0000,615.0000,774.0000,650.0000,736.0000,650.0000
740.0000,619.0000,779.0000,619.0000,779.0000,655.0000,740.0000,655.0000
749.0000,629.0000,789.0000,629.0000,789.0000,666.0000,749.0000,666.0000
749.0000,629.0000,789.0000,629.0000,789.0000,666.0000,749.0000,666.0000
746.0000,638.0000,785.0000,638.0000,785.0000,674.0000,746.0000,674.0000
746.0000,638.0000,785.0000,638.0000,785.0000,674.0000,746.0000,674.0000
764.0000,643.0000,800.0000,643.0000,800.0000,676.0000,764.0000,676.0000
760.0000,647.0000,796.0000,647.0000,796.0000,680.0000,760.0000,680.0000
763.0000,649.0000,798.0000,649.0000,798.0000,680.0000,763.0000,680.0000
743.0000,663.0000,778.0000,663.0000,778.0000,695.0000,743.0000,695.0000
747.0000,659.0000,780.0000,659.0000,780.0000,690.0000,747.0000,690.0000
751.0000,653.0000,783.0000,653.0000,783.0000,683.0000,751.0000,683.0000
761.0000,639.0000,792.0000,639.0000,792.0000,668.0000,761.0000,668.0000
759.0000,639.0000,790.0000,639.0000,790.0000,667.0000,759.0000,667.0000
2
0
0
0
0
1
855.0000,623.0000,935.0000,623.0000,935.0000,640.0000,855.0000,640.0000
847.0000,623.0000,927.0000,623.0000,927.0000,640.0000,847.0000,640.0000
830.0000,632.0000,912.0000,632.0000,912.0000,650.0000,830.0000,650.0000
830.0000,632.0000,912.0000,632.0000,912.0000,650.0000,830.0000,650.0000
822.0000,638.0000,906.0000,638.0000,906.0000,655.0000,822.0000,655.0000
822.0000,638.0000,906.0000,638.0000,906.0000,655.0000,822.0000,655.0000
831.0000,630.0000,916.0000,630.0000,916.0000,648.0000,831.0000,648.0000
848.0000,633.0000,932.0000,633.0000,932.0000,650.0000,848.0000,650.0000
849.0000,636.0000,933.0000,636.0000,933.0000,654.0000,849.0000,654.0000
853.0000,634.0000,940.0000,634.0000,940.0000,652.0000,853.0000,652.0000
857.0000,629.0000,945.0000,629.0000,945.0000,647.0000,857.0000,647.0000
868.0000,626.0000,953.0000,626.0000,953.0000,644.0000,868.0000,644.0000
875.0000,625.0000,959.0000,625.0000,959.0000,643.0000,875.0000,643.0000
880.0000,625.0000,964.0000,625.0000,964.0000,642.0000,880.0000,642.0000
2
0
0
0
0
1
1025.0000,605.0000,1074.0000,605.0000,1074.0000,628.0000,1025.0000,628.0000
1024.0000,605.0000,1072.0000,605.0000,1072.0000,628.0000,1024.0000,628.0000
1024.0000,605.0000,1072.0000,605.0000,1072.0000,628.0000,1024.0000,628.0000
1027.0000,608.0000,1076.0000,608.0000,1076.0000,630.0000,1027.0000,630.0000
1026.0000,613.0000,1075.0000,613.0000,1075.0000,637.0000,1026.0000,637.0000
1026.0000,613.0000,1075.0000,613.0000,1075.0000,637.0000,1026.0000,637.0000
1032.0000,616.0000,1081.0000,616.0000,1081.0000,639.0000,1032.0000,639.0000
1018.0000,627.0000,1066.0000,627.0000,1066.0000,650.0000,1018.0000,650.0000
1049.0000,628.0000,1096.0000,628.0000,1096.0000,650.0000,1049.0000,650.0000
2
0
0
0
0
1
1133.0000,599.0000,1188.0000,599.0000,1188.0000,619.0000,1133.0000,619.0000
1131.0000,584.0000,1188.0000,584.0000,1188.0000,605.0000,1131.0000,605.0000
1151.0000,568.0000,1208.0000,568.0000,1208.0000,590.0000,1151.0000,590.0000
0
2
0
0
0
0
1
1196.0000,734.0000,1238.0000,734.0000,1238.0000,777.0000,1196.0000,777.0000
2
0
0
0
0
1
1434.0000,622.0000,1466.0000,622.0000,1466.0000,657.0000,1434.0000,657.0000
1449.0000,605.0000,1481.0000,605.0000,1481.0000,639.0000,1449.0000,639.0000
1449.0000,605.0000,1481.0000,605.0000,1481.0000,639.0000,1449.0000,639.0000
1460.0000,591.0000,1491.0000,591.0000,1491.0000,624.0000,1460.0000,624.0000
0
2
0
0
0
0
1
1509.0000,428.0000,1540.0000,428.0000,1540.0000,459.0000,1509.0000,459.0000
1508.0000,424.0000,1539.0000,424.0000,1539.0000,456.0000,1508.0000,456.0000
1513.0000,425.0000,1542.0000,425.0000,1542.0000,455.0000,1513.0000,455.0000
0
2
0
0
0
0
1
1346.0000,356.0000,1415.0000,356.0000,1415.0000,372.0000,1346.0000,372.0000
2
0
0
0
0
1
1096.0000,354.0000,1173.0000,354.0000,1173.0000,367.0000,1096.0000,367.0000
1078.0000,354.0000,1158.0000,354.0000,1158.0000,368.0000,1078.0000,368.0000
1061.0000,354.0000,1141.0000,354.0000,1141.0000,368.0000,1061.0000,368.0000
1061.0000,354.0000,1141.0000,354.0000,1141.0000,368.0000,1061.0000,368.0000
1045.0000,355.0000,1125.0000,355.0000,1125.0000,369.0000,1045.0000,369.0000
1045.0000,355.0000,1125.0000,355.0000,1125.0000,369.0000,1045.0000,369.0000
1017.0000,355.0000,1099.0000,355.0000,1099.0000,369.0000,1017.0000,369.0000
991.0000,356.0000,1070.0000,356.0000,1070.0000,370.0000,991.0000,370.0000
980.0000,356.0000,1059.0000,356.0000,1059.0000,370.0000,980.0000,370.0000
988.0000,359.0000,1070.0000,359.0000,1070.0000,373.0000,988.0000,373.0000
983.0000,353.0000,1057.0000,353.0000,1057.0000,365.0000,983.0000,365.0000
2
0
0
0
0
1
1012.0000,382.0000,1052.0000,382.0000,1052.0000,406.0000,1012.0000,406.0000
1009.0000,370.0000,1050.0000,370.0000,1050.0000,395.0000,1009.0000,395.0000
2
0
0
0
0
1
953.0000,371.0000,998.0000,371.0000,998.0000,399.0000,953.0000,399.0000
2
0
0
0
0
1
808.0000,342.0000,866.0000,342.0000,866.0000,364.0000,808.0000,364.0000
809.0000,343.0000,867.0000,343.0000,867.0000,364.0000,809.0000,364.0000
824.0000,351.0000,881.0000,351.0000,881.0000,372.0000,824.0000,372.0000
0
2
0
0
0
0
1
638.0000,303.0000,686.0000,303.0000,686.0000,326.0000,638.0000,326.0000
625.0000,298.0000,672.0000,298.0000,672.0000,321.0000,625.0000,321.0000
622.0000,298.0000,668.0000,298.0000,668.0000,320.0000,622.0000,320.0000
622.0000,298.0000,668.0000,298.0000,668.0000,320.0000,622.0000,320.0000
2
0
0
0
0
1
539.0000,277.0000,589.0000,277.0000,589.0000,300.0000,539.0000,300.0000
536.0000,274.0000,585.0000,274.0000,585.0000,296.0000,536.0000,296.0000
511.0000,262.0000,557.0000,262.0000,557.0000,283.0000,511.0000,283.0000
511.0000,262.0000,557.0000,262.0000,557.0000,283.0000,511.0000,283.0000
497.0000,278.0000,544.0000,278.0000,544.0000,299.0000,497.0000,299.0000
0
2
0
0
0
0
1
306.0000,264.0000,330.0000,264.0000,330.0000,306.0000,306.0000,306.0000
296.0000,247.0000,320.0000,247.0000,320.0000,291.0000,296.0000,291.0000
289.0000,237.0000,314.0000,237.0000,314.0000,282.0000,289.0000,282.0000
289.0000,237.0000,314.0000,237.0000,314.0000,282.0000,289.0000,282.0000
284.0000,228.0000,309.0000,228.0000,309.0000,273.0000,284.0000,273.0000
284.0000,228.0000,309.0000,228.0000,309.0000,273.0000,284.0000,273.0000
273.0000,204.0000,298.0000,204.0000,298.0000,249.0000,273.0000,249.0000
263.0000,178.0000,288.0000,178.0000,288.0000,223.0000,263.0000,223.0000
262.0000,178.0000,288.0000,178.0000,288.0000,223.0000,262.0000,223.0000
256.0000,164.0000,282.0000,164.0000,282.0000,210.0000,256.0000,210.0000
251.0000,153.0000,277.0000,153.0000,277.0000,199.0000,251.0000,199.0000
250.0000,183.0000,275.0000,183.0000,275.0000,227.0000,250.0000,227.0000
239.0000,141.0000,265.0000,141.0000,265.0000,187.0000,239.0000,187.0000
2
0
0
0
0
1
322.0000,119.0000,372.0000,119.0000,372.0000,138.0000,322.0000,138.0000
330.0000,115.0000,382.0000,115.0000,382.0000,135.0000,330.0000,135.0000
342.0000,108.0000,396.0000,108.0000,396.0000,129.0000,342.0000,129.0000
342.0000,108.0000,396.0000,108.0000,396.0000,129.0000,342.0000,129.0000
343.0000,109.0000,398.0000,109.0000,398.0000,130.0000,343.0000,130.0000
343.0000,109.0000,398.0000,109.0000,398.0000,130.0000,343.0000,130.0000
354.0000,105.0000,409.0000,105.0000,409.0000,126.0000,354.0000,126.0000
351.0000,102.0000,406.0000,102.0000,406.0000,123.0000,351.0000,123.0000
350.0000,100.0000,403.0000,100.0000,403.0000,120.0000,350.0000,120.0000
349.0000,98.0000,400.0000,98.0000,400.0000,117.0000,349.0000,117.0000
356.0000,101.0000,406.0000,101.0000,406.0000,120.0000,356.0000,120.0000
371.0000,110.0000,418.0000,110.0000,418.0000,128.0000,371.0000,128.0000
380.0000,113.0000,430.0000,113.0000,430.0000,132.0000,380.0000,132.0000
376.0000,112.0000,427.0000,112.0000,427.0000,132.0000,376.0000,132.0000
365.0000,108.0000,418.0000,108.0000,418.0000,128.0000,365.0000,128.0000
2
0
0
