0.96422
0.15433
0.089122
0.070387
0.099946
NaN
0.084507
NaN
0.056535
0.049541
0.047053
0.031
NaN
NaN
NaN
NaN
1.1619
0.15999
0.085391
0.071355
0.09677
NaN
0.083871
NaN
0.06033
0.049672
0.048824
0.033505
0.036494
0.031234
0.040295
0.032474
NaN
NaN
NaN
NaN
1.1567
0.16693
0.093343
0.068298
0.10427
NaN
0.081221
NaN
0.050479
0.06
0.054013
0.033256
0.029382
0.040056
0.030816
0.032291
0.053368
0.032092
0.051948
0.030997
0.031478
0.039554
NaN
NaN
NaN
NaN
0.9682
0.15296
0.081614
0.066538
0.093664
NaN
0.082141
NaN
0.051
0.051023
0.047379
0.031802
0.041942
0.032862
NaN
NaN
NaN
NaN
1.1429
0.14999
0.078453
0.064404
0.09002
NaN
0.079848
NaN
NaN
NaN
NaN
NaN
0.98628
0.15776
0.078157
0.067524
0.09181
NaN
0.079917
NaN
NaN
NaN
NaN
NaN
1.0626
0.14876
0.090758
0.064178
0.088125
NaN
0.083472
NaN
0.049283
0.051234
0.0509
0.039717
0.032432
0.033005
0.031674
0.033526
0.047842
NaN
NaN
NaN
NaN
1.02
0.15404
0.093246
0.083735
NaN
0.097782
NaN
0.078781
0.052983
0.051348
0.053794
0.033348
0.032837
0.03131
0.032154
0.034089
0.051996
0.035806
0.03475
NaN
NaN
NaN
NaN
1.0105
0.15754
0.087801
0.072077
0.094659
NaN
0.087115
NaN
0.058486
0.054505
0.05074
0.048072
0.042302
0.032769
NaN
NaN
NaN
NaN
0.97943
0.15246
0.077929
0.068151
0.090373
NaN
0.088662
NaN
NaN
NaN
NaN
NaN
1.0174
0.15163
0.083703
0.068418
0.097224
NaN
0.081094
NaN
NaN
NaN
NaN
NaN
0.98753
0.16056
0.082332
0.071463
NaN
NaN
NaN
NaN
1.013
0.15302
0.087952
0.066559
0.090106
NaN
0.079957
NaN
0.05113
0.051726
0.052776
0.033701
0.031132
0.03029
0.032135
0.033301
NaN
NaN
NaN
NaN
0.96578
0.16205
0.085803
0.071743
0.090413
NaN
0.079255
NaN
0.049742
0.051294
0.061016
0.032455
0.032204
0.041922
0.031618
0.032514
NaN
NaN
NaN
NaN
0.95845
0.15447
0.085108
0.081718
NaN
0.093255
0.075837
NaN
0.048377
0.050833
0.049419
NaN
NaN
NaN
NaN
1.0304
0.15529
0.08968
0.068406
0.08739
NaN
NaN
NaN
NaN
NaN
1.1287
0.15532
0.087359
NaN
NaN
NaN
NaN
1.0772
0.15853
0.08754
0.089465
NaN
0.093375
NaN
NaN
NaN
NaN
NaN
1.0429
0.15383
0.094061
0.067891
0.098924
NaN
NaN
NaN
NaN
NaN
1.0601
0.16163
0.10218
NaN
NaN
NaN
NaN
0.95645
0.16201
0.079935
0.067395
0.091489
NaN
0.07976
NaN
0.049011
0.067574
0.050123
0.032099
0.032168
NaN
NaN
NaN
NaN
1.0093
0.15774
0.098398
0.069517
NaN
NaN
NaN
NaN
0.97841
0.1583
0.085206
NaN
NaN
NaN
NaN
0.95848
0.15341
0.086008
0.068815
0.092985
NaN
NaN
NaN
NaN
NaN
0.98447
0.1591
0.086865
0.06669
0.092233
NaN
NaN
NaN
NaN
NaN
0.95604
0.15953
0.080463
0.065696
0.092871
NaN
0.079056
NaN
NaN
NaN
NaN
NaN
0.96338
0.15046
0.081275
0.068086
0.094098
NaN
0.077548
NaN
0.051707
0.056072
0.053826
0.031347
0.040456
0.036179
0.031154
NaN
NaN
NaN
NaN
0.96878
0.15074
0.078514
0.063541
0.092901
NaN
0.080763
NaN
0.05186
0.054279
0.0502
0.030919
0.030967
0.030307
0.031247
0.028791
0.049052
NaN
NaN
