1.2255
0.14689
0.085034
0.062603
0.10124
NaN
0.080066
NaN
0.049709
0.04709
0.045064
0.021271
0.020144
0.027125
0.022857
0.022546
0.052369
0.021235
0.021721
0.021275
0.031276
0.020857
0.044879
0.020787
0.020515
0.019455
0.020071
0.035254
0.045289
0.021078
0.032181
0.023531
0.039203
0.053788
0.068451
0.026327
0.02797
0.020748
0.019954
0.03374
0.043527
0.028967
0.021305
0.020501
0.020719
0.021279
0.052261
0.034172
0.023168
0.022823
0.023919
0.022985
0.053457
0.022824
0.021658
0.025799
0.023678
0.022418
0.055584
NaN
0.021361
0.023704
0.022599
0.022236
0.020962
0.050476
0.019924
0.020693
0.019409
0.020684
0.021057
0.046033
0.022964
0.028779
0.020119
0.02026
0.019547
0.042073
0.019955
0.021458
0.026122
0.0205
0.021203
0.043287
0.020653
0.029173
0.023907
0.020728
0.020141
0.044201
0.021592
0.020435
0.022662
0.022594
0.023855
0.054384
0.021603
0.022287
0.024112
0.031023
0.021096
0.053316
0.019306
0.019939
0.020219
0.019924
0.020238
0.04507
0.020634
0.021008
0.02004
0.020396
0.020279
0.049543
0.022121
0.019017
0.01994
0.027853
0.024597
0.044985
0.028285
0.020404
0.020581
0.032208
0.029897
0.051819
0.028146
0.027019
0.032975
0.019716
0.019682
0.042782
0.019509
0.020294
0.019625
0.021283
0.021235
0.045458
0.020641
0.031023
0.021023
0.020902
0.020917
0.042844
0.019289
0.020241
0.019569
0.019673
0.020102
0.049914
0.020132
0.019751
0.020108
0.024994
0.022505
0.047417
0.031938
0.021515
0.025052
0.022188
0.020122
0.046646
0.022195
0.020969
0.021995
0.021223
0.021342
0.054411
0.022989
0.028801
0.022225
0.023157
0.021472
0.052913
0.019903
0.019
0.019806
0.019944
0.020975
0.045649
0.019596
0.030215
0.023255
0.023671
0.025016
0.049971
0.022031
0.019075
0.03031
0.021696
0.020122
0.044009
0.022254
0.026309
0.021336
0.019842
0.021994
0.04339
0.02073
0.020725
0.020216
0.020367
0.020002
0.056782
0.023698
0.021618
0.021795
0.021184
0.022066
0.045661
0.020691
0.019988
0.03123
0.02097
0.020995
0.047166
0.021109
0.021053
0.020359
0.020304
0.020148
0.052898
0.020874
0.02022
0.019907
0.019628
0.026972
0.04922
0.024208
0.019621
0.022441
0.030658
0.023008
0.05102
0.023899
0.024287
0.018685
0.02049
0.019365
0.045073
0.028907
0.019854
0.021434
0.020369
0.019985
0.043522
0.031515
0.020025
0.028095
0.024224
0.023134
0.044034
0.020196
0.022188
0.023968
0.020955
0.027459
0.062604
0.024362
0.021594
0.019949
0.019923
0.022924
0.050356
0.020582
0.020275
0.021433
0.020133
0.024997
0.042648
0.020076
0.019484
0.019989
0.019741
0.020188
0.049208
0.020299
0.01979
0.019088
0.019687
0.028698
0.05963
NaN
0.025691
0.021154
0.021313
0.020456
0.020363
0.04379
0.022425
0.021159
0.01987
0.019999
0.020958
0.045115
0.021184
0.023153
0.019601
0.020064
0.026538
0.043794
0.019904
0.020385
0.022328
0.019979
0.031238
0.046854
0.02022
0.031476
0.018413
0.02066
0.019886
0.042616
0.031502
0.019961
0.019752
0.020558
0.024059
0.041968
0.021618
0.019662
0.020083
0.021066
0.02047
0.042857
0.019864
