0.000145
0.22339
0.005295
0.005162
0.005075
0.006711
0.006106
NaN
NaN
NaN
NaN
0.000296
0.22671
0.006026
0.004992
0.004997
0.005102
0.004933
0.005175
0.004774
0.004909
0.00498
NaN
NaN
NaN
NaN
0.000328
0.25288
NaN
NaN
NaN
NaN
0.000165
0.22404
0.006083
NaN
NaN
NaN
NaN
0.000163
0.2347
0.006622
0.00469
0.006355
0.005567
0.005061
NaN
NaN
NaN
NaN
0.000166
0.22176
0.005357
0.005419
0.005429
0.005336
NaN
NaN
NaN
NaN
0.000166
0.22907
0.005564
0.005132
0.005265
0.005695
0.00485
0.005152
0.004723
0.004914
0.005459
0.004572
0.005145
0.005245
0.004828
0.005142
0.004931
0.004965
0.004907
0.004984
0.004949
0.004753
0.005186
0.005319
0.005373
0.005453
0.005179
0.005694
0.005071
0.005867
0.009009
0.006846
0.005805
0.005577
0.005116
0.004723
0.005621
0.010525
0.007579
0.006586
0.005685
0.004821
0.004978
0.00473
0.004894
0.005
0.004768
0.004888
0.006044
0.010804
0.009229
NaN
NaN
NaN
NaN
0.000164
0.21825
NaN
NaN
NaN
NaN
0.00016
0.22845
0.00557
0.005888
0.006098
0.00543
0.005345
0.005115
