1
189.0000,351.0000,240.0000,351.0000,240.0000,455.0000,189.0000,455.0000
197.0000,353.0000,249.0000,353.0000,249.0000,458.0000,197.0000,458.0000
197.0000,353.0000,249.0000,353.0000,249.0000,458.0000,197.0000,458.0000
205.0000,357.0000,257.0000,357.0000,257.0000,462.0000,205.0000,462.0000
205.0000,357.0000,257.0000,357.0000,257.0000,462.0000,205.0000,462.0000
223.0000,356.0000,277.0000,356.0000,277.0000,465.0000,223.0000,465.0000
223.0000,356.0000,277.0000,356.0000,277.0000,465.0000,223.0000,465.0000
245.0000,359.0000,299.0000,359.0000,299.0000,469.0000,245.0000,469.0000
266.0000,359.0000,322.0000,359.0000,322.0000,472.0000,266.0000,472.0000
279.0000,359.0000,338.0000,359.0000,338.0000,478.0000,279.0000,478.0000
293.0000,359.0000,354.0000,359.0000,354.0000,483.0000,293.0000,483.0000
306.0000,358.0000,370.0000,358.0000,370.0000,487.0000,306.0000,487.0000
321.0000,358.0000,386.0000,358.0000,386.0000,491.0000,321.0000,491.0000
337.0000,359.0000,404.0000,359.0000,404.0000,493.0000,337.0000,493.0000
353.0000,360.0000,420.0000,360.0000,420.0000,496.0000,353.0000,496.0000
368.0000,358.0000,438.0000,358.0000,438.0000,499.0000,368.0000,499.0000
383.0000,361.0000,453.0000,361.0000,453.0000,502.0000,383.0000,502.0000
397.0000,368.0000,466.0000,368.0000,466.0000,508.0000,397.0000,508.0000
411.0000,372.0000,480.0000,372.0000,480.0000,511.0000,411.0000,511.0000
418.0000,365.0000,488.0000,365.0000,488.0000,505.0000,418.0000,505.0000
446.0000,408.0000,516.0000,408.0000,516.0000,549.0000,446.0000,549.0000
459.0000,376.0000,527.0000,376.0000,527.0000,514.0000,459.0000,514.0000
456.0000,376.0000,524.0000,376.0000,524.0000,513.0000,456.0000,513.0000
463.0000,360.0000,532.0000,360.0000,532.0000,500.0000,463.0000,500.0000
472.0000,351.0000,543.0000,351.0000,543.0000,494.0000,472.0000,494.0000
503.0000,353.0000,573.0000,353.0000,573.0000,494.0000,503.0000,494.0000
525.0000,371.0000,597.0000,371.0000,597.0000,515.0000,525.0000,515.0000
532.0000,368.0000,606.0000,368.0000,606.0000,518.0000,532.0000,518.0000
532.0000,368.0000,606.0000,368.0000,606.0000,518.0000,532.0000,518.0000
531.0000,367.0000,607.0000,367.0000,607.0000,519.0000,531.0000,519.0000
537.0000,365.0000,613.0000,365.0000,613.0000,518.0000,537.0000,518.0000
528.0000,400.0000,603.0000,400.0000,603.0000,551.0000,528.0000,551.0000
495.0000,374.0000,569.0000,374.0000,569.0000,524.0000,495.0000,524.0000
526.0000,404.0000,601.0000,404.0000,601.0000,555.0000,526.0000,555.0000
609.0000,385.0000,686.0000,385.0000,686.0000,541.0000,609.0000,541.0000
637.0000,418.0000,715.0000,418.0000,715.0000,575.0000,637.0000,575.0000
624.0000,394.0000,703.0000,394.0000,703.0000,554.0000,624.0000,554.0000
604.0000,397.0000,686.0000,397.0000,686.0000,562.0000,604.0000,562.0000
599.0000,401.0000,681.0000,401.0000,681.0000,566.0000,599.0000,566.0000
2
0
0
0
0
1
624.0000,173.0000,746.0000,173.0000,746.0000,315.0000,624.0000,315.0000
636.0000,190.0000,756.0000,190.0000,756.0000,331.0000,636.0000,331.0000
636.0000,190.0000,756.0000,190.0000,756.0000,331.0000,636.0000,331.0000
634.0000,163.0000,754.0000,163.0000,754.0000,304.0000,634.0000,304.0000
634.0000,163.0000,754.0000,163.0000,754.0000,304.0000,634.0000,304.0000
544.0000,266.0000,662.0000,266.0000,662.0000,405.0000,544.0000,405.0000
544.0000,266.0000,662.0000,266.0000,662.0000,405.0000,544.0000,405.0000
482.0000,216.0000,600.0000,216.0000,600.0000,353.0000,482.0000,353.0000
521.0000,188.0000,631.0000,188.0000,631.0000,316.0000,521.0000,316.0000
530.0000,148.0000,638.0000,148.0000,638.0000,275.0000,530.0000,275.0000
579.0000,186.0000,687.0000,186.0000,687.0000,313.0000,579.0000,313.0000
591.0000,158.0000,699.0000,158.0000,699.0000,284.0000,591.0000,284.0000
625.0000,162.0000,730.0000,162.0000,730.0000,286.0000,625.0000,286.0000
618.0000,209.0000,724.0000,209.0000,724.0000,333.0000,618.0000,333.0000
690.0000,161.0000,798.0000,161.0000,798.0000,286.0000,690.0000,286.0000
663.0000,213.0000,773.0000,213.0000,773.0000,342.0000,663.0000,342.0000
628.0000,229.0000,738.0000,229.0000,738.0000,358.0000,628.0000,358.0000
605.0000,224.0000,717.0000,224.0000,717.0000,355.0000,605.0000,355.0000
524.0000,158.0000,637.0000,158.0000,637.0000,289.0000,524.0000,289.0000
555.0000,130.0000,670.0000,130.0000,670.0000,264.0000,555.0000,264.0000
602.0000,148.0000,717.0000,148.0000,717.0000,282.0000,602.0000,282.0000
567.0000,210.0000,679.0000,210.0000,679.0000,341.0000,567.0000,341.0000
550.0000,234.0000,664.0000,234.0000,664.0000,368.0000,550.0000,368.0000
2
0
0
0
0
1
677.0000,449.0000,832.0000,449.0000,832.0000,613.0000,677.0000,613.0000
672.0000,449.0000,820.0000,449.0000,820.0000,605.0000,672.0000,605.0000
672.0000,449.0000,820.0000,449.0000,820.0000,605.0000,672.0000,605.0000
668.0000,449.0000,817.0000,449.0000,817.0000,606.0000,668.0000,606.0000
668.0000,449.0000,817.0000,449.0000,817.0000,606.0000,668.0000,606.0000
664.0000,446.0000,813.0000,446.0000,813.0000,603.0000,664.0000,603.0000
660.0000,445.0000,812.0000,445.0000,812.0000,605.0000,660.0000,605.0000
656.0000,442.0000,811.0000,442.0000,811.0000,604.0000,656.0000,604.0000
656.0000,442.0000,811.0000,442.0000,811.0000,604.0000,656.0000,604.0000
656.0000,443.0000,807.0000,443.0000,807.0000,602.0000,656.0000,602.0000
653.0000,443.0000,804.0000,443.0000,804.0000,603.0000,653.0000,603.0000
651.0000,442.0000,803.0000,442.0000,803.0000,602.0000,651.0000,602.0000
650.0000,441.0000,804.0000,441.0000,804.0000,602.0000,650.0000,602.0000
651.0000,439.0000,804.0000,439.0000,804.0000,600.0000,651.0000,600.0000
652.0000,439.0000,805.0000,439.0000,805.0000,599.0000,652.0000,599.0000
652.0000,438.0000,801.0000,438.0000,801.0000,595.0000,652.0000,595.0000
652.0000,438.0000,801.0000,438.0000,801.0000,595.0000,652.0000,595.0000
650.0000,437.0000,800.0000,437.0000,800.0000,594.0000,650.0000,594.0000
649.0000,435.0000,799.0000,435.0000,799.0000,593.0000,649.0000,593.0000
647.0000,435.0000,799.0000,435.0000,799.0000,594.0000,647.0000,594.0000
648.0000,436.0000,797.0000,436.0000,797.0000,593.0000,648.0000,593.0000
644.0000,434.0000,797.0000,434.0000,797.0000,595.0000,644.0000,595.0000
644.0000,433.0000,795.0000,433.0000,795.0000,592.0000,644.0000,592.0000
643.0000,433.0000,792.0000,433.0000,792.0000,590.0000,643.0000,590.0000
642.0000,434.0000,790.0000,434.0000,790.0000,590.0000,642.0000,590.0000
641.0000,435.0000,789.0000,435.0000,789.0000,590.0000,641.0000,590.0000
639.0000,433.0000,786.0000,433.0000,786.0000,588.0000,639.0000,588.0000
639.0000,433.0000,787.0000,433.0000,787.0000,588.0000,639.0000,588.0000
639.0000,433.0000,787.0000,433.0000,787.0000,588.0000,639.0000,588.0000
639.0000,436.0000,785.0000,436.0000,785.0000,589.0000,639.0000,589.0000
640.0000,438.0000,782.0000,438.0000,782.0000,587.0000,640.0000,587.0000
637.0000,439.0000,781.0000,439.0000,781.0000,590.0000,637.0000,590.0000
637.0000,440.0000,782.0000,440.0000,782.0000,592.0000,637.0000,592.0000
637.0000,440.0000,781.0000,440.0000,781.0000,592.0000,637.0000,592.0000
636.0000,440.0000,780.0000,440.0000,780.0000,591.0000,636.0000,591.0000
634.0000,437.0000,777.0000,437.0000,777.0000,588.0000,634.0000,588.0000
633.0000,438.0000,777.0000,438.0000,777.0000,590.0000,633.0000,590.0000
632.0000,439.0000,775.0000,439.0000,775.0000,590.0000,632.0000,590.0000
2
0
0
0
0
