0.00015,0.000167,0.000166,0,0,0,0,0,0,0,0,0,0,0,0
0.32177,0.22077,0.25101,0,0,0,0,0,0,0,0,0,0,0,0
0.00932,0.006088,0.008981,0,0,0,0,0,0,0,0,0,0,0,0
0.007508,0.005435,0.006482,0,0,0,0,0,0,0,0,0,0,0,0
0.006646,0.005646,0.005943,0,0,0,0,0,0,0,0,0,0,0,0
0.007022,0.005665,0.005948,0,0,0,0,0,0,0,0,0,0,0,0
0.006385,0.005957,0.005784,0,0,0,0,0,0,0,0,0,0,0,0
0.006223,0.005604,0.005625,0,0,0,0,0,0,0,0,0,0,0,0
0.005995,0.005517,0.005742,0,0,0,0,0,0,0,0,0,0,0,0
0.006387,0.005541,0.005539,0,0,0,0,0,0,0,0,0,0,0,0
0.006464,0.005407,0.005593,0,0,0,0,0,0,0,0,0,0,0,0
0.006434,0.005787,0.005855,0,0,0,0,0,0,0,0,0,0,0,0
0.006595,0.005997,0.005906,0,0,0,0,0,0,0,0,0,0,0,0
0.005914,0.005441,0.006026,0,0,0,0,0,0,0,0,0,0,0,0
0.005752,0.006006,0.006208,0,0,0,0,0,0,0,0,0,0,0,0
0.006073,0.00577,0.00572,0,0,0,0,0,0,0,0,0,0,0,0
0.006186,0.005647,0.005659,0,0,0,0,0,0,0,0,0,0,0,0
0.006328,0.005567,0.006124,0,0,0,0,0,0,0,0,0,0,0,0
0.00617,0.005952,0.005717,0,0,0,0,0,0,0,0,0,0,0,0
0.006582,0.005505,0.005546,0,0,0,0,0,0,0,0,0,0,0,0
0.006656,0.005469,0.005974,0,0,0,0,0,0,0,0,0,0,0,0
0.00575,0.005553,0.005595,0,0,0,0,0,0,0,0,0,0,0,0
0.006039,0.005898,0.008187,0,0,0,0,0,0,0,0,0,0,0,0
NaN,NaN,NaN,0,0,0,0,0,0,0,0,0,0,0,0
NaN,NaN,NaN,0,0,0,0,0,0,0,0,0,0,0,0
NaN,NaN,NaN,0,0,0,0,0,0,0,0,0,0,0,0
NaN,NaN,NaN,0,0,0,0,0,0,0,0,0,0,0,0
0.000151,0.000167,0.000145,0,0,0,0,0,0,0,0,0,0,0,0
0.29429,0.23728,0.22464,0,0,0,0,0,0,0,0,0,0,0,0
0.006677,0.00643,0.00598,0,0,0,0,0,0,0,0,0,0,0,0
0.006637,0.006415,0.005605,0,0,0,0,0,0,0,0,0,0,0,0
0.006544,0.006217,0.005811,0,0,0,0,0,0,0,0,0,0,0,0
0.0063,0.006027,0.006353,0,0,0,0,0,0,0,0,0,0,0,0
0.009484,0.005988,0.005535,0,0,0,0,0,0,0,0,0,0,0,0
0.008454,0.00615,0.007755,0,0,0,0,0,0,0,0,0,0,0,0
0.007309,0.005838,0.005706,0,0,0,0,0,0,0,0,0,0,0,0
0.006612,0.005902,0.00612,0,0,0,0,0,0,0,0,0,0,0,0
0.006038,0.005868,0.005791,0,0,0,0,0,0,0,0,0,0,0,0
0.007331,0.005962,0.005616,0,0,0,0,0,0,0,0,0,0,0,0
0.0055,0.006409,0.005689,0,0,0,0,0,0,0,0,0,0,0,0
0.006299,0.00644,0.005663,0,0,0,0,0,0,0,0,0,0,0,0
0.006817,0.006127,0.005458,0,0,0,0,0,0,0,0,0,0,0,0
0.005817,0.005868,0.00579,0,0,0,0,0,0,0,0,0,0,0,0
0.006365,0.006117,0.006273,0,0,0,0,0,0,0,0,0,0,0,0
0.011141,0.006075,0.00653,0,0,0,0,0,0,0,0,0,0,0,0
0.010453,0.005928,0.006535,0,0,0,0,0,0,0,0,0,0,0,0
0.007901,0.006634,0.009924,0,0,0,0,0,0,0,0,0,0,0,0
0.006495,0.006123,0.006593,0,0,0,0,0,0,0,0,0,0,0,0
0.007404,0.006182,0.005976,0,0,0,0,0,0,0,0,0,0,0,0
0.006937,0.006496,0.006327,0,0,0,0,0,0,0,0,0,0,0,0
0.005888,0.005988,0.00718,0,0,0,0,0,0,0,0,0,0,0,0
0.006073,0.006399,0.007553,0,0,0,0,0,0,0,0,0,0,0,0
0.006344,0.006092,0.006439,0,0,0,0,0,0,0,0,0,0,0,0
0.007603,0.005996,0.006028,0,0,0,0,0,0,0,0,0,0,0,0
0.005656,0.006237,0.005806,0,0,0,0,0,0,0,0,0,0,0,0
0.005749,0.006252,0.006118,0,0,0,0,0,0,0,0,0,0,0,0
0.006817,0.006148,0.005517,0,0,0,0,0,0,0,0,0,0,0,0
0.006091,0.006538,0.006118,0,0,0,0,0,0,0,0,0,0,0,0
0.005996,0.006158,0.00842,0,0,0,0,0,0,0,0,0,0,0,0
0.005659,0.006127,0.01022,0,0,0,0,0,0,0,0,0,0,0,0
0.005841,0.006034,0.008131,0,0,0,0,0,0,0,0,0,0,0,0
0.006053,0.006168,0.007088,0,0,0,0,0,0,0,0,0,0,0,0
0.005513,0.006126,0.005937,0,0,0,0,0,0,0,0,0,0,0,0
0.00579,0.006013,0.005622,0,0,0,0,0,0,0,0,0,0,0,0
0.005659,0.00689,0.005851,0,0,0,0,0,0,0,0,0,0,0,0
0.005494,0.006368,0.006434,0,0,0,0,0,0,0,0,0,0,0,0
0.005794,0.006044,0.006073,0,0,0,0,0,0,0,0,0,0,0,0
0.00586,0.006276,0.005861,0,0,0,0,0,0,0,0,0,0,0,0
0.005638,0.00641,0.005824,0,0,0,0,0,0,0,0,0,0,0,0
0.005784,0.008385,0.005902,0,0,0,0,0,0,0,0,0,0,0,0
0.005531,0.009108,0.005871,0,0,0,0,0,0,0,0,0,0,0,0
0.005611,0.006529,0.006374,0,0,0,0,0,0,0,0,0,0,0,0
0.005785,0.005838,0.005713,0,0,0,0,0,0,0,0,0,0,0,0
0.005652,0.006715,0.005715,0,0,0,0,0,0,0,0,0,0,0,0
0.005654,0.007008,0.005723,0,0,0,0,0,0,0,0,0,0,0,0
0.006295,0.006155,0.005646,0,0,0,0,0,0,0,0,0,0,0,0
0.006316,0.006744,0.005776,0,0,0,0,0,0,0,0,0,0,0,0
0.005727,0.006193,0.005751,0,0,0,0,0,0,0,0,0,0,0,0
0.00589,0.008368,0.005797,0,0,0,0,0,0,0,0,0,0,0,0
0.007702,0.006035,0.005642,0,0,0,0,0,0,0,0,0,0,0,0
0.006896,0.005883,0.006043,0,0,0,0,0,0,0,0,0,0,0,0
0.005774,0.013736,0.005919,0,0,0,0,0,0,0,0,0,0,0,0
0.006463,0.009649,0.007946,0,0,0,0,0,0,0,0,0,0,0,0
0.007322,0.006978,0.010784,0,0,0,0,0,0,0,0,0,0,0,0
0.006244,0.005948,0.008583,0,0,0,0,0,0,0,0,0,0,0,0
0.006164,0.007115,0.006926,0,0,0,0,0,0,0,0,0,0,0,0
0.005698,0.012004,0.006331,0,0,0,0,0,0,0,0,0,0,0,0
0.006479,0.009134,0.006054,0,0,0,0,0,0,0,0,0,0,0,0
0.005765,0.007232,0.006328,0,0,0,0,0,0,0,0,0,0,0,0
0.007356,0.006088,0.005956,0,0,0,0,0,0,0,0,0,0,0,0
0.006655,0.006177,0.005884,0,0,0,0,0,0,0,0,0,0,0,0
0.005972,0.006579,0.008428,0,0,0,0,0,0,0,0,0,0,0,0
0.006275,0.006096,0.010593,0,0,0,0,0,0,0,0,0,0,0,0
0.007798,0.006704,0.008561,0,0,0,0,0,0,0,0,0,0,0,0
0.007532,0.006511,0.006967,0,0,0,0,0,0,0,0,0,0,0,0
0.006476,0.007615,0.007015,0,0,0,0,0,0,0,0,0,0,0,0
0.006198,0.006425,0.006208,0,0,0,0,0,0,0,0,0,0,0,0
0.007124,0.005807,0.006149,0,0,0,0,0,0,0,0,0,0,0,0
0.006548,0.005803,0.00583,0,0,0,0,0,0,0,0,0,0,0,0
0.006439,0.005891,0.006858,0,0,0,0,0,0,0,0,0,0,0,0
0.006164,0.00594,0.00597,0,0,0,0,0,0,0,0,0,0,0,0
0.006522,0.005532,0.006369,0,0,0,0,0,0,0,0,0,0,0,0
0.006122,0.006192,0.006712,0,0,0,0,0,0,0,0,0,0,0,0
0.005929,0.006274,0.00663,0,0,0,0,0,0,0,0,0,0,0,0
0.006486,0.006064,0.006978,0,0,0,0,0,0,0,0,0,0,0,0
0.006087,0.0063,0.0065,0,0,0,0,0,0,0,0,0,0,0,0
0.006086,0.005763,0.006268,0,0,0,0,0,0,0,0,0,0,0,0
0.00593,0.006086,0.007388,0,0,0,0,0,0,0,0,0,0,0,0
0.008225,0.011062,0.00787,0,0,0,0,0,0,0,0,0,0,0,0
0.00644,0.010053,0.006853,0,0,0,0,0,0,0,0,0,0,0,0
0.006894,0.008312,0.006771,0,0,0,0,0,0,0,0,0,0,0,0
0.007743,0.008622,0.006379,0,0,0,0,0,0,0,0,0,0,0,0
0.006216,0.006986,0.006075,0,0,0,0,0,0,0,0,0,0,0,0
0.00603,0.007143,0.006442,0,0,0,0,0,0,0,0,0,0,0,0
0.006208,0.007017,0.006759,0,0,0,0,0,0,0,0,0,0,0,0
0.006445,0.007096,0.005895,0,0,0,0,0,0,0,0,0,0,0,0
0.006274,0.006723,0.005791,0,0,0,0,0,0,0,0,0,0,0,0
0.006374,0.007273,0.006124,0,0,0,0,0,0,0,0,0,0,0,0
0.006659,0.007178,0.005852,0,0,0,0,0,0,0,0,0,0,0,0
0.007525,0.00894,0.005985,0,0,0,0,0,0,0,0,0,0,0,0
0.009102,0.012495,0.005813,0,0,0,0,0,0,0,0,0,0,0,0
0.006359,0.00824,0.005837,0,0,0,0,0,0,0,0,0,0,0,0
0.006134,0.008252,0.005919,0,0,0,0,0,0,0,0,0,0,0,0
0.006475,0.01205,0.00615,0,0,0,0,0,0,0,0,0,0,0,0
0.006618,0.008509,0.006213,0,0,0,0,0,0,0,0,0,0,0,0
0.008996,0.007107,0.005775,0,0,0,0,0,0,0,0,0,0,0,0
0.010033,0.006634,0.006158,0,0,0,0,0,0,0,0,0,0,0,0
0.010212,0.005967,0.005789,0,0,0,0,0,0,0,0,0,0,0,0
0.011744,0.006011,0.005847,0,0,0,0,0,0,0,0,0,0,0,0
0.007981,0.005814,0.005976,0,0,0,0,0,0,0,0,0,0,0,0
0.007339,0.006076,0.006065,0,0,0,0,0,0,0,0,0,0,0,0
0.007235,0.006586,0.006285,0,0,0,0,0,0,0,0,0,0,0,0
0.006404,0.006262,0.006536,0,0,0,0,0,0,0,0,0,0,0,0
0.005766,0.006935,0.006536,0,0,0,0,0,0,0,0,0,0,0,0
0.006365,0.005856,0.005806,0,0,0,0,0,0,0,0,0,0,0,0
0.00642,0.005972,0.00609,0,0,0,0,0,0,0,0,0,0,0,0
0.00698,0.005766,0.005825,0,0,0,0,0,0,0,0,0,0,0,0
0.006056,0.006075,0.006008,0,0,0,0,0,0,0,0,0,0,0,0
0.006478,0.007813,0.006046,0,0,0,0,0,0,0,0,0,0,0,0
0.006387,0.006149,0.005547,0,0,0,0,0,0,0,0,0,0,0,0
0.006503,0.005819,0.005956,0,0,0,0,0,0,0,0,0,0,0,0
0.006681,0.00586,0.005632,0,0,0,0,0,0,0,0,0,0,0,0
0.006076,0.006256,0.005704,0,0,0,0,0,0,0,0,0,0,0,0
0.006254,0.005935,0.00587,0,0,0,0,0,0,0,0,0,0,0,0
0.006588,0.005788,0.005702,0,0,0,0,0,0,0,0,0,0,0,0
0.007235,0.006,0.005783,0,0,0,0,0,0,0,0,0,0,0,0
0.006783,0.005815,0.005922,0,0,0,0,0,0,0,0,0,0,0,0
0.006048,0.00601,0.005996,0,0,0,0,0,0,0,0,0,0,0,0
0.006608,0.006861,0.006039,0,0,0,0,0,0,0,0,0,0,0,0
0.008335,0.006257,0.005598,0,0,0,0,0,0,0,0,0,0,0,0
0.010461,0.006044,0.005858,0,0,0,0,0,0,0,0,0,0,0,0
0.008177,0.00578,0.005779,0,0,0,0,0,0,0,0,0,0,0,0
0.007201,0.006198,0.006214,0,0,0,0,0,0,0,0,0,0,0,0
0.006459,0.006402,0.005774,0,0,0,0,0,0,0,0,0,0,0,0
0.006831,0.005787,0.005772,0,0,0,0,0,0,0,0,0,0,0,0
0.006375,0.007116,0.005975,0,0,0,0,0,0,0,0,0,0,0,0
0.006554,0.006394,0.00572,0,0,0,0,0,0,0,0,0,0,0,0
0.006771,0.005859,0.00552,0,0,0,0,0,0,0,0,0,0,0,0
0.006724,0.006162,0.005785,0,0,0,0,0,0,0,0,0,0,0,0
0.006535,0.006018,0.005944,0,0,0,0,0,0,0,0,0,0,0,0
0.006628,0.006181,0.006182,0,0,0,0,0,0,0,0,0,0,0,0
0.005958,0.005947,0.00579,0,0,0,0,0,0,0,0,0,0,0,0
0.006892,0.005925,0.006123,0,0,0,0,0,0,0,0,0,0,0,0
0.006232,0.005772,0.006519,0,0,0,0,0,0,0,0,0,0,0,0
0.00632,0.006595,0.006214,0,0,0,0,0,0,0,0,0,0,0,0
0.005691,0.007137,0.005922,0,0,0,0,0,0,0,0,0,0,0,0
0.00615,0.005853,0.005645,0,0,0,0,0,0,0,0,0,0,0,0
0.008621,0.007093,0.005818,0,0,0,0,0,0,0,0,0,0,0,0
0.011514,0.005798,0.006324,0,0,0,0,0,0,0,0,0,0,0,0
0.007788,0.006111,0.00606,0,0,0,0,0,0,0,0,0,0,0,0
0.006881,0.005859,0.006681,0,0,0,0,0,0,0,0,0,0,0,0
0.006375,0.005837,0.005854,0,0,0,0,0,0,0,0,0,0,0,0
0.005724,0.006082,0.005742,0,0,0,0,0,0,0,0,0,0,0,0
0.005389,0.006013,0.006412,0,0,0,0,0,0,0,0,0,0,0,0
0.005705,0.00649,0.006063,0,0,0,0,0,0,0,0,0,0,0,0
0.006221,0.006347,0.00578,0,0,0,0,0,0,0,0,0,0,0,0
0.005655,0.006255,0.006261,0,0,0,0,0,0,0,0,0,0,0,0
0.006208,0.006466,0.006102,0,0,0,0,0,0,0,0,0,0,0,0
0.005659,0.005764,0.006035,0,0,0,0,0,0,0,0,0,0,0,0
0.005626,0.005821,0.005923,0,0,0,0,0,0,0,0,0,0,0,0
0.006107,0.005889,0.005937,0,0,0,0,0,0,0,0,0,0,0,0
0.006357,0.006269,0.005956,0,0,0,0,0,0,0,0,0,0,0,0
0.005938,0.005762,0.005822,0,0,0,0,0,0,0,0,0,0,0,0
0.006174,0.005786,0.00609,0,0,0,0,0,0,0,0,0,0,0,0
0.005632,0.006663,0.005871,0,0,0,0,0,0,0,0,0,0,0,0
0.007153,0.006384,0.005941,0,0,0,0,0,0,0,0,0,0,0,0
0.005815,0.005697,0.005846,0,0,0,0,0,0,0,0,0,0,0,0
0.005573,0.005921,0.005521,0,0,0,0,0,0,0,0,0,0,0,0
0.005671,0.005791,0.005972,0,0,0,0,0,0,0,0,0,0,0,0
0.006336,0.005792,0.006373,0,0,0,0,0,0,0,0,0,0,0,0
0.008368,0.005925,0.005689,0,0,0,0,0,0,0,0,0,0,0,0
0.006164,0.008483,0.005691,0,0,0,0,0,0,0,0,0,0,0,0
0.005979,0.010554,0.005809,0,0,0,0,0,0,0,0,0,0,0,0
0.006083,0.008822,0.008192,0,0,0,0,0,0,0,0,0,0,0,0
0.00636,0.006815,0.010334,0,0,0,0,0,0,0,0,0,0,0,0
0.006507,0.00589,0.007927,0,0,0,0,0,0,0,0,0,0,0,0
0.005657,0.005874,0.00682,0,0,0,0,0,0,0,0,0,0,0,0
0.005525,0.00814,0.005914,0,0,0,0,0,0,0,0,0,0,0,0
0.005502,0.010451,0.005813,0,0,0,0,0,0,0,0,0,0,0,0
0.00636,0.008208,0.005529,0,0,0,0,0,0,0,0,0,0,0,0
0.00604,0.007023,0.005644,0,0,0,0,0,0,0,0,0,0,0,0
0.006052,0.005905,0.005616,0,0,0,0,0,0,0,0,0,0,0,0
0.00594,0.005798,0.006162,0,0,0,0,0,0,0,0,0,0,0,0
0.006528,0.006141,0.010712,0,0,0,0,0,0,0,0,0,0,0,0
0.006199,0.005835,0.008272,0,0,0,0,0,0,0,0,0,0,0,0
0.006177,0.005883,0.006762,0,0,0,0,0,0,0,0,0,0,0,0
0.006498,0.006261,0.006179,0,0,0,0,0,0,0,0,0,0,0,0
0.006131,0.006092,0.005673,0,0,0,0,0,0,0,0,0,0,0,0
0.005986,0.006078,0.006064,0,0,0,0,0,0,0,0,0,0,0,0
0.006845,0.005935,0.005826,0,0,0,0,0,0,0,0,0,0,0,0
0.006569,0.005806,0.005743,0,0,0,0,0,0,0,0,0,0,0,0
0.006354,0.005664,0.006143,0,0,0,0,0,0,0,0,0,0,0,0
0.006443,0.005815,0.00613,0,0,0,0,0,0,0,0,0,0,0,0
0.00813,0.005651,0.005662,0,0,0,0,0,0,0,0,0,0,0,0
0.009534,0.005714,0.005736,0,0,0,0,0,0,0,0,0,0,0,0
0.006609,0.005775,0.005645,0,0,0,0,0,0,0,0,0,0,0,0
0.00643,0.005686,0.005671,0,0,0,0,0,0,0,0,0,0,0,0
0.006719,0.005703,0.005792,0,0,0,0,0,0,0,0,0,0,0,0
0.00947,0.005745,0.005883,0,0,0,0,0,0,0,0,0,0,0,0
0.007005,0.005689,0.006037,0,0,0,0,0,0,0,0,0,0,0,0
0.006066,0.005814,0.006009,0,0,0,0,0,0,0,0,0,0,0,0
0.007139,0.006334,0.005828,0,0,0,0,0,0,0,0,0,0,0,0
0.006145,0.00573,0.005915,0,0,0,0,0,0,0,0,0,0,0,0
0.005833,0.00567,0.005819,0,0,0,0,0,0,0,0,0,0,0,0
0.006921,0.00574,0.005557,0,0,0,0,0,0,0,0,0,0,0,0
0.006433,0.0058,0.006337,0,0,0,0,0,0,0,0,0,0,0,0
0.00741,0.005577,0.005864,0,0,0,0,0,0,0,0,0,0,0,0
0.008555,0.005792,0.005932,0,0,0,0,0,0,0,0,0,0,0,0
0.007325,0.005541,0.005873,0,0,0,0,0,0,0,0,0,0,0,0
0.008507,0.005515,0.005662,0,0,0,0,0,0,0,0,0,0,0,0
0.006379,0.005708,0.005663,0,0,0,0,0,0,0,0,0,0,0,0
0.006688,0.005963,0.00573,0,0,0,0,0,0,0,0,0,0,0,0
0.008165,0.005676,0.005709,0,0,0,0,0,0,0,0,0,0,0,0
0.007257,0.0055,0.005957,0,0,0,0,0,0,0,0,0,0,0,0
0.006317,0.005753,0.005789,0,0,0,0,0,0,0,0,0,0,0,0
0.006921,0.005757,0.005945,0,0,0,0,0,0,0,0,0,0,0,0
0.00632,0.006213,0.006535,0,0,0,0,0,0,0,0,0,0,0,0
0.00694,0.005896,0.005806,0,0,0,0,0,0,0,0,0,0,0,0
0.006824,0.005869,0.005778,0,0,0,0,0,0,0,0,0,0,0,0
0.006718,0.008053,0.005865,0,0,0,0,0,0,0,0,0,0,0,0
0.006947,0.010171,0.005842,0,0,0,0,0,0,0,0,0,0,0,0
0.00712,0.008548,0.006169,0,0,0,0,0,0,0,0,0,0,0,0
0.008128,0.007557,0.007004,0,0,0,0,0,0,0,0,0,0,0,0
0.00719,0.00623,0.007032,0,0,0,0,0,0,0,0,0,0,0,0
0.007244,0.006591,0.006114,0,0,0,0,0,0,0,0,0,0,0,0
0.00749,0.006262,0.006641,0,0,0,0,0,0,0,0,0,0,0,0
0.007215,0.006137,0.006807,0,0,0,0,0,0,0,0,0,0,0,0
0.007319,0.006201,0.006733,0,0,0,0,0,0,0,0,0,0,0,0
NaN,NaN,NaN,0,0,0,0,0,0,0,0,0,0,0,0
NaN,NaN,NaN,0,0,0,0,0,0,0,0,0,0,0,0
NaN,NaN,NaN,0,0,0,0,0,0,0,0,0,0,0,0
NaN,NaN,NaN,0,0,0,0,0,0,0,0,0,0,0,0
0.000346,0.000175,0.00016,0,0,0,0,0,0,0,0,0,0,0,0
0.23267,0.22235,0.22821,0,0,0,0,0,0,0,0,0,0,0,0
0.006124,0.006723,0.006166,0,0,0,0,0,0,0,0,0,0,0,0
0.005802,0.006131,0.005704,0,0,0,0,0,0,0,0,0,0,0,0
0.005996,0.006472,0.005757,0,0,0,0,0,0,0,0,0,0,0,0
0.006261,0.005941,0.005941,0,0,0,0,0,0,0,0,0,0,0,0
0.006356,0.006081,0.005964,0,0,0,0,0,0,0,0,0,0,0,0
0.006224,0.005787,0.005672,0,0,0,0,0,0,0,0,0,0,0,0
0.006234,0.005848,0.005787,0,0,0,0,0,0,0,0,0,0,0,0
0.006,0.005919,0.006157,0,0,0,0,0,0,0,0,0,0,0,0
0.006097,0.005991,0.006091,0,0,0,0,0,0,0,0,0,0,0,0
0.006107,0.006009,0.006192,0,0,0,0,0,0,0,0,0,0,0,0
0.00636,0.007661,0.006178,0,0,0,0,0,0,0,0,0,0,0,0
0.005846,0.006064,0.005936,0,0,0,0,0,0,0,0,0,0,0,0
0.006155,0.007498,0.006172,0,0,0,0,0,0,0,0,0,0,0,0
0.00606,0.006109,0.006338,0,0,0,0,0,0,0,0,0,0,0,0
0.006024,0.006146,0.006064,0,0,0,0,0,0,0,0,0,0,0,0
0.006584,0.007269,0.006229,0,0,0,0,0,0,0,0,0,0,0,0
0.005885,0.006271,0.006029,0,0,0,0,0,0,0,0,0,0,0,0
0.005922,0.005978,0.006572,0,0,0,0,0,0,0,0,0,0,0,0
0.005911,0.005806,0.006107,0,0,0,0,0,0,0,0,0,0,0,0
0.005782,0.006412,0.009359,0,0,0,0,0,0,0,0,0,0,0,0
0.006312,0.005996,0.011583,0,0,0,0,0,0,0,0,0,0,0,0
0.006077,0.006033,0.010298,0,0,0,0,0,0,0,0,0,0,0,0
0.006163,0.005703,0.008317,0,0,0,0,0,0,0,0,0,0,0,0
0.006214,0.005922,0.006633,0,0,0,0,0,0,0,0,0,0,0,0
0.006054,0.006024,0.005729,0,0,0,0,0,0,0,0,0,0,0,0
0.005806,0.005759,0.005805,0,0,0,0,0,0,0,0,0,0,0,0
0.0069,0.005838,0.005907,0,0,0,0,0,0,0,0,0,0,0,0
0.005836,0.005955,0.00641,0,0,0,0,0,0,0,0,0,0,0,0
0.006134,0.005975,0.006004,0,0,0,0,0,0,0,0,0,0,0,0
0.00613,0.005903,0.006153,0,0,0,0,0,0,0,0,0,0,0,0
0.006229,0.006207,0.006345,0,0,0,0,0,0,0,0,0,0,0,0
0.006069,0.005849,0.006393,0,0,0,0,0,0,0,0,0,0,0,0
0.005997,0.005971,0.005732,0,0,0,0,0,0,0,0,0,0,0,0
0.006535,0.005852,0.006185,0,0,0,0,0,0,0,0,0,0,0,0
0.006023,0.005729,0.005887,0,0,0,0,0,0,0,0,0,0,0,0
0.006013,0.006108,0.005828,0,0,0,0,0,0,0,0,0,0,0,0
0.008543,0.005965,0.006257,0,0,0,0,0,0,0,0,0,0,0,0
0.012646,0.005853,0.006147,0,0,0,0,0,0,0,0,0,0,0,0
0.008233,0.005864,0.005673,0,0,0,0,0,0,0,0,0,0,0,0
0.00685,0.005962,0.00593,0,0,0,0,0,0,0,0,0,0,0,0
0.006078,0.005982,0.006417,0,0,0,0,0,0,0,0,0,0,0,0
0.011802,0.006192,0.008868,0,0,0,0,0,0,0,0,0,0,0,0
0.009988,0.006076,0.010044,0,0,0,0,0,0,0,0,0,0,0,0
0.008931,0.005809,0.007769,0,0,0,0,0,0,0,0,0,0,0,0
0.006652,0.006077,0.006618,0,0,0,0,0,0,0,0,0,0,0,0
0.009009,0.006098,0.006303,0,0,0,0,0,0,0,0,0,0,0,0
0.010275,0.006014,0.005746,0,0,0,0,0,0,0,0,0,0,0,0
0.007973,0.006111,0.005565,0,0,0,0,0,0,0,0,0,0,0,0
0.006941,0.005858,0.00613,0,0,0,0,0,0,0,0,0,0,0,0
0.006457,0.005746,0.005917,0,0,0,0,0,0,0,0,0,0,0,0
0.006052,0.006046,0.005903,0,0,0,0,0,0,0,0,0,0,0,0
0.005762,0.006084,0.006237,0,0,0,0,0,0,0,0,0,0,0,0
0.006232,0.006034,0.005865,0,0,0,0,0,0,0,0,0,0,0,0
0.005978,0.007156,0.006251,0,0,0,0,0,0,0,0,0,0,0,0
0.006306,0.006738,0.006282,0,0,0,0,0,0,0,0,0,0,0,0
0.006354,0.005999,0.005988,0,0,0,0,0,0,0,0,0,0,0,0
0.006034,0.006701,0.006056,0,0,0,0,0,0,0,0,0,0,0,0
0.006081,0.005873,0.006484,0,0,0,0,0,0,0,0,0,0,0,0
0.00575,0.006298,0.005774,0,0,0,0,0,0,0,0,0,0,0,0
0.006299,0.005934,0.005777,0,0,0,0,0,0,0,0,0,0,0,0
0.01042,0.006635,0.008043,0,0,0,0,0,0,0,0,0,0,0,0
NaN,NaN,NaN,0,0,0,0,0,0,0,0,0,0,0,0
NaN,NaN,NaN,0,0,0,0,0,0,0,0,0,0,0,0
NaN,NaN,NaN,0,0,0,0,0,0,0,0,0,0,0,0
NaN,NaN,NaN,0,0,0,0,0,0,0,0,0,0,0,0
0.000156,0.000182,0.00016,0,0,0,0,0,0,0,0,0,0,0,0
0.24737,0.22517,0.23912,0,0,0,0,0,0,0,0,0,0,0,0
0.005856,0.005898,0.007439,0,0,0,0,0,0,0,0,0,0,0,0
0.005428,0.005611,0.00742,0,0,0,0,0,0,0,0,0,0,0,0
0.006663,0.005825,0.005547,0,0,0,0,0,0,0,0,0,0,0,0
0.005566,0.006091,0.006247,0,0,0,0,0,0,0,0,0,0,0,0
0.005537,0.006018,0.005803,0,0,0,0,0,0,0,0,0,0,0,0
0.005728,0.005781,0.005919,0,0,0,0,0,0,0,0,0,0,0,0
0.005568,0.005962,0.005555,0,0,0,0,0,0,0,0,0,0,0,0
0.005886,0.005735,0.005665,0,0,0,0,0,0,0,0,0,0,0,0
0.005785,0.005628,0.005819,0,0,0,0,0,0,0,0,0,0,0,0
0.005644,0.005783,0.005734,0,0,0,0,0,0,0,0,0,0,0,0
0.005578,0.005654,0.006929,0,0,0,0,0,0,0,0,0,0,0,0
0.005849,0.005692,0.009245,0,0,0,0,0,0,0,0,0,0,0,0
0.005549,0.00567,0.011889,0,0,0,0,0,0,0,0,0,0,0,0
0.005566,0.00591,0.008563,0,0,0,0,0,0,0,0,0,0,0,0
0.005472,0.005712,0.007364,0,0,0,0,0,0,0,0,0,0,0,0
0.005549,0.005612,0.005717,0,0,0,0,0,0,0,0,0,0,0,0
0.005414,0.005663,0.005639,0,0,0,0,0,0,0,0,0,0,0,0
0.005477,0.005637,0.006345,0,0,0,0,0,0,0,0,0,0,0,0
0.005582,0.005578,0.005901,0,0,0,0,0,0,0,0,0,0,0,0
0.006206,0.005659,0.005779,0,0,0,0,0,0,0,0,0,0,0,0
0.005631,0.005661,0.006385,0,0,0,0,0,0,0,0,0,0,0,0
0.005745,0.00563,0.005834,0,0,0,0,0,0,0,0,0,0,0,0
0.005623,0.005594,0.005676,0,0,0,0,0,0,0,0,0,0,0,0
0.005566,0.005566,0.007887,0,0,0,0,0,0,0,0,0,0,0,0
0.006335,0.005711,0.010955,0,0,0,0,0,0,0,0,0,0,0,0
0.005533,0.005667,0.008482,0,0,0,0,0,0,0,0,0,0,0,0
0.005493,0.005662,0.006704,0,0,0,0,0,0,0,0,0,0,0,0
0.005625,0.00554,0.006345,0,0,0,0,0,0,0,0,0,0,0,0
0.005449,0.005502,0.005618,0,0,0,0,0,0,0,0,0,0,0,0
0.005695,0.005908,0.008281,0,0,0,0,0,0,0,0,0,0,0,0
0.005685,0.005951,0.011906,0,0,0,0,0,0,0,0,0,0,0,0
0.005829,0.006295,0.008409,0,0,0,0,0,0,0,0,0,0,0,0
0.006069,0.005899,0.008123,0,0,0,0,0,0,0,0,0,0,0,0
0.005592,0.005866,0.005772,0,0,0,0,0,0,0,0,0,0,0,0
0.005867,0.006068,0.006299,0,0,0,0,0,0,0,0,0,0,0,0
0.006349,0.006004,0.006256,0,0,0,0,0,0,0,0,0,0,0,0
0.005847,0.005573,0.006867,0,0,0,0,0,0,0,0,0,0,0,0
0.005889,0.005814,0.006276,0,0,0,0,0,0,0,0,0,0,0,0
0.005961,0.005614,0.006577,0,0,0,0,0,0,0,0,0,0,0,0
0.005538,0.005531,0.006326,0,0,0,0,0,0,0,0,0,0,0,0
0.00566,0.005616,0.005623,0,0,0,0,0,0,0,0,0,0,0,0
0.005444,0.005535,0.006683,0,0,0,0,0,0,0,0,0,0,0,0
0.005586,0.005911,0.005899,0,0,0,0,0,0,0,0,0,0,0,0
0.005771,0.005795,0.006026,0,0,0,0,0,0,0,0,0,0,0,0
0.005638,0.005808,0.005787,0,0,0,0,0,0,0,0,0,0,0,0
0.005697,0.005884,0.005907,0,0,0,0,0,0,0,0,0,0,0,0
0.005449,0.005793,0.005616,0,0,0,0,0,0,0,0,0,0,0,0
0.005447,0.006146,0.005887,0,0,0,0,0,0,0,0,0,0,0,0
0.005649,0.006069,0.006023,0,0,0,0,0,0,0,0,0,0,0,0
0.006128,0.005508,0.005644,0,0,0,0,0,0,0,0,0,0,0,0
0.007007,0.005717,0.00575,0,0,0,0,0,0,0,0,0,0,0,0
0.006274,0.005551,0.006099,0,0,0,0,0,0,0,0,0,0,0,0
0.005946,0.005937,0.005759,0,0,0,0,0,0,0,0,0,0,0,0
0.006161,0.005539,0.006171,0,0,0,0,0,0,0,0,0,0,0,0
0.005424,0.005603,0.006545,0,0,0,0,0,0,0,0,0,0,0,0
0.007798,0.005519,0.005908,0,0,0,0,0,0,0,0,0,0,0,0
0.011021,0.005636,0.006937,0,0,0,0,0,0,0,0,0,0,0,0
0.008399,0.005501,0.006361,0,0,0,0,0,0,0,0,0,0,0,0
0.008506,0.005653,0.005709,0,0,0,0,0,0,0,0,0,0,0,0
0.011021,0.005528,0.005832,0,0,0,0,0,0,0,0,0,0,0,0
0.008527,0.005804,0.006753,0,0,0,0,0,0,0,0,0,0,0,0
0.006454,0.005501,0.006441,0,0,0,0,0,0,0,0,0,0,0,0
0.006256,0.005552,0.006575,0,0,0,0,0,0,0,0,0,0,0,0
0.00574,0.005819,0.006538,0,0,0,0,0,0,0,0,0,0,0,0
0.008273,0.006121,0.005914,0,0,0,0,0,0,0,0,0,0,0,0
0.010951,0.005546,0.005696,0,0,0,0,0,0,0,0,0,0,0,0
0.008349,0.005554,0.007475,0,0,0,0,0,0,0,0,0,0,0,0
0.006795,0.00557,0.006282,0,0,0,0,0,0,0,0,0,0,0,0
0.00617,0.005794,0.007479,0,0,0,0,0,0,0,0,0,0,0,0
0.005669,0.005859,0.008288,0,0,0,0,0,0,0,0,0,0,0,0
0.005668,0.005658,0.006389,0,0,0,0,0,0,0,0,0,0,0,0
0.008046,0.005534,0.006858,0,0,0,0,0,0,0,0,0,0,0,0
0.010577,0.00558,0.021116,0,0,0,0,0,0,0,0,0,0,0,0
0.008038,0.005887,0.007974,0,0,0,0,0,0,0,0,0,0,0,0
0.00701,0.006356,0.006439,0,0,0,0,0,0,0,0,0,0,0,0
0.00595,0.006282,0.006426,0,0,0,0,0,0,0,0,0,0,0,0
0.006238,0.005826,0.005872,0,0,0,0,0,0,0,0,0,0,0,0
0.005739,0.006247,0.006268,0,0,0,0,0,0,0,0,0,0,0,0
0.005695,0.00606,0.006173,0,0,0,0,0,0,0,0,0,0,0,0
0.008148,0.005577,0.005659,0,0,0,0,0,0,0,0,0,0,0,0
0.011436,0.006513,0.006607,0,0,0,0,0,0,0,0,0,0,0,0
0.008042,0.005862,0.007332,0,0,0,0,0,0,0,0,0,0,0,0
0.006526,0.006013,0.007742,0,0,0,0,0,0,0,0,0,0,0,0
0.006341,0.00567,0.005986,0,0,0,0,0,0,0,0,0,0,0,0
0.005954,0.006093,0.007067,0,0,0,0,0,0,0,0,0,0,0,0
0.00563,0.005752,0.0068,0,0,0,0,0,0,0,0,0,0,0,0
0.005699,0.005585,0.00623,0,0,0,0,0,0,0,0,0,0,0,0
0.005724,0.005937,0.006282,0,0,0,0,0,0,0,0,0,0,0,0
0.005663,0.005673,0.005751,0,0,0,0,0,0,0,0,0,0,0,0
0.005614,0.005553,0.00584,0,0,0,0,0,0,0,0,0,0,0,0
0.005657,0.005588,0.006228,0,0,0,0,0,0,0,0,0,0,0,0
0.005624,0.006293,0.005683,0,0,0,0,0,0,0,0,0,0,0,0
0.005649,0.005787,0.008232,0,0,0,0,0,0,0,0,0,0,0,0
0.00564,0.005805,0.006221,0,0,0,0,0,0,0,0,0,0,0,0
0.005943,0.005553,0.005853,0,0,0,0,0,0,0,0,0,0,0,0
0.005813,0.005488,0.006172,0,0,0,0,0,0,0,0,0,0,0,0
0.006286,0.005843,0.005766,0,0,0,0,0,0,0,0,0,0,0,0
0.005813,0.005767,0.005644,0,0,0,0,0,0,0,0,0,0,0,0
0.00556,0.005688,0.006055,0,0,0,0,0,0,0,0,0,0,0,0
0.005886,0.005534,0.005685,0,0,0,0,0,0,0,0,0,0,0,0
0.007085,0.006042,0.006897,0,0,0,0,0,0,0,0,0,0,0,0
0.005947,0.005775,0.006883,0,0,0,0,0,0,0,0,0,0,0,0
0.006402,0.005563,0.006265,0,0,0,0,0,0,0,0,0,0,0,0
0.006118,0.005508,0.006059,0,0,0,0,0,0,0,0,0,0,0,0
0.005943,0.005508,0.005807,0,0,0,0,0,0,0,0,0,0,0,0
0.005529,0.005599,0.006689,0,0,0,0,0,0,0,0,0,0,0,0
0.005663,0.005555,0.006016,0,0,0,0,0,0,0,0,0,0,0,0
0.005528,0.006292,0.005707,0,0,0,0,0,0,0,0,0,0,0,0
0.005754,0.006377,0.00593,0,0,0,0,0,0,0,0,0,0,0,0
0.005886,0.005701,0.006074,0,0,0,0,0,0,0,0,0,0,0,0
0.005785,0.005739,0.005777,0,0,0,0,0,0,0,0,0,0,0,0
0.005763,0.005625,0.005579,0,0,0,0,0,0,0,0,0,0,0,0
0.005674,0.005509,0.006422,0,0,0,0,0,0,0,0,0,0,0,0
0.005776,0.005708,0.005596,0,0,0,0,0,0,0,0,0,0,0,0
0.005702,0.005487,0.005715,0,0,0,0,0,0,0,0,0,0,0,0
0.005561,0.005757,0.006462,0,0,0,0,0,0,0,0,0,0,0,0
0.005747,0.005607,0.005899,0,0,0,0,0,0,0,0,0,0,0,0
0.006644,0.005787,0.005817,0,0,0,0,0,0,0,0,0,0,0,0
0.006281,0.006049,0.006547,0,0,0,0,0,0,0,0,0,0,0,0
0.006188,0.006184,0.008994,0,0,0,0,0,0,0,0,0,0,0,0
0.005955,0.005699,0.011121,0,0,0,0,0,0,0,0,0,0,0,0
0.006008,0.005873,0.009264,0,0,0,0,0,0,0,0,0,0,0,0
0.005793,0.005879,0.006522,0,0,0,0,0,0,0,0,0,0,0,0
0.005863,0.005992,0.005979,0,0,0,0,0,0,0,0,0,0,0,0
0.005924,0.005922,0.005701,0,0,0,0,0,0,0,0,0,0,0,0
0.005884,0.005712,0.005869,0,0,0,0,0,0,0,0,0,0,0,0
0.005648,0.005494,0.006001,0,0,0,0,0,0,0,0,0,0,0,0
0.005679,0.005753,0.007264,0,0,0,0,0,0,0,0,0,0,0,0
0.006033,0.005663,0.009777,0,0,0,0,0,0,0,0,0,0,0,0
0.005604,0.006007,0.006036,0,0,0,0,0,0,0,0,0,0,0,0
0.005632,0.005884,0.005811,0,0,0,0,0,0,0,0,0,0,0,0
0.005942,0.005888,0.005558,0,0,0,0,0,0,0,0,0,0,0,0
0.005789,0.005612,0.005941,0,0,0,0,0,0,0,0,0,0,0,0
0.005611,0.005589,0.006429,0,0,0,0,0,0,0,0,0,0,0,0
0.006192,0.005535,0.005718,0,0,0,0,0,0,0,0,0,0,0,0
0.006682,0.005564,0.00636,0,0,0,0,0,0,0,0,0,0,0,0
0.005814,0.00588,0.005604,0,0,0,0,0,0,0,0,0,0,0,0
0.006169,0.00561,0.005746,0,0,0,0,0,0,0,0,0,0,0,0
0.006064,0.005534,0.006217,0,0,0,0,0,0,0,0,0,0,0,0
0.00594,0.0056,0.005741,0,0,0,0,0,0,0,0,0,0,0,0
0.006195,0.005873,0.005591,0,0,0,0,0,0,0,0,0,0,0,0
0.005969,0.005537,0.00573,0,0,0,0,0,0,0,0,0,0,0,0
0.005651,0.005649,0.006292,0,0,0,0,0,0,0,0,0,0,0,0
0.005617,0.005761,0.006005,0,0,0,0,0,0,0,0,0,0,0,0
0.005684,0.005728,0.00633,0,0,0,0,0,0,0,0,0,0,0,0
0.008015,0.005621,0.006682,0,0,0,0,0,0,0,0,0,0,0,0
0.011435,0.006238,0.006501,0,0,0,0,0,0,0,0,0,0,0,0
0.011181,0.006062,0.006286,0,0,0,0,0,0,0,0,0,0,0,0
0.008965,0.00573,0.006555,0,0,0,0,0,0,0,0,0,0,0,0
0.007649,0.005645,0.006358,0,0,0,0,0,0,0,0,0,0,0,0
0.005664,0.005719,0.006372,0,0,0,0,0,0,0,0,0,0,0,0
0.006027,0.005577,0.006173,0,0,0,0,0,0,0,0,0,0,0,0
0.006157,0.005757,0.00632,0,0,0,0,0,0,0,0,0,0,0,0
0.006281,0.005858,0.006634,0,0,0,0,0,0,0,0,0,0,0,0
0.005651,0.005614,0.006464,0,0,0,0,0,0,0,0,0,0,0,0
0.008058,0.00559,0.00644,0,0,0,0,0,0,0,0,0,0,0,0
0.010518,0.005906,0.006274,0,0,0,0,0,0,0,0,0,0,0,0
0.008047,0.005672,0.006271,0,0,0,0,0,0,0,0,0,0,0,0
0.006827,0.005626,0.006105,0,0,0,0,0,0,0,0,0,0,0,0
0.006021,0.005686,0.006337,0,0,0,0,0,0,0,0,0,0,0,0
0.010932,0.005634,0.00588,0,0,0,0,0,0,0,0,0,0,0,0
0.007068,0.005041,0.005662,0,0,0,0,0,0,0,0,0,0,0,0
0.006425,0.004884,0.005549,0,0,0,0,0,0,0,0,0,0,0,0
0.005562,0.005681,0.00491,0,0,0,0,0,0,0,0,0,0,0,0
0.004753,0.004998,0.004866,0,0,0,0,0,0,0,0,0,0,0,0
0.004846,0.004853,0.004996,0,0,0,0,0,0,0,0,0,0,0,0
0.004705,0.004657,0.004804,0,0,0,0,0,0,0,0,0,0,0,0
0.004868,0.005253,0.004911,0,0,0,0,0,0,0,0,0,0,0,0
0.004823,0.004657,0.00497,0,0,0,0,0,0,0,0,0,0,0,0
0.005127,0.004613,0.005059,0,0,0,0,0,0,0,0,0,0,0,0
0.004611,0.004507,0.005239,0,0,0,0,0,0,0,0,0,0,0,0
0.004842,0.004573,0.004841,0,0,0,0,0,0,0,0,0,0,0,0
0.004922,0.00462,0.004701,0,0,0,0,0,0,0,0,0,0,0,0
0.004621,0.004835,0.004649,0,0,0,0,0,0,0,0,0,0,0,0
0.004594,0.004668,0.004702,0,0,0,0,0,0,0,0,0,0,0,0
0.004679,0.004995,0.004939,0,0,0,0,0,0,0,0,0,0,0,0
0.005228,0.004556,0.005068,0,0,0,0,0,0,0,0,0,0,0,0
0.005269,0.004787,0.00645,0,0,0,0,0,0,0,0,0,0,0,0
0.004757,0.005847,0.005553,0,0,0,0,0,0,0,0,0,0,0,0
0.004565,0.009246,0.005268,0,0,0,0,0,0,0,0,0,0,0,0
0.004502,0.008234,0.005583,0,0,0,0,0,0,0,0,0,0,0,0
0.0046,0.006946,0.005195,0,0,0,0,0,0,0,0,0,0,0,0
0.0046,0.005708,0.004591,0,0,0,0,0,0,0,0,0,0,0,0
0.004617,0.005141,0.00451,0,0,0,0,0,0,0,0,0,0,0,0
0.004846,0.004966,0.004733,0,0,0,0,0,0,0,0,0,0,0,0
0.004809,0.00455,0.005252,0,0,0,0,0,0,0,0,0,0,0,0
0.004751,0.004588,0.004742,0,0,0,0,0,0,0,0,0,0,0,0
0.004557,0.004578,0.005318,0,0,0,0,0,0,0,0,0,0,0,0
0.004591,0.004608,0.004787,0,0,0,0,0,0,0,0,0,0,0,0
0.004568,0.004902,0.004625,0,0,0,0,0,0,0,0,0,0,0,0
0.004503,0.004845,0.005029,0,0,0,0,0,0,0,0,0,0,0,0
0.004685,0.004929,0.004766,0,0,0,0,0,0,0,0,0,0,0,0
0.004904,0.005205,0.005019,0,0,0,0,0,0,0,0,0,0,0,0
0.005005,0.004693,0.004798,0,0,0,0,0,0,0,0,0,0,0,0
0.00551,0.004638,0.004655,0,0,0,0,0,0,0,0,0,0,0,0
0.004647,0.004618,0.004693,0,0,0,0,0,0,0,0,0,0,0,0
0.004668,0.004619,0.004715,0,0,0,0,0,0,0,0,0,0,0,0
0.004649,0.004667,0.005465,0,0,0,0,0,0,0,0,0,0,0,0
0.004617,0.004476,0.004631,0,0,0,0,0,0,0,0,0,0,0,0
0.0054,0.004896,0.004631,0,0,0,0,0,0,0,0,0,0,0,0
0.004911,0.004635,0.004657,0,0,0,0,0,0,0,0,0,0,0,0
0.004792,0.005255,0.004638,0,0,0,0,0,0,0,0,0,0,0,0
0.004759,0.005096,0.006146,0,0,0,0,0,0,0,0,0,0,0,0
0.004559,0.004582,0.009488,0,0,0,0,0,0,0,0,0,0,0,0
0.004856,0.006243,0.0081,0,0,0,0,0,0,0,0,0,0,0,0
0.004976,0.005072,0.006647,0,0,0,0,0,0,0,0,0,0,0,0
0.0047,0.005337,0.005367,0,0,0,0,0,0,0,0,0,0,0,0
0.004598,0.005609,0.00515,0,0,0,0,0,0,0,0,0,0,0,0
0.005265,0.004869,0.004582,0,0,0,0,0,0,0,0,0,0,0,0
0.005464,0.004808,0.00527,0,0,0,0,0,0,0,0,0,0,0,0
0.004727,0.004788,0.004936,0,0,0,0,0,0,0,0,0,0,0,0
0.004531,0.004901,0.004754,0,0,0,0,0,0,0,0,0,0,0,0
0.004583,0.004525,0.004727,0,0,0,0,0,0,0,0,0,0,0,0
0.004775,0.004568,0.004887,0,0,0,0,0,0,0,0,0,0,0,0
0.005318,0.005165,0.004798,0,0,0,0,0,0,0,0,0,0,0,0
0.004554,0.004589,0.005064,0,0,0,0,0,0,0,0,0,0,0,0
0.004405,0.004844,0.004729,0,0,0,0,0,0,0,0,0,0,0,0
0.004827,0.004864,0.004533,0,0,0,0,0,0,0,0,0,0,0,0
0.004355,0.004418,0.004501,0,0,0,0,0,0,0,0,0,0,0,0
0.004925,0.005204,0.004454,0,0,0,0,0,0,0,0,0,0,0,0
0.004675,0.004433,0.004556,0,0,0,0,0,0,0,0,0,0,0,0
0.004328,0.004539,0.004763,0,0,0,0,0,0,0,0,0,0,0,0
0.004402,0.004718,0.005234,0,0,0,0,0,0,0,0,0,0,0,0
0.00471,0.004338,0.005261,0,0,0,0,0,0,0,0,0,0,0,0
0.004394,0.004307,0.004864,0,0,0,0,0,0,0,0,0,0,0,0
0.0044,0.004348,0.004605,0,0,0,0,0,0,0,0,0,0,0,0
0.004337,0.004604,0.004524,0,0,0,0,0,0,0,0,0,0,0,0
0.004462,0.004466,0.00442,0,0,0,0,0,0,0,0,0,0,0,0
0.004581,0.004363,0.005404,0,0,0,0,0,0,0,0,0,0,0,0
0.004441,0.004922,0.00486,0,0,0,0,0,0,0,0,0,0,0,0
0.004457,0.004334,0.005201,0,0,0,0,0,0,0,0,0,0,0,0
0.004331,0.00435,0.005587,0,0,0,0,0,0,0,0,0,0,0,0
0.004523,0.004746,0.00508,0,0,0,0,0,0,0,0,0,0,0,0
0.004712,0.004317,0.004615,0,0,0,0,0,0,0,0,0,0,0,0
0.004299,0.004317,0.004505,0,0,0,0,0,0,0,0,0,0,0,0
0.004213,0.004315,0.004572,0,0,0,0,0,0,0,0,0,0,0,0
0.004194,0.00442,0.005337,0,0,0,0,0,0,0,0,0,0,0,0
0.004504,0.00447,0.00488,0,0,0,0,0,0,0,0,0,0,0,0
0.004286,0.004351,0.004922,0,0,0,0,0,0,0,0,0,0,0,0
0.004497,0.006141,0.006009,0,0,0,0,0,0,0,0,0,0,0,0
0.004495,0.009007,0.006421,0,0,0,0,0,0,0,0,0,0,0,0
0.004267,0.00782,0.009778,0,0,0,0,0,0,0,0,0,0,0,0
0.004392,0.006494,0.007472,0,0,0,0,0,0,0,0,0,0,0,0
0.004741,0.00527,0.00696,0,0,0,0,0,0,0,0,0,0,0,0
0.005036,0.005087,0.006036,0,0,0,0,0,0,0,0,0,0,0,0
0.004438,0.004585,0.00597,0,0,0,0,0,0,0,0,0,0,0,0
0.004477,0.004522,0.00549,0,0,0,0,0,0,0,0,0,0,0,0
0.005035,0.004512,0.006249,0,0,0,0,0,0,0,0,0,0,0,0
0.004614,0.004498,0.005793,0,0,0,0,0,0,0,0,0,0,0,0
0.004911,0.007909,0.004792,0,0,0,0,0,0,0,0,0,0,0,0
0.004645,0.004574,0.004725,0,0,0,0,0,0,0,0,0,0,0,0
0.005018,0.005277,0.004745,0,0,0,0,0,0,0,0,0,0,0,0
0.005026,0.004861,0.004576,0,0,0,0,0,0,0,0,0,0,0,0
0.004721,0.0048,0.005922,0,0,0,0,0,0,0,0,0,0,0,0
0.004875,0.004642,0.009158,0,0,0,0,0,0,0,0,0,0,0,0
0.004696,0.004343,0.00805,0,0,0,0,0,0,0,0,0,0,0,0
0.005066,0.004417,0.006742,0,0,0,0,0,0,0,0,0,0,0,0
0.004919,0.004402,0.006224,0,0,0,0,0,0,0,0,0,0,0,0
0.004584,0.00461,0.008714,0,0,0,0,0,0,0,0,0,0,0,0
0.00465,0.004193,0.006883,0,0,0,0,0,0,0,0,0,0,0,0
0.004913,0.004718,0.007016,0,0,0,0,0,0,0,0,0,0,0,0
0.004627,0.004387,0.005198,0,0,0,0,0,0,0,0,0,0,0,0
0.004882,0.004395,0.004661,0,0,0,0,0,0,0,0,0,0,0,0
0.004565,0.004462,0.004914,0,0,0,0,0,0,0,0,0,0,0,0
0.005719,0.005763,0.005895,0,0,0,0,0,0,0,0,0,0,0,0
0.005652,0.006008,0.006126,0,0,0,0,0,0,0,0,0,0,0,0
0.005034,0.005311,0.004936,0,0,0,0,0,0,0,0,0,0,0,0
0.004752,0.004512,0.005413,0,0,0,0,0,0,0,0,0,0,0,0
0.00497,0.004485,0.004908,0,0,0,0,0,0,0,0,0,0,0,0
0.004853,0.004879,0.005253,0,0,0,0,0,0,0,0,0,0,0,0
0.004537,0.00457,0.005066,0,0,0,0,0,0,0,0,0,0,0,0
0.004625,0.004613,0.005212,0,0,0,0,0,0,0,0,0,0,0,0
0.004664,0.005016,0.004735,0,0,0,0,0,0,0,0,0,0,0,0
0.004553,0.004692,0.004721,0,0,0,0,0,0,0,0,0,0,0,0
0.005599,0.004556,0.006338,0,0,0,0,0,0,0,0,0,0,0,0
0.006002,0.006073,0.011869,0,0,0,0,0,0,0,0,0,0,0,0
0.005753,0.005916,0.009183,0,0,0,0,0,0,0,0,0,0,0,0
0.005806,0.005917,0.009444,0,0,0,0,0,0,0,0,0,0,0,0
0.005738,0.00611,0.0107,0,0,0,0,0,0,0,0,0,0,0,0
0.00597,0.005934,0.011327,0,0,0,0,0,0,0,0,0,0,0,0
0.005581,0.005904,0.011341,0,0,0,0,0,0,0,0,0,0,0,0
0.005731,0.006025,0.011198,0,0,0,0,0,0,0,0,0,0,0,0
0.005818,0.005666,0.010004,0,0,0,0,0,0,0,0,0,0,0,0
0.006553,0.005635,0.007911,0,0,0,0,0,0,0,0,0,0,0,0
0.009137,0.006425,0.006985,0,0,0,0,0,0,0,0,0,0,0,0
0.008701,0.005817,0.005869,0,0,0,0,0,0,0,0,0,0,0,0
0.007511,0.006022,0.006138,0,0,0,0,0,0,0,0,0,0,0,0
0.006078,0.005904,0.005821,0,0,0,0,0,0,0,0,0,0,0,0
0.005607,0.005874,0.005673,0,0,0,0,0,0,0,0,0,0,0,0
0.005521,0.006115,0.005709,0,0,0,0,0,0,0,0,0,0,0,0
0.005651,0.005566,0.0058,0,0,0,0,0,0,0,0,0,0,0,0
0.005667,0.005738,0.006417,0,0,0,0,0,0,0,0,0,0,0,0
0.006078,0.008204,0.00562,0,0,0,0,0,0,0,0,0,0,0,0
0.006449,0.010249,0.005761,0,0,0,0,0,0,0,0,0,0,0,0
0.006133,0.008383,0.006137,0,0,0,0,0,0,0,0,0,0,0,0
0.006099,0.006495,0.005703,0,0,0,0,0,0,0,0,0,0,0,0
0.005735,0.005733,0.006443,0,0,0,0,0,0,0,0,0,0,0,0
0.006396,0.005638,0.005836,0,0,0,0,0,0,0,0,0,0,0,0
0.005937,0.005749,0.005558,0,0,0,0,0,0,0,0,0,0,0,0
0.006536,0.005609,0.008386,0,0,0,0,0,0,0,0,0,0,0,0
0.006549,0.005553,0.010249,0,0,0,0,0,0,0,0,0,0,0,0
0.006105,0.006052,0.008258,0,0,0,0,0,0,0,0,0,0,0,0
0.006275,0.00588,0.006826,0,0,0,0,0,0,0,0,0,0,0,0
0.006357,0.005736,0.006248,0,0,0,0,0,0,0,0,0,0,0,0
0.006051,0.005759,0.006752,0,0,0,0,0,0,0,0,0,0,0,0
0.005877,0.005399,0.006718,0,0,0,0,0,0,0,0,0,0,0,0
0.006223,0.00553,0.006539,0,0,0,0,0,0,0,0,0,0,0,0
0.006276,0.005485,0.006212,0,0,0,0,0,0,0,0,0,0,0,0
0.006464,0.005323,0.007245,0,0,0,0,0,0,0,0,0,0,0,0
0.006145,0.005466,0.006696,0,0,0,0,0,0,0,0,0,0,0,0
0.005948,0.005466,0.005989,0,0,0,0,0,0,0,0,0,0,0,0
0.006388,0.005478,0.00629,0,0,0,0,0,0,0,0,0,0,0,0
0.007466,0.005419,0.006083,0,0,0,0,0,0,0,0,0,0,0,0
0.006637,0.005541,0.006266,0,0,0,0,0,0,0,0,0,0,0,0
0.006693,0.005437,0.005995,0,0,0,0,0,0,0,0,0,0,0,0
0.006187,0.005464,0.005949,0,0,0,0,0,0,0,0,0,0,0,0
0.005859,0.005518,0.008323,0,0,0,0,0,0,0,0,0,0,0,0
0.00598,0.006161,0.011225,0,0,0,0,0,0,0,0,0,0,0,0
0.006481,0.005738,0.008438,0,0,0,0,0,0,0,0,0,0,0,0
0.005835,0.006323,0.00655,0,0,0,0,0,0,0,0,0,0,0,0
0.006863,0.007879,0.008412,0,0,0,0,0,0,0,0,0,0,0,0
0.005862,0.011142,0.011569,0,0,0,0,0,0,0,0,0,0,0,0
0.006432,0.00799,0.00889,0,0,0,0,0,0,0,0,0,0,0,0
0.015059,0.006215,0.00669,0,0,0,0,0,0,0,0,0,0,0,0
0.006056,0.006386,0.006515,0,0,0,0,0,0,0,0,0,0,0,0
0.006455,0.005626,0.008042,0,0,0,0,0,0,0,0,0,0,0,0
0.005838,0.005443,0.010372,0,0,0,0,0,0,0,0,0,0,0,0
0.005094,0.004371,0.006681,0,0,0,0,0,0,0,0,0,0,0,0
0.007422,0.005926,0.007486,0,0,0,0,0,0,0,0,0,0,0,0
0.006468,0.005854,0.006803,0,0,0,0,0,0,0,0,0,0,0,0
0.006559,0.005563,0.006043,0,0,0,0,0,0,0,0,0,0,0,0
0.016778,0.005484,0.005668,0,0,0,0,0,0,0,0,0,0,0,0
0.011174,0.005614,0.006165,0,0,0,0,0,0,0,0,0,0,0,0
0.010997,0.006169,0.005869,0,0,0,0,0,0,0,0,0,0,0,0
0.005885,0.005704,0.005723,0,0,0,0,0,0,0,0,0,0,0,0
0.005677,0.005606,0.00634,0,0,0,0,0,0,0,0,0,0,0,0
0.005837,0.0055,0.005769,0,0,0,0,0,0,0,0,0,0,0,0
0.007786,0.006323,0.005701,0,0,0,0,0,0,0,0,0,0,0,0
0.005562,0.005675,0.006141,0,0,0,0,0,0,0,0,0,0,0,0
0.007202,0.005964,0.005799,0,0,0,0,0,0,0,0,0,0,0,0
0.007596,0.005804,0.005785,0,0,0,0,0,0,0,0,0,0,0,0
0.006571,0.005877,0.005682,0,0,0,0,0,0,0,0,0,0,0,0
0.00566,0.005653,0.005771,0,0,0,0,0,0,0,0,0,0,0,0
0.007725,0.005578,0.0058,0,0,0,0,0,0,0,0,0,0,0,0
0.006031,0.006001,0.005876,0,0,0,0,0,0,0,0,0,0,0,0
0.006897,0.005458,0.005913,0,0,0,0,0,0,0,0,0,0,0,0
0.006819,0.005568,0.00614,0,0,0,0,0,0,0,0,0,0,0,0
0.0068,0.00565,0.005796,0,0,0,0,0,0,0,0,0,0,0,0
0.006246,0.005649,0.005902,0,0,0,0,0,0,0,0,0,0,0,0
0.005667,0.00588,0.005833,0,0,0,0,0,0,0,0,0,0,0,0
0.005931,0.005644,0.005741,0,0,0,0,0,0,0,0,0,0,0,0
0.007463,0.005445,0.0058,0,0,0,0,0,0,0,0,0,0,0,0
0.006021,0.006194,0.007415,0,0,0,0,0,0,0,0,0,0,0,0
0.006036,0.005631,0.007288,0,0,0,0,0,0,0,0,0,0,0,0
0.006204,0.006066,0.007268,0,0,0,0,0,0,0,0,0,0,0,0
0.007136,0.005604,0.006406,0,0,0,0,0,0,0,0,0,0,0,0
0.00595,0.005542,0.005635,0,0,0,0,0,0,0,0,0,0,0,0
0.006006,0.005581,0.005864,0,0,0,0,0,0,0,0,0,0,0,0
0.006014,0.005968,0.007948,0,0,0,0,0,0,0,0,0,0,0,0
0.005882,0.005684,0.01037,0,0,0,0,0,0,0,0,0,0,0,0
0.006773,0.005575,0.008235,0,0,0,0,0,0,0,0,0,0,0,0
0.00582,0.005468,0.006881,0,0,0,0,0,0,0,0,0,0,0,0
0.006571,0.005666,0.005873,0,0,0,0,0,0,0,0,0,0,0,0
0.005699,0.005737,0.00571,0,0,0,0,0,0,0,0,0,0,0,0
0.006852,0.006052,0.005735,0,0,0,0,0,0,0,0,0,0,0,0
0.005786,0.005768,0.006228,0,0,0,0,0,0,0,0,0,0,0,0
0.005914,0.005628,0.00578,0,0,0,0,0,0,0,0,0,0,0,0
0.00639,0.005539,0.006395,0,0,0,0,0,0,0,0,0,0,0,0
0.00652,0.005529,0.005578,0,0,0,0,0,0,0,0,0,0,0,0
0.009646,0.005773,0.005707,0,0,0,0,0,0,0,0,0,0,0,0
0.00721,0.005505,0.005704,0,0,0,0,0,0,0,0,0,0,0,0
0.006447,0.005448,0.006223,0,0,0,0,0,0,0,0,0,0,0,0
0.006373,0.00552,0.00573,0,0,0,0,0,0,0,0,0,0,0,0
0.006688,0.005473,0.005928,0,0,0,0,0,0,0,0,0,0,0,0
0.006516,0.005713,0.006392,0,0,0,0,0,0,0,0,0,0,0,0
0.00677,0.005651,0.006074,0,0,0,0,0,0,0,0,0,0,0,0
0.005998,0.005607,0.005933,0,0,0,0,0,0,0,0,0,0,0,0
0.006026,0.005673,0.005936,0,0,0,0,0,0,0,0,0,0,0,0
0.006378,0.005481,0.005808,0,0,0,0,0,0,0,0,0,0,0,0
0.011081,0.005601,0.005807,0,0,0,0,0,0,0,0,0,0,0,0
0.009156,0.005639,0.006019,0,0,0,0,0,0,0,0,0,0,0,0
0.007557,0.005707,0.005764,0,0,0,0,0,0,0,0,0,0,0,0
0.00635,0.005975,0.006166,0,0,0,0,0,0,0,0,0,0,0,0
0.006225,0.005892,0.005705,0,0,0,0,0,0,0,0,0,0,0,0
0.006535,0.005566,0.006432,0,0,0,0,0,0,0,0,0,0,0,0
0.006212,0.008149,0.006169,0,0,0,0,0,0,0,0,0,0,0,0
0.006269,0.010697,0.007573,0,0,0,0,0,0,0,0,0,0,0,0
0.006634,0.008753,0.006184,0,0,0,0,0,0,0,0,0,0,0,0
0.007128,0.006973,0.006416,0,0,0,0,0,0,0,0,0,0,0,0
0.006222,0.006808,0.006363,0,0,0,0,0,0,0,0,0,0,0,0
0.008205,0.005784,0.005803,0,0,0,0,0,0,0,0,0,0,0,0
0.011368,0.005625,0.006453,0,0,0,0,0,0,0,0,0,0,0,0
0.008832,0.006423,0.005646,0,0,0,0,0,0,0,0,0,0,0,0
0.006928,0.005566,0.005549,0,0,0,0,0,0,0,0,0,0,0,0
0.006496,0.005909,0.005855,0,0,0,0,0,0,0,0,0,0,0,0
0.006505,0.006008,0.005844,0,0,0,0,0,0,0,0,0,0,0,0
0.005871,0.005535,0.005663,0,0,0,0,0,0,0,0,0,0,0,0
0.006383,0.005645,0.005556,0,0,0,0,0,0,0,0,0,0,0,0
0.006365,0.005583,0.006598,0,0,0,0,0,0,0,0,0,0,0,0
0.00608,0.005689,0.005642,0,0,0,0,0,0,0,0,0,0,0,0
0.006095,0.006035,0.005374,0,0,0,0,0,0,0,0,0,0,0,0
0.005883,0.005475,0.006549,0,0,0,0,0,0,0,0,0,0,0,0
0.005631,0.005522,0.005553,0,0,0,0,0,0,0,0,0,0,0,0
0.005673,0.00546,0.005826,0,0,0,0,0,0,0,0,0,0,0,0
0.008382,0.00554,0.005702,0,0,0,0,0,0,0,0,0,0,0,0
0.010282,0.006102,0.005485,0,0,0,0,0,0,0,0,0,0,0,0
0.008267,0.005624,0.005396,0,0,0,0,0,0,0,0,0,0,0,0
0.007144,0.005611,0.005616,0,0,0,0,0,0,0,0,0,0,0,0
0.005997,0.005527,0.005732,0,0,0,0,0,0,0,0,0,0,0,0
0.006259,0.005682,0.005489,0,0,0,0,0,0,0,0,0,0,0,0
0.006096,0.005655,0.00602,0,0,0,0,0,0,0,0,0,0,0,0
0.005862,0.005762,0.005639,0,0,0,0,0,0,0,0,0,0,0,0
0.006291,0.005757,0.005561,0,0,0,0,0,0,0,0,0,0,0,0
0.005838,0.00551,0.00544,0,0,0,0,0,0,0,0,0,0,0,0
0.006624,0.005397,0.005638,0,0,0,0,0,0,0,0,0,0,0,0
0.006472,0.005546,0.006046,0,0,0,0,0,0,0,0,0,0,0,0
0.006053,0.005442,0.005694,0,0,0,0,0,0,0,0,0,0,0,0
0.00644,0.005674,0.005584,0,0,0,0,0,0,0,0,0,0,0,0
0.006374,0.005483,0.005597,0,0,0,0,0,0,0,0,0,0,0,0
0.005997,0.006007,0.005459,0,0,0,0,0,0,0,0,0,0,0,0
0.005714,0.005573,0.005807,0,0,0,0,0,0,0,0,0,0,0,0
0.006321,0.005321,0.005559,0,0,0,0,0,0,0,0,0,0,0,0
0.006295,0.005509,0.005621,0,0,0,0,0,0,0,0,0,0,0,0
0.0066,0.005705,0.005711,0,0,0,0,0,0,0,0,0,0,0,0
0.006237,0.005639,0.005822,0,0,0,0,0,0,0,0,0,0,0,0
0.00615,0.005776,0.006116,0,0,0,0,0,0,0,0,0,0,0,0
0.006454,0.005647,0.006432,0,0,0,0,0,0,0,0,0,0,0,0
0.006013,0.005859,0.006679,0,0,0,0,0,0,0,0,0,0,0,0
0.005929,0.00573,0.005991,0,0,0,0,0,0,0,0,0,0,0,0
0.005916,0.006177,0.006567,0,0,0,0,0,0,0,0,0,0,0,0
0.006062,0.005581,0.005498,0,0,0,0,0,0,0,0,0,0,0,0
0.006467,0.005603,0.00569,0,0,0,0,0,0,0,0,0,0,0,0
0.006075,0.008423,0.006293,0,0,0,0,0,0,0,0,0,0,0,0
0.007673,0.010886,0.005591,0,0,0,0,0,0,0,0,0,0,0,0
0.007016,0.009802,0.006203,0,0,0,0,0,0,0,0,0,0,0,0
0.006246,0.010469,0.007091,0,0,0,0,0,0,0,0,0,0,0,0
0.007211,0.008445,0.006234,0,0,0,0,0,0,0,0,0,0,0,0
0.006594,0.00711,0.005985,0,0,0,0,0,0,0,0,0,0,0,0
0.006362,0.006026,0.006435,0,0,0,0,0,0,0,0,0,0,0,0
0.006246,0.006291,0.005801,0,0,0,0,0,0,0,0,0,0,0,0
0.006148,0.005656,0.005571,0,0,0,0,0,0,0,0,0,0,0,0
0.005992,0.005568,0.00572,0,0,0,0,0,0,0,0,0,0,0,0
0.005889,0.005589,0.006013,0,0,0,0,0,0,0,0,0,0,0,0
0.007221,0.005749,0.005665,0,0,0,0,0,0,0,0,0,0,0,0
0.007074,0.005635,0.005622,0,0,0,0,0,0,0,0,0,0,0,0
0.012862,0.005535,0.005594,0,0,0,0,0,0,0,0,0,0,0,0
0.009324,0.005771,0.005571,0,0,0,0,0,0,0,0,0,0,0,0
0.008531,0.005833,0.006365,0,0,0,0,0,0,0,0,0,0,0,0
0.007869,0.006214,0.00552,0,0,0,0,0,0,0,0,0,0,0,0
0.006365,0.005956,0.005532,0,0,0,0,0,0,0,0,0,0,0,0
0.006337,0.005787,0.006314,0,0,0,0,0,0,0,0,0,0,0,0
0.005579,0.006107,0.005579,0,0,0,0,0,0,0,0,0,0,0,0
0.00829,0.005648,0.005502,0,0,0,0,0,0,0,0,0,0,0,0
0.006044,0.005527,0.00559,0,0,0,0,0,0,0,0,0,0,0,0
0.005703,0.005522,0.005622,0,0,0,0,0,0,0,0,0,0,0,0
0.006728,0.005607,0.006133,0,0,0,0,0,0,0,0,0,0,0,0
0.005948,0.006323,0.005621,0,0,0,0,0,0,0,0,0,0,0,0
0.006556,0.005519,0.005474,0,0,0,0,0,0,0,0,0,0,0,0
0.005922,0.005719,0.005703,0,0,0,0,0,0,0,0,0,0,0,0
0.006907,0.005548,0.005664,0,0,0,0,0,0,0,0,0,0,0,0
0.006644,0.005839,0.005901,0,0,0,0,0,0,0,0,0,0,0,0
0.006226,0.005685,0.005577,0,0,0,0,0,0,0,0,0,0,0,0
0.010132,0.005578,0.005763,0,0,0,0,0,0,0,0,0,0,0,0
0.00657,0.005535,0.00565,0,0,0,0,0,0,0,0,0,0,0,0
0.006221,0.005668,0.005515,0,0,0,0,0,0,0,0,0,0,0,0
0.0057,0.005736,0.00612,0,0,0,0,0,0,0,0,0,0,0,0
0.006357,0.006129,0.006211,0,0,0,0,0,0,0,0,0,0,0,0
0.007471,0.005869,0.005803,0,0,0,0,0,0,0,0,0,0,0,0
0.005615,0.006467,0.006154,0,0,0,0,0,0,0,0,0,0,0,0
0.008155,0.005648,0.005732,0,0,0,0,0,0,0,0,0,0,0,0
0.012479,0.008108,0.006158,0,0,0,0,0,0,0,0,0,0,0,0
0.009268,0.01042,0.005922,0,0,0,0,0,0,0,0,0,0,0,0
0.00764,0.008016,0.008037,0,0,0,0,0,0,0,0,0,0,0,0
0.005982,0.006805,0.009863,0,0,0,0,0,0,0,0,0,0,0,0
0.005876,0.006199,0.00802,0,0,0,0,0,0,0,0,0,0,0,0
0.006907,0.00551,0.006996,0,0,0,0,0,0,0,0,0,0,0,0
0.006362,0.005497,0.006008,0,0,0,0,0,0,0,0,0,0,0,0
0.006248,0.006199,0.005576,0,0,0,0,0,0,0,0,0,0,0,0
0.006467,0.005779,0.005925,0,0,0,0,0,0,0,0,0,0,0,0
0.005833,0.005397,0.005833,0,0,0,0,0,0,0,0,0,0,0,0
0.006092,0.005642,0.005686,0,0,0,0,0,0,0,0,0,0,0,0
0.006707,0.007793,0.005421,0,0,0,0,0,0,0,0,0,0,0,0
0.00903,0.010445,0.005574,0,0,0,0,0,0,0,0,0,0,0,0
0.010407,0.008146,0.006179,0,0,0,0,0,0,0,0,0,0,0,0
0.011405,0.00703,0.005845,0,0,0,0,0,0,0,0,0,0,0,0
0.010722,0.005878,0.005883,0,0,0,0,0,0,0,0,0,0,0,0
0.008539,0.006027,0.005803,0,0,0,0,0,0,0,0,0,0,0,0
0.006836,0.005688,0.005962,0,0,0,0,0,0,0,0,0,0,0,0
0.006935,0.007834,0.005656,0,0,0,0,0,0,0,0,0,0,0,0
0.005821,0.010641,0.006389,0,0,0,0,0,0,0,0,0,0,0,0
0.006346,0.008486,0.005658,0,0,0,0,0,0,0,0,0,0,0,0
0.006107,0.006992,0.006225,0,0,0,0,0,0,0,0,0,0,0,0
0.006184,0.006028,0.005793,0,0,0,0,0,0,0,0,0,0,0,0
0.006241,0.005948,0.005534,0,0,0,0,0,0,0,0,0,0,0,0
0.009031,0.005632,0.005688,0,0,0,0,0,0,0,0,0,0,0,0
0.009985,0.00555,0.006072,0,0,0,0,0,0,0,0,0,0,0,0
0.008207,0.008183,0.005538,0,0,0,0,0,0,0,0,0,0,0,0
0.007034,0.01027,0.005735,0,0,0,0,0,0,0,0,0,0,0,0
0.005904,0.008045,0.005646,0,0,0,0,0,0,0,0,0,0,0,0
0.005887,0.007022,0.005906,0,0,0,0,0,0,0,0,0,0,0,0
0.005721,0.008017,0.005786,0,0,0,0,0,0,0,0,0,0,0,0
0.005675,0.011288,0.005645,0,0,0,0,0,0,0,0,0,0,0,0
0.006009,0.008212,0.005731,0,0,0,0,0,0,0,0,0,0,0,0
0.005756,0.00654,0.006115,0,0,0,0,0,0,0,0,0,0,0,0
0.005989,0.00644,0.005674,0,0,0,0,0,0,0,0,0,0,0,0
0.005811,0.005639,0.005598,0,0,0,0,0,0,0,0,0,0,0,0
0.005609,0.005705,0.005744,0,0,0,0,0,0,0,0,0,0,0,0
0.005623,0.005664,0.005684,0,0,0,0,0,0,0,0,0,0,0,0
0.005869,0.005772,0.005669,0,0,0,0,0,0,0,0,0,0,0,0
0.006506,0.005623,0.005738,0,0,0,0,0,0,0,0,0,0,0,0
0.005572,0.008075,0.006019,0,0,0,0,0,0,0,0,0,0,0,0
0.00556,0.01005,0.006305,0,0,0,0,0,0,0,0,0,0,0,0
0.005806,0.008229,0.005705,0,0,0,0,0,0,0,0,0,0,0,0
0.006165,0.006854,0.005667,0,0,0,0,0,0,0,0,0,0,0,0
0.005914,0.006008,0.005998,0,0,0,0,0,0,0,0,0,0,0,0
0.005827,0.005785,0.005714,0,0,0,0,0,0,0,0,0,0,0,0
0.008296,0.005564,0.005993,0,0,0,0,0,0,0,0,0,0,0,0
0.011114,0.005955,0.005995,0,0,0,0,0,0,0,0,0,0,0,0
0.008691,0.005751,0.005925,0,0,0,0,0,0,0,0,0,0,0,0
0.006463,0.005685,0.005724,0,0,0,0,0,0,0,0,0,0,0,0
0.006502,0.005724,0.005631,0,0,0,0,0,0,0,0,0,0,0,0
0.00606,0.005942,0.005783,0,0,0,0,0,0,0,0,0,0,0,0
0.006159,0.005593,0.005465,0,0,0,0,0,0,0,0,0,0,0,0
0.006,0.00546,0.005505,0,0,0,0,0,0,0,0,0,0,0,0
0.00575,0.005724,0.005464,0,0,0,0,0,0,0,0,0,0,0,0
0.005713,0.005835,0.006036,0,0,0,0,0,0,0,0,0,0,0,0
0.005776,0.005987,0.005628,0,0,0,0,0,0,0,0,0,0,0,0
0.005688,0.005787,0.005516,0,0,0,0,0,0,0,0,0,0,0,0
0.008394,0.006236,0.005569,0,0,0,0,0,0,0,0,0,0,0,0
0.010961,0.005577,0.005576,0,0,0,0,0,0,0,0,0,0,0,0
0.008567,0.00565,0.005916,0,0,0,0,0,0,0,0,0,0,0,0
0.006739,0.005569,0.005643,0,0,0,0,0,0,0,0,0,0,0,0
0.005941,0.00559,0.005764,0,0,0,0,0,0,0,0,0,0,0,0
0.005939,0.005739,0.006168,0,0,0,0,0,0,0,0,0,0,0,0
0.006443,0.005642,0.005599,0,0,0,0,0,0,0,0,0,0,0,0
0.006366,0.005631,0.005597,0,0,0,0,0,0,0,0,0,0,0,0
0.00588,0.005618,0.005782,0,0,0,0,0,0,0,0,0,0,0,0
0.006059,0.005704,0.005524,0,0,0,0,0,0,0,0,0,0,0,0
0.005691,0.00565,0.005836,0,0,0,0,0,0,0,0,0,0,0,0
0.005775,0.005768,0.005576,0,0,0,0,0,0,0,0,0,0,0,0
0.011469,0.005784,0.00557,0,0,0,0,0,0,0,0,0,0,0,0
0.009979,0.005713,0.005781,0,0,0,0,0,0,0,0,0,0,0,0
0.007956,0.006241,0.005781,0,0,0,0,0,0,0,0,0,0,0,0
0.006668,0.005662,0.005651,0,0,0,0,0,0,0,0,0,0,0,0
0.006476,0.005516,0.005623,0,0,0,0,0,0,0,0,0,0,0,0
0.00659,0.005694,0.005443,0,0,0,0,0,0,0,0,0,0,0,0
0.005902,0.005727,0.005548,0,0,0,0,0,0,0,0,0,0,0,0
0.005914,0.005455,0.005772,0,0,0,0,0,0,0,0,0,0,0,0
0.005733,0.005598,0.005858,0,0,0,0,0,0,0,0,0,0,0,0
0.005916,0.005548,0.007783,0,0,0,0,0,0,0,0,0,0,0,0
0.00661,0.005494,0.010753,0,0,0,0,0,0,0,0,0,0,0,0
0.006122,0.005719,0.008704,0,0,0,0,0,0,0,0,0,0,0,0
0.005736,0.007162,0.007406,0,0,0,0,0,0,0,0,0,0,0,0
0.005725,0.005869,0.006022,0,0,0,0,0,0,0,0,0,0,0,0
0.005784,0.010817,0.005999,0,0,0,0,0,0,0,0,0,0,0,0
0.005848,0.009068,0.005566,0,0,0,0,0,0,0,0,0,0,0,0
0.005605,0.007971,0.005579,0,0,0,0,0,0,0,0,0,0,0,0
0.006107,0.00723,0.005817,0,0,0,0,0,0,0,0,0,0,0,0
0.005828,0.006354,0.005998,0,0,0,0,0,0,0,0,0,0,0,0
0.005665,0.006045,0.005591,0,0,0,0,0,0,0,0,0,0,0,0
0.006041,0.005725,0.005866,0,0,0,0,0,0,0,0,0,0,0,0
0.00695,0.00605,0.005891,0,0,0,0,0,0,0,0,0,0,0,0
0.0059,0.007759,0.00589,0,0,0,0,0,0,0,0,0,0,0,0
0.006049,0.010159,0.005758,0,0,0,0,0,0,0,0,0,0,0,0
0.005887,0.007888,0.005625,0,0,0,0,0,0,0,0,0,0,0,0
0.006054,0.006741,0.005632,0,0,0,0,0,0,0,0,0,0,0,0
0.005927,0.005844,0.005665,0,0,0,0,0,0,0,0,0,0,0,0
0.006807,0.007665,0.005544,0,0,0,0,0,0,0,0,0,0,0,0
0.005776,0.007007,0.005622,0,0,0,0,0,0,0,0,0,0,0,0
0.005763,0.006486,0.005619,0,0,0,0,0,0,0,0,0,0,0,0
0.005811,0.005552,0.006385,0,0,0,0,0,0,0,0,0,0,0,0
0.005641,0.005489,0.005736,0,0,0,0,0,0,0,0,0,0,0,0
0.005751,0.00574,0.005557,0,0,0,0,0,0,0,0,0,0,0,0
0.005785,0.005612,0.005685,0,0,0,0,0,0,0,0,0,0,0,0
0.005938,0.005707,0.00562,0,0,0,0,0,0,0,0,0,0,0,0
0.006081,0.005899,0.006215,0,0,0,0,0,0,0,0,0,0,0,0
0.006123,0.005637,0.005771,0,0,0,0,0,0,0,0,0,0,0,0
0.005885,0.005565,0.00796,0,0,0,0,0,0,0,0,0,0,0,0
0.006875,0.005493,0.011415,0,0,0,0,0,0,0,0,0,0,0,0
0.006384,0.005916,0.010164,0,0,0,0,0,0,0,0,0,0,0,0
0.006103,0.005633,0.011271,0,0,0,0,0,0,0,0,0,0,0,0
0.011313,0.00556,0.009325,0,0,0,0,0,0,0,0,0,0,0,0
0.006261,0.005596,0.006962,0,0,0,0,0,0,0,0,0,0,0,0
0.00582,0.005791,0.007004,0,0,0,0,0,0,0,0,0,0,0,0
0.008408,0.005939,0.005665,0,0,0,0,0,0,0,0,0,0,0,0
0.010826,0.005715,0.005483,0,0,0,0,0,0,0,0,0,0,0,0
0.008499,0.005442,0.00555,0,0,0,0,0,0,0,0,0,0,0,0
0.007074,0.005672,0.005522,0,0,0,0,0,0,0,0,0,0,0,0
0.006699,0.005742,0.005599,0,0,0,0,0,0,0,0,0,0,0,0
0.005803,0.006121,0.005825,0,0,0,0,0,0,0,0,0,0,0,0
0.00628,0.005644,0.00565,0,0,0,0,0,0,0,0,0,0,0,0
0.00578,0.005561,0.005581,0,0,0,0,0,0,0,0,0,0,0,0
0.011799,0.006358,0.005912,0,0,0,0,0,0,0,0,0,0,0,0
0.009852,0.005697,0.006052,0,0,0,0,0,0,0,0,0,0,0,0
0.00795,0.005522,0.005735,0,0,0,0,0,0,0,0,0,0,0,0
0.006802,0.005723,0.005857,0,0,0,0,0,0,0,0,0,0,0,0
0.005769,0.005533,0.005863,0,0,0,0,0,0,0,0,0,0,0,0
0.00578,0.008021,0.005667,0,0,0,0,0,0,0,0,0,0,0,0
0.005621,0.011356,0.005565,0,0,0,0,0,0,0,0,0,0,0,0
0.00561,0.008537,0.005737,0,0,0,0,0,0,0,0,0,0,0,0
0.005659,0.006841,0.005787,0,0,0,0,0,0,0,0,0,0,0,0
0.005788,0.006002,0.006141,0,0,0,0,0,0,0,0,0,0,0,0
0.0074,0.00597,0.00647,0,0,0,0,0,0,0,0,0,0,0,0
0.006084,0.007126,0.006168,0,0,0,0,0,0,0,0,0,0,0,0
0.006113,0.005652,0.00583,0,0,0,0,0,0,0,0,0,0,0,0
0.005897,0.005599,0.00618,0,0,0,0,0,0,0,0,0,0,0,0
0.005563,0.006156,0.00562,0,0,0,0,0,0,0,0,0,0,0,0
0.005573,0.005654,0.005509,0,0,0,0,0,0,0,0,0,0,0,0
0.005752,0.005632,0.005606,0,0,0,0,0,0,0,0,0,0,0,0
0.005668,0.00551,0.005655,0,0,0,0,0,0,0,0,0,0,0,0
0.005511,0.005877,0.008131,0,0,0,0,0,0,0,0,0,0,0,0
0.008119,0.006207,0.010887,0,0,0,0,0,0,0,0,0,0,0,0
0.011321,0.00575,0.008526,0,0,0,0,0,0,0,0,0,0,0,0
0.008366,0.005848,0.006582,0,0,0,0,0,0,0,0,0,0,0,0
0.006748,0.006084,0.006042,0,0,0,0,0,0,0,0,0,0,0,0
0.00727,0.005827,0.005999,0,0,0,0,0,0,0,0,0,0,0,0
0.006704,0.005728,0.005621,0,0,0,0,0,0,0,0,0,0,0,0
0.008416,0.005549,0.005588,0,0,0,0,0,0,0,0,0,0,0,0
0.010827,0.005578,0.005746,0,0,0,0,0,0,0,0,0,0,0,0
0.00864,0.006052,0.005836,0,0,0,0,0,0,0,0,0,0,0,0
0.006809,0.005538,0.005729,0,0,0,0,0,0,0,0,0,0,0,0
0.006083,0.005457,0.005568,0,0,0,0,0,0,0,0,0,0,0,0
0.006425,0.005566,0.005549,0,0,0,0,0,0,0,0,0,0,0,0
0.00642,0.005802,0.005513,0,0,0,0,0,0,0,0,0,0,0,0
0.006167,0.006279,0.005463,0,0,0,0,0,0,0,0,0,0,0,0
0.006144,0.005613,0.005543,0,0,0,0,0,0,0,0,0,0,0,0
0.006137,0.005615,0.005498,0,0,0,0,0,0,0,0,0,0,0,0
0.006797,0.005718,0.005951,0,0,0,0,0,0,0,0,0,0,0,0
0.006134,0.005648,0.005618,0,0,0,0,0,0,0,0,0,0,0,0
0.006685,0.00627,0.00624,0,0,0,0,0,0,0,0,0,0,0,0
0.005853,0.005535,0.005751,0,0,0,0,0,0,0,0,0,0,0,0
0.007707,0.005476,0.005484,0,0,0,0,0,0,0,0,0,0,0,0
0.006585,0.005586,0.005629,0,0,0,0,0,0,0,0,0,0,0,0
0.006665,0.005779,0.005643,0,0,0,0,0,0,0,0,0,0,0,0
0.006302,0.005678,0.005509,0,0,0,0,0,0,0,0,0,0,0,0
0.005738,0.005535,0.005822,0,0,0,0,0,0,0,0,0,0,0,0
0.006326,0.005491,0.006588,0,0,0,0,0,0,0,0,0,0,0,0
0.005742,0.005752,0.005987,0,0,0,0,0,0,0,0,0,0,0,0
0.008063,0.005705,0.005546,0,0,0,0,0,0,0,0,0,0,0,0
0.011311,0.006092,0.005717,0,0,0,0,0,0,0,0,0,0,0,0
0.00799,0.00555,0.006108,0,0,0,0,0,0,0,0,0,0,0,0
0.006583,0.005596,0.00577,0,0,0,0,0,0,0,0,0,0,0,0
0.005958,0.005579,0.00607,0,0,0,0,0,0,0,0,0,0,0,0
NaN,NaN,NaN,0,0,0,0,0,0,0,0,0,0,0,0
NaN,NaN,NaN,0,0,0,0,0,0,0,0,0,0,0,0
NaN,NaN,NaN,0,0,0,0,0,0,0,0,0,0,0,0
NaN,NaN,NaN,0,0,0,0,0,0,0,0,0,0,0,0
0.000611,0.000182,0.000195,0,0,0,0,0,0,0,0,0,0,0,0
0.24435,0.22828,0.22477,0,0,0,0,0,0,0,0,0,0,0,0
0.006015,0.005971,0.008646,0,0,0,0,0,0,0,0,0,0,0,0
0.005571,0.005975,0.01119,0,0,0,0,0,0,0,0,0,0,0,0
0.005299,0.005536,0.007968,0,0,0,0,0,0,0,0,0,0,0,0
0.005442,0.005539,0.00663,0,0,0,0,0,0,0,0,0,0,0,0
0.005789,0.005546,0.006408,0,0,0,0,0,0,0,0,0,0,0,0
0.005644,0.005318,0.006019,0,0,0,0,0,0,0,0,0,0,0,0
0.005467,0.005762,0.00569,0,0,0,0,0,0,0,0,0,0,0,0
0.005805,0.005666,0.005548,0,0,0,0,0,0,0,0,0,0,0,0
0.005405,0.005852,0.006227,0,0,0,0,0,0,0,0,0,0,0,0
0.005592,0.005919,0.005852,0,0,0,0,0,0,0,0,0,0,0,0
0.005492,0.005475,0.005455,0,0,0,0,0,0,0,0,0,0,0,0
0.005439,0.005966,0.006531,0,0,0,0,0,0,0,0,0,0,0,0
0.005614,0.005593,0.005518,0,0,0,0,0,0,0,0,0,0,0,0
0.00556,0.005341,0.00599,0,0,0,0,0,0,0,0,0,0,0,0
0.005897,0.005768,0.006309,0,0,0,0,0,0,0,0,0,0,0,0
0.005406,0.005744,0.00577,0,0,0,0,0,0,0,0,0,0,0,0
0.005362,0.0058,0.005872,0,0,0,0,0,0,0,0,0,0,0,0
0.005507,0.005885,0.006174,0,0,0,0,0,0,0,0,0,0,0,0
0.005401,0.005359,0.005769,0,0,0,0,0,0,0,0,0,0,0,0
0.005397,0.005769,0.005672,0,0,0,0,0,0,0,0,0,0,0,0
0.005766,0.005794,0.006449,0,0,0,0,0,0,0,0,0,0,0,0
0.006175,0.008221,0.00589,0,0,0,0,0,0,0,0,0,0,0,0
0.005661,0.010034,0.00557,0,0,0,0,0,0,0,0,0,0,0,0
0.005476,0.007783,0.005842,0,0,0,0,0,0,0,0,0,0,0,0
0.00574,0.006556,0.005908,0,0,0,0,0,0,0,0,0,0,0,0
0.005986,0.005895,0.00603,0,0,0,0,0,0,0,0,0,0,0,0
0.005445,0.005712,0.006208,0,0,0,0,0,0,0,0,0,0,0,0
0.010953,0.005296,0.005531,0,0,0,0,0,0,0,0,0,0,0,0
0.010404,0.005507,0.005567,0,0,0,0,0,0,0,0,0,0,0,0
