0.000184
0.28074
0.003596
0.002729
0.002776
0.002708
0.002768
0.003278
0.002701
0.002554
0.002718
0.002758
0.00314
0.003271
0.005024
0.005189
0.005185
0.005084
0.005122
0.004164
0.004072
0.003426
0.003763
0.005224
0.004875
0.00426
0.00426
0.0033
0.003272
0.00317
0.00333
0.003235
0.002573
0.0026
0.002393
0.002495
0.002565
0.002752
0.002499
0.002905
0.003106
0.003276
0.004923
0.005568
0.004216
0.003978
0.003406
0.003684
0.003114
0.002836
0.003138
0.002729
0.002477
0.002697
0.002482
0.002616
0.002433
0.002469
0.002543
0.002589
0.002489
0.002763
0.002554
0.003259
0.003006
0.002624
0.00245
0.002516
0.002945
0.003047
0.002613
0.002708
0.002782
0.002785
0.003652
0.004952
0.004433
0.004947
0.003584
0.003433
0.003331
0.003649
0.003546
0.003368
0.003143
0.002809
0.002862
0.003015
0.005108
0.004907
0.004425
0.003886
0.003991
0.003162
0.003256
0.002916
0.002652
0.003201
0.002886
0.002531
0.003011
0.002708
0.002929
0.003429
0.002926
0.002761
0.004909
0.004755
0.004748
0.003863
0.004482
0.003526
0.003595
0.00342
0.003924
0.00362
0.002943
0.002717
0.002488
0.002893
0.00283
0.002862
0.002752
0.002579
0.003251
0.002813
0.003008
0.003137
0.003263
0.003605
0.002665
0.002559
0.002728
0.002586
0.003217
0.002674
0.002553
0.002889
0.002636
0.003073
0.002735
0.002598
0.002691
0.002745
0.002848
0.003597
0.003309
0.002843
0.002672
0.002948
0.003126
0.002904
0.00286
0.003106
0.002712
0.002794
0.003872
0.003071
0.002956
0.003361
0.002962
0.002996
0.00266
0.002577
0.002774
0.002572
0.00289
0.003173
0.00262
0.002867
0.004478
0.002612
0.002826
0.00281
0.002897
0.002628
0.002877
0.002658
0.002875
0.002942
0.002955
0.003104
0.002586
0.00278
0.003043
0.002826
0.00299
0.003218
0.002727
0.002585
0.002933
0.00273
0.002898
0.002775
0.00261
0.002866
0.002866
0.002788
0.003501
0.003373
0.003409
0.003121
0.003611
0.005109
0.005042
0.005102
0.004425
0.004195
0.00396
0.004496
0.005115
0.004961
0.004328
0.004398
0.003794
0.003484
0.00353
0.003021
0.00343
0.003157
0.002644
0.002611
0.002842
0.003106
0.004975
0.005318
0.004846
0.00367
0.003794
0.003502
0.003349
0.003368
0.002935
0.003051
0.003419
0.002676
0.002665
0.00258
0.002907
0.002926
0.003507
0.002681
0.002696
0.002727
0.00269
0.003195
0.002646
0.002547
0.002554
0.002599
0.003012
0.003538
0.002526
0.002623
0.002682
0.002812
0.003467
0.003137
0.002736
0.002593
0.002688
0.005045
0.004739
0.004846
0.004227
0.004042
0.003552
0.003392
0.004387
0.003293
0.00485
0.004938
0.004626
0.004205
0.004448
0.003474
0.003663
0.005023
0.00496
0.004384
0.003896
0.003432
0.003563
0.003521
0.003204
0.002882
0.002807
0.002651
0.00273
0.002774
0.002923
0.00268
0.00264
0.002748
0.002768
0.003371
0.002774
0.002753
0.002811
0.002867
0.002694
0.002523
0.002755
0.002947
0.003128
0.002708
0.003223
0.004659
0.0046
0.005369
0.003998
0.003838
0.003128
0.00328
0.003529
0.004905
0.004926
0.004696
0.004243
0.003553
0.003701
0.003135
0.003207
0.003261
0.002714
0.00252
0.002674
0.002426
0.002593
0.002375
0.002518
0.002351
0.002495
0.002409
0.002389
0.002796
0.002888
0.002691
0.002903
0.002801
0.0028
0.002843
0.002573
0.002723
0.002587
0.002665
0.002603
0.002479
0.002655
0.002553
0.003622
0.003365
0.003102
0.002754
0.002389
0.00279
0.002799
0.002789
0.002624
0.002601
0.002733
0.002564
0.002532
0.00247
0.002807
0.002557
