0.000168,0.000133,0.000148,0,0,0,0,0,0,0,0,0,0,0,0
0.28282,0.22104,0.23298,0,0,0,0,0,0,0,0,0,0,0,0
0.008471,0.006607,0.012645,0,0,0,0,0,0,0,0,0,0,0,0
0.008717,0.006426,0.008937,0,0,0,0,0,0,0,0,0,0,0,0
0.008002,0.006137,0.006888,0,0,0,0,0,0,0,0,0,0,0,0
0.007084,0.006087,0.006308,0,0,0,0,0,0,0,0,0,0,0,0
0.006546,0.007931,0.005969,0,0,0,0,0,0,0,0,0,0,0,0
0.006773,0.012863,0.005978,0,0,0,0,0,0,0,0,0,0,0,0
0.007344,0.008968,0.006094,0,0,0,0,0,0,0,0,0,0,0,0
0.013098,0.007657,0.006179,0,0,0,0,0,0,0,0,0,0,0,0
0.010886,0.006922,0.006054,0,0,0,0,0,0,0,0,0,0,0,0
0.008474,0.006712,0.006005,0,0,0,0,0,0,0,0,0,0,0,0
0.007701,0.006301,0.005941,0,0,0,0,0,0,0,0,0,0,0,0
0.007146,0.006141,0.006263,0,0,0,0,0,0,0,0,0,0,0,0
0.006596,0.006705,0.006222,0,0,0,0,0,0,0,0,0,0,0,0
0.007004,0.006107,0.006165,0,0,0,0,0,0,0,0,0,0,0,0
0.006762,0.006239,0.007153,0,0,0,0,0,0,0,0,0,0,0,0
0.007155,0.006152,0.006086,0,0,0,0,0,0,0,0,0,0,0,0
0.01392,0.006626,0.006155,0,0,0,0,0,0,0,0,0,0,0,0
0.010247,0.00786,0.00621,0,0,0,0,0,0,0,0,0,0,0,0
0.007274,0.012389,0.005877,0,0,0,0,0,0,0,0,0,0,0,0
0.007208,0.008708,0.00618,0,0,0,0,0,0,0,0,0,0,0,0
0.006368,0.006887,0.005968,0,0,0,0,0,0,0,0,0,0,0,0
0.006993,0.006364,0.005833,0,0,0,0,0,0,0,0,0,0,0,0
0.006619,0.006717,0.006723,0,0,0,0,0,0,0,0,0,0,0,0
0.006832,0.006457,0.007194,0,0,0,0,0,0,0,0,0,0,0,0
0.007126,0.006337,0.006298,0,0,0,0,0,0,0,0,0,0,0,0
0.007491,0.006214,0.006094,0,0,0,0,0,0,0,0,0,0,0,0
0.007784,0.006486,0.006267,0,0,0,0,0,0,0,0,0,0,0,0
0.006711,0.006288,0.006519,0,0,0,0,0,0,0,0,0,0,0,0
0.006526,0.006328,0.006154,0,0,0,0,0,0,0,0,0,0,0,0
0.006976,0.006146,0.005931,0,0,0,0,0,0,0,0,0,0,0,0
0.006525,0.006491,0.006886,0,0,0,0,0,0,0,0,0,0,0,0
0.007597,0.006194,0.006097,0,0,0,0,0,0,0,0,0,0,0,0
0.007124,0.006001,0.006015,0,0,0,0,0,0,0,0,0,0,0,0
0.007314,0.008249,0.006185,0,0,0,0,0,0,0,0,0,0,0,0
0.007236,0.012275,0.006091,0,0,0,0,0,0,0,0,0,0,0,0
0.006952,0.008935,0.006211,0,0,0,0,0,0,0,0,0,0,0,0
0.007397,0.007429,0.006163,0,0,0,0,0,0,0,0,0,0,0,0
0.007162,0.006615,0.006229,0,0,0,0,0,0,0,0,0,0,0,0
0.008292,0.006389,0.006194,0,0,0,0,0,0,0,0,0,0,0,0
0.007988,0.006107,0.006227,0,0,0,0,0,0,0,0,0,0,0,0
0.006453,0.006946,0.006642,0,0,0,0,0,0,0,0,0,0,0,0
0.007581,0.00798,0.009777,0,0,0,0,0,0,0,0,0,0,0,0
0.008596,0.006029,0.007401,0,0,0,0,0,0,0,0,0,0,0,0
0.008531,0.006369,0.006668,0,0,0,0,0,0,0,0,0,0,0,0
0.006369,0.008095,0.006222,0,0,0,0,0,0,0,0,0,0,0,0
NaN,NaN,NaN,0,0,0,0,0,0,0,0,0,0,0,0
NaN,NaN,NaN,0,0,0,0,0,0,0,0,0,0,0,0
NaN,NaN,NaN,0,0,0,0,0,0,0,0,0,0,0,0
NaN,NaN,NaN,0,0,0,0,0,0,0,0,0,0,0,0
0.000234,0.000149,0.000159,0,0,0,0,0,0,0,0,0,0,0,0
0.22422,0.21129,0.22942,0,0,0,0,0,0,0,0,0,0,0,0
0.010649,0.006632,0.008773,0,0,0,0,0,0,0,0,0,0,0,0
0.006836,0.005839,0.007031,0,0,0,0,0,0,0,0,0,0,0,0
0.006277,0.006443,0.007882,0,0,0,0,0,0,0,0,0,0,0,0
0.007243,0.005942,0.013328,0,0,0,0,0,0,0,0,0,0,0,0
0.007722,0.007118,0.009514,0,0,0,0,0,0,0,0,0,0,0,0
0.006827,0.007236,0.007444,0,0,0,0,0,0,0,0,0,0,0,0
0.006423,0.006969,0.006609,0,0,0,0,0,0,0,0,0,0,0,0
0.007539,0.006506,0.006166,0,0,0,0,0,0,0,0,0,0,0,0
0.006668,0.006631,0.006257,0,0,0,0,0,0,0,0,0,0,0,0
0.006927,0.007244,0.006032,0,0,0,0,0,0,0,0,0,0,0,0
0.006828,0.006251,0.005943,0,0,0,0,0,0,0,0,0,0,0,0
0.006563,0.00616,0.006274,0,0,0,0,0,0,0,0,0,0,0,0
0.006588,0.006044,0.005978,0,0,0,0,0,0,0,0,0,0,0,0
0.006315,0.006219,0.006088,0,0,0,0,0,0,0,0,0,0,0,0
0.006339,0.006191,0.00614,0,0,0,0,0,0,0,0,0,0,0,0
0.006648,0.006047,0.008304,0,0,0,0,0,0,0,0,0,0,0,0
0.006563,0.00623,0.012601,0,0,0,0,0,0,0,0,0,0,0,0
0.006465,0.00603,0.008823,0,0,0,0,0,0,0,0,0,0,0,0
0.007406,0.005908,0.006956,0,0,0,0,0,0,0,0,0,0,0,0
0.007309,0.006627,0.006507,0,0,0,0,0,0,0,0,0,0,0,0
0.007592,0.006195,0.006267,0,0,0,0,0,0,0,0,0,0,0,0
0.007608,0.006002,0.006444,0,0,0,0,0,0,0,0,0,0,0,0
0.006981,0.006808,0.006032,0,0,0,0,0,0,0,0,0,0,0,0
0.006454,0.006484,0.005945,0,0,0,0,0,0,0,0,0,0,0,0
0.007255,0.006451,0.006055,0,0,0,0,0,0,0,0,0,0,0,0
0.008175,0.006232,0.005917,0,0,0,0,0,0,0,0,0,0,0,0
0.007927,0.006285,0.005931,0,0,0,0,0,0,0,0,0,0,0,0
0.006458,0.00631,0.006481,0,0,0,0,0,0,0,0,0,0,0,0
0.006391,0.006087,0.005997,0,0,0,0,0,0,0,0,0,0,0,0
0.007864,0.005821,0.005816,0,0,0,0,0,0,0,0,0,0,0,0
0.006515,0.006262,0.006597,0,0,0,0,0,0,0,0,0,0,0,0
0.009563,0.00588,0.005786,0,0,0,0,0,0,0,0,0,0,0,0
0.011389,0.005939,0.006019,0,0,0,0,0,0,0,0,0,0,0,0
0.007713,0.006539,0.006181,0,0,0,0,0,0,0,0,0,0,0,0
0.007198,0.006064,0.006199,0,0,0,0,0,0,0,0,0,0,0,0
0.006658,0.005754,0.006454,0,0,0,0,0,0,0,0,0,0,0,0
0.00654,0.006253,0.005962,0,0,0,0,0,0,0,0,0,0,0,0
0.006345,0.005915,0.006284,0,0,0,0,0,0,0,0,0,0,0,0
0.006618,0.006042,0.006205,0,0,0,0,0,0,0,0,0,0,0,0
0.006417,0.006085,0.005955,0,0,0,0,0,0,0,0,0,0,0,0
0.006301,0.006001,0.00656,0,0,0,0,0,0,0,0,0,0,0,0
0.006359,0.005888,0.006166,0,0,0,0,0,0,0,0,0,0,0,0
0.00655,0.006375,0.005942,0,0,0,0,0,0,0,0,0,0,0,0
0.006452,0.005799,0.005934,0,0,0,0,0,0,0,0,0,0,0,0
0.00645,0.005959,0.006077,0,0,0,0,0,0,0,0,0,0,0,0
0.005816,0.00644,0.006026,0,0,0,0,0,0,0,0,0,0,0,0
0.006424,0.00605,0.00771,0,0,0,0,0,0,0,0,0,0,0,0
0.007712,0.006001,0.012679,0,0,0,0,0,0,0,0,0,0,0,0
0.012209,0.006516,0.009305,0,0,0,0,0,0,0,0,0,0,0,0
0.009236,0.006201,0.006942,0,0,0,0,0,0,0,0,0,0,0,0
0.007405,0.006174,0.006506,0,0,0,0,0,0,0,0,0,0,0,0
0.006581,0.005768,0.005933,0,0,0,0,0,0,0,0,0,0,0,0
0.005795,0.006043,0.006613,0,0,0,0,0,0,0,0,0,0,0,0
0.005877,0.006086,0.006216,0,0,0,0,0,0,0,0,0,0,0,0
0.006244,0.00597,0.005956,0,0,0,0,0,0,0,0,0,0,0,0
0.006064,0.005966,0.00589,0,0,0,0,0,0,0,0,0,0,0,0
0.006642,0.005793,0.006172,0,0,0,0,0,0,0,0,0,0,0,0
0.006234,0.006588,0.006023,0,0,0,0,0,0,0,0,0,0,0,0
0.005897,0.006115,0.005753,0,0,0,0,0,0,0,0,0,0,0,0
0.006428,0.006155,0.006165,0,0,0,0,0,0,0,0,0,0,0,0
0.006535,0.006007,0.00591,0,0,0,0,0,0,0,0,0,0,0,0
0.006711,0.006024,0.007527,0,0,0,0,0,0,0,0,0,0,0,0
0.006286,0.006049,0.012617,0,0,0,0,0,0,0,0,0,0,0,0
0.006462,0.006406,0.01195,0,0,0,0,0,0,0,0,0,0,0,0
0.007004,0.006094,0.008966,0,0,0,0,0,0,0,0,0,0,0,0
0.006549,0.005976,0.007018,0,0,0,0,0,0,0,0,0,0,0,0
0.006649,0.006182,0.006064,0,0,0,0,0,0,0,0,0,0,0,0
0.006339,0.00619,0.006166,0,0,0,0,0,0,0,0,0,0,0,0
0.006721,0.006062,0.006229,0,0,0,0,0,0,0,0,0,0,0,0
0.006543,0.006031,0.006,0,0,0,0,0,0,0,0,0,0,0,0
0.007894,0.006074,0.006964,0,0,0,0,0,0,0,0,0,0,0,0
0.007578,0.005876,0.006626,0,0,0,0,0,0,0,0,0,0,0,0
0.00694,0.006448,0.006003,0,0,0,0,0,0,0,0,0,0,0,0
0.006869,0.006064,0.005984,0,0,0,0,0,0,0,0,0,0,0,0
0.006038,0.005811,0.006241,0,0,0,0,0,0,0,0,0,0,0,0
0.006555,0.006211,0.006184,0,0,0,0,0,0,0,0,0,0,0,0
0.006045,0.006159,0.008373,0,0,0,0,0,0,0,0,0,0,0,0
0.006075,0.006053,0.012121,0,0,0,0,0,0,0,0,0,0,0,0
0.006158,0.007667,0.009307,0,0,0,0,0,0,0,0,0,0,0,0
0.006336,0.006119,0.007099,0,0,0,0,0,0,0,0,0,0,0,0
NaN,NaN,NaN,0,0,0,0,0,0,0,0,0,0,0,0
NaN,NaN,NaN,0,0,0,0,0,0,0,0,0,0,0,0
NaN,NaN,NaN,0,0,0,0,0,0,0,0,0,0,0,0
NaN,NaN,NaN,0,0,0,0,0,0,0,0,0,0,0,0
0.000206,0.000101,0.000177,0,0,0,0,0,0,0,0,0,0,0,0
0.2238,0.21593,0.23194,0,0,0,0,0,0,0,0,0,0,0,0
0.01301,0.006945,0.007483,0,0,0,0,0,0,0,0,0,0,0,0
0.009337,0.006645,0.006831,0,0,0,0,0,0,0,0,0,0,0,0
0.007403,0.006405,0.006158,0,0,0,0,0,0,0,0,0,0,0,0
0.007156,0.006517,0.006329,0,0,0,0,0,0,0,0,0,0,0,0
0.006945,0.006666,0.006412,0,0,0,0,0,0,0,0,0,0,0,0
0.007746,0.006813,0.007265,0,0,0,0,0,0,0,0,0,0,0,0
NaN,NaN,NaN,0,0,0,0,0,0,0,0,0,0,0,0
NaN,NaN,NaN,0,0,0,0,0,0,0,0,0,0,0,0
NaN,NaN,NaN,0,0,0,0,0,0,0,0,0,0,0,0
NaN,NaN,NaN,0,0,0,0,0,0,0,0,0,0,0,0
0.000163,0.000192,0.000387,0,0,0,0,0,0,0,0,0,0,0,0
0.22356,0.23546,0.29225,0,0,0,0,0,0,0,0,0,0,0,0
0.00745,0.007618,0.007698,0,0,0,0,0,0,0,0,0,0,0,0
0.007209,0.007005,0.007177,0,0,0,0,0,0,0,0,0,0,0,0
0.007653,0.006841,0.007769,0,0,0,0,0,0,0,0,0,0,0,0
0.007555,0.006794,0.007334,0,0,0,0,0,0,0,0,0,0,0,0
0.006867,0.007266,0.007251,0,0,0,0,0,0,0,0,0,0,0,0
0.007107,0.008612,0.007587,0,0,0,0,0,0,0,0,0,0,0,0
NaN,NaN,NaN,0,0,0,0,0,0,0,0,0,0,0,0
NaN,NaN,NaN,0,0,0,0,0,0,0,0,0,0,0,0
NaN,NaN,NaN,0,0,0,0,0,0,0,0,0,0,0,0
NaN,NaN,NaN,0,0,0,0,0,0,0,0,0,0,0,0
0.000284,0.000163,0.000153,0,0,0,0,0,0,0,0,0,0,0,0
0.22553,0.21609,0.23251,0,0,0,0,0,0,0,0,0,0,0,0
0.00771,0.008214,0.010461,0,0,0,0,0,0,0,0,0,0,0,0
0.007272,0.007472,0.009177,0,0,0,0,0,0,0,0,0,0,0,0
0.007725,0.007444,0.007555,0,0,0,0,0,0,0,0,0,0,0,0
0.008079,0.007471,0.008023,0,0,0,0,0,0,0,0,0,0,0,0
0.008234,0.007042,0.00785,0,0,0,0,0,0,0,0,0,0,0,0
0.007173,0.00713,0.007557,0,0,0,0,0,0,0,0,0,0,0,0
0.007593,0.007153,0.008503,0,0,0,0,0,0,0,0,0,0,0,0
0.007581,0.008456,0.007986,0,0,0,0,0,0,0,0,0,0,0,0
NaN,NaN,NaN,0,0,0,0,0,0,0,0,0,0,0,0
NaN,NaN,NaN,0,0,0,0,0,0,0,0,0,0,0,0
NaN,NaN,NaN,0,0,0,0,0,0,0,0,0,0,0,0
NaN,NaN,NaN,0,0,0,0,0,0,0,0,0,0,0,0
0.000176,0.000163,0.000212,0,0,0,0,0,0,0,0,0,0,0,0
0.21905,0.23317,0.37074,0,0,0,0,0,0,0,0,0,0,0,0
0.007851,0.007768,0.00805,0,0,0,0,0,0,0,0,0,0,0,0
0.007269,0.007276,0.007481,0,0,0,0,0,0,0,0,0,0,0,0
0.007343,0.007179,0.007574,0,0,0,0,0,0,0,0,0,0,0,0
0.007355,0.007254,0.007582,0,0,0,0,0,0,0,0,0,0,0,0
0.007528,0.007188,0.007826,0,0,0,0,0,0,0,0,0,0,0,0
0.007294,0.007121,0.008213,0,0,0,0,0,0,0,0,0,0,0,0
0.007342,0.007122,0.007573,0,0,0,0,0,0,0,0,0,0,0,0
0.007585,0.007234,0.007392,0,0,0,0,0,0,0,0,0,0,0,0
0.007969,0.00723,0.007895,0,0,0,0,0,0,0,0,0,0,0,0
0.010294,0.00721,0.007578,0,0,0,0,0,0,0,0,0,0,0,0
0.013538,0.007467,0.007709,0,0,0,0,0,0,0,0,0,0,0,0
0.010035,0.00741,0.008469,0,0,0,0,0,0,0,0,0,0,0,0
0.007999,0.007432,0.00754,0,0,0,0,0,0,0,0,0,0,0,0
0.009633,0.00743,0.007567,0,0,0,0,0,0,0,0,0,0,0,0
0.016186,0.007369,0.007441,0,0,0,0,0,0,0,0,0,0,0,0
0.01411,0.007592,0.007565,0,0,0,0,0,0,0,0,0,0,0,0
0.015039,0.007499,0.007805,0,0,0,0,0,0,0,0,0,0,0,0
0.011448,0.008005,0.007484,0,0,0,0,0,0,0,0,0,0,0,0
0.00827,0.007784,0.008001,0,0,0,0,0,0,0,0,0,0,0,0
0.008324,0.00772,0.007895,0,0,0,0,0,0,0,0,0,0,0,0
NaN,NaN,NaN,0,0,0,0,0,0,0,0,0,0,0,0
NaN,NaN,NaN,0,0,0,0,0,0,0,0,0,0,0,0
NaN,NaN,NaN,0,0,0,0,0,0,0,0,0,0,0,0
NaN,NaN,NaN,0,0,0,0,0,0,0,0,0,0,0,0
0.000142,0.000178,0.000174,0,0,0,0,0,0,0,0,0,0,0,0
0.22703,0.22853,0.23911,0,0,0,0,0,0,0,0,0,0,0,0
0.01572,0.015458,0.015412,0,0,0,0,0,0,0,0,0,0,0,0
0.014974,0.014701,0.014839,0,0,0,0,0,0,0,0,0,0,0,0
0.014935,0.016197,0.015099,0,0,0,0,0,0,0,0,0,0,0,0
0.015272,0.016957,0.015646,0,0,0,0,0,0,0,0,0,0,0,0
0.014611,0.015035,0.014695,0,0,0,0,0,0,0,0,0,0,0,0
0.015132,0.015658,0.015394,0,0,0,0,0,0,0,0,0,0,0,0
0.015262,0.015094,0.014955,0,0,0,0,0,0,0,0,0,0,0,0
0.017441,0.014695,0.014791,0,0,0,0,0,0,0,0,0,0,0,0
0.015796,0.014864,0.015016,0,0,0,0,0,0,0,0,0,0,0,0
0.016908,0.014968,0.015116,0,0,0,0,0,0,0,0,0,0,0,0
0.015179,0.017665,0.015219,0,0,0,0,0,0,0,0,0,0,0,0
0.014605,0.015522,0.015323,0,0,0,0,0,0,0,0,0,0,0,0
0.015868,0.025478,0.019075,0,0,0,0,0,0,0,0,0,0,0,0
0.01567,0.016487,0.016248,0,0,0,0,0,0,0,0,0,0,0,0
0.014696,0.014958,0.01494,0,0,0,0,0,0,0,0,0,0,0,0
0.014472,0.014747,0.015349,0,0,0,0,0,0,0,0,0,0,0,0
NaN,NaN,NaN,0,0,0,0,0,0,0,0,0,0,0,0
NaN,NaN,NaN,0,0,0,0,0,0,0,0,0,0,0,0
NaN,NaN,NaN,0,0,0,0,0,0,0,0,0,0,0,0
NaN,NaN,NaN,0,0,0,0,0,0,0,0,0,0,0,0
0.000145,0.000165,0.000166,0,0,0,0,0,0,0,0,0,0,0,0
0.24362,0.23276,0.23824,0,0,0,0,0,0,0,0,0,0,0,0
0.016977,0.01732,0.015784,0,0,0,0,0,0,0,0,0,0,0,0
0.015047,0.015848,0.015498,0,0,0,0,0,0,0,0,0,0,0,0
0.01543,0.015495,0.015045,0,0,0,0,0,0,0,0,0,0,0,0
0.015865,0.015447,0.015201,0,0,0,0,0,0,0,0,0,0,0,0
0.017205,0.024476,0.015367,0,0,0,0,0,0,0,0,0,0,0,0
0.016753,0.016689,0.015111,0,0,0,0,0,0,0,0,0,0,0,0
0.015678,0.015321,0.015375,0,0,0,0,0,0,0,0,0,0,0,0
0.015656,0.017366,0.015141,0,0,0,0,0,0,0,0,0,0,0,0
0.015327,0.015453,0.015191,0,0,0,0,0,0,0,0,0,0,0,0
0.022812,0.015154,0.015557,0,0,0,0,0,0,0,0,0,0,0,0
0.018228,0.014871,0.0151,0,0,0,0,0,0,0,0,0,0,0,0
0.016305,0.014832,0.014934,0,0,0,0,0,0,0,0,0,0,0,0
0.014787,0.015594,0.015104,0,0,0,0,0,0,0,0,0,0,0,0
0.015302,0.023126,0.015369,0,0,0,0,0,0,0,0,0,0,0,0
NaN,NaN,NaN,0,0,0,0,0,0,0,0,0,0,0,0
