0.000118
0.21698
0.006033
0.005475
0.005552
0.005491
0.00563
0.005689
0.005584
0.005526
0.005344
0.005382
0.005478
0.005308
0.005256
0.005421
0.005415
0.005443
0.005469
0.005716
0.005557
0.005852
0.005672
NaN
NaN
NaN
NaN
0.000171
0.22661
0.01081
0.008115
0.006669
0.00614
0.005535
0.005607
0.005482
0.005866
0.00565
0.006209
0.006046
0.005924
0.005843
0.005651
0.011356
0.008374
0.007452
0.006695
0.005764
0.00555
0.005674
0.005633
0.005613
0.005698
0.005876
0.007845
0.012885
0.008053
0.011206
0.007958
0.006718
0.006458
0.00588
0.005684
0.006082
0.005844
0.005737
0.005718
0.005858
0.005968
0.005879
0.006232
0.005911
0.005639
0.005853
0.005834
0.006042
0.006087
0.005761
0.006252
0.005741
0.005758
0.006109
0.005747
0.005831
0.0057
0.006106
0.012024
0.010136
0.006868
0.006514
0.005923
0.005551
0.00617
0.00597
0.005548
0.005823
0.005771
0.005689
0.005719
0.005756
0.005881
0.005754
0.00564
0.005678
0.005897
0.008411
0.011709
0.007908
0.006702
0.006171
0.005727
0.005868
0.005671
0.005919
0.005698
0.006018
0.005817
0.005515
0.005971
0.006052
0.005613
0.005689
0.00564
0.005548
0.005909
0.006209
0.005961
0.007215
0.005812
0.006198
0.005662
0.006171
0.006889
0.008623
0.010591
0.008335
0.006912
0.006049
0.005781
0.005737
0.005862
0.00609
0.005901
0.005898
0.006173
0.005782
0.006418
0.005999
0.005983
0.008028
0.011354
0.008673
0.007426
0.006475
0.005856
0.006078
0.00603
0.005618
0.005592
0.005627
0.005853
0.005949
0.005713
0.005744
0.005714
0.005914
0.005953
0.006169
0.005772
0.006349
0.006071
0.005593
0.00576
0.005856
0.006002
0.005749
0.005704
0.005753
0.005806
0.00586
0.005651
0.005543
0.005558
0.005537
0.006241
0.005764
0.005596
0.005621
0.005573
0.005691
0.005669
0.00587
0.005644
0.005514
0.005513
0.005811
0.006174
0.005657
0.005492
0.005647
0.005584
0.006159
0.005825
0.005687
0.005787
0.005616
0.005667
0.00573
0.005566
0.005663
0.00562
0.005992
0.005727
0.010838
0.008334
0.008383
0.011013
0.010025
0.011328
0.009094
0.007136
0.006488
0.00653
0.00591
0.005801
0.006061
0.005817
0.00585
0.006277
0.00602
0.005837
0.006128
0.005815
0.005748
0.005887
0.005633
0.005831
0.005812
0.005539
0.005708
0.005616
0.005844
0.006023
0.005909
0.006741
0.006271
0.005953
0.006073
NaN
NaN
NaN
NaN
0.000188
0.23805
0.006273
0.006022
0.00593
0.005973
0.005949
0.005888
0.006232
0.006263
0.006521
0.006064
0.006448
0.006532
0.006259
0.006021
0.006021
0.006058
0.006603
0.005947
0.006223
0.005777
0.005878
0.005875
0.006129
0.006774
0.005722
0.005784
0.005899
0.005788
0.006192
0.006189
0.005883
0.00639
0.005753
0.005739
0.006243
0.005937
0.005628
0.006027
0.006226
0.005891
0.006015
0.006184
0.006408
0.005729
0.006205
0.005616
0.005758
0.005671
0.005791
0.006197
0.005821
0.006117
0.006098
0.006488
0.006489
0.00698
0.006344
0.005907
0.0064
0.005882
0.005827
NaN
NaN
NaN
NaN
0.000173
0.22481
0.006177
0.005584
0.005449
0.005725
0.005983
0.005774
0.005528
0.00555
0.005495
0.00568
0.005608
0.005664
0.005645
0.005656
0.005587
0.005694
0.006136
0.008127
0.01103
0.008735
0.006803
0.006011
0.005818
0.005841
0.00574
0.005579
0.005549
0.005639
0.00566
0.005806
0.005672
0.006245
0.005957
0.006707
0.006603
0.005741
0.011242
0.008116
0.006875
0.006431
0.005554
0.005677
0.005623
0.005806
0.005648
0.005888
0.005718
0.005663
0.005794
0.005751
0.005412
0.005668
0.005528
0.005578
0.005659
0.006018
0.005736
0.005519
0.005721
0.005585
0.006043
0.005826
0.005938
0.005977
0.005819
0.005688
0.006066
0.005806
0.005661
0.005641
0.005745
0.005525
0.009652
0.011057
0.008091
0.007099
0.006202
0.005915
0.006035
0.005623
0.005657
0.005675
0.005529
0.005599
0.005633
0.005557
0.005613
0.005609
0.005587
0.005883
0.005527
0.0057
0.005602
0.007075
0.006258
0.005553
0.00565
0.00605
0.005799
0.005542
0.005542
0.005677
0.008047
0.010885
0.008066
0.006784
0.005579
0.00581
0.00596
0.005925
0.005648
0.005528
0.005537
0.005661
0.006115
0.00559
0.005687
0.006392
0.00581
0.005884
0.005618
0.005568
0.005962
0.00625
0.005711
0.005625
0.005581
0.005638
0.005903
0.00573
0.005729
0.006339
0.005676
0.005747
0.005594
0.00574
0.005941
0.005839
0.005928
0.00637
0.005623
0.005691
0.006035
0.005634
0.005667
0.005919
0.005879
0.005767
0.005785
0.005787
0.006009
0.005594
0.005653
0.005603
0.00576
0.006389
0.005656
0.005707
0.00588
0.005655
0.005667
0.00502
0.004759
0.004869
0.004945
0.00473
0.004933
0.004764
0.004607
0.005399
0.004702
0.004684
0.00485
0.004723
0.004942
0.004676
0.004565
0.005139
0.005814
0.009815
0.008132
0.006991
0.006569
0.004966
0.004964
0.004859
0.004746
0.004605
0.004805
0.005196
0.00465
0.004602
0.004518
0.004584
0.004583
0.004788
0.00455
0.005267
0.004488
0.00466
0.006688
0.009318
0.007432
0.006321
0.00541
0.005039
0.004711
0.009474
0.007957
0.006907
0.006221
0.005453
0.004613
0.004678
0.004982
0.005039
0.00531
0.004624
0.004323
0.004276
0.004248
0.004582
0.005025
0.004261
0.004455
0.005609
0.008562
0.008089
0.006445
0.005485
0.005291
0.005658
0.005027
0.004802
0.004386
0.004442
0.005267
0.004743
0.004543
0.004503
0.004416
0.004356
0.004962
0.004469
0.004556
0.004797
0.004409
0.00453
0.00451
0.004635
0.004564
0.00462
0.00447
0.004891
0.005482
0.004492
0.004406
0.004813
0.004572
0.004293
0.004989
0.004323
0.004533
0.004574
0.005636
0.005444
0.004482
0.004658
0.005084
0.0046
0.004716
0.004606
0.004816
0.004575
0.004557
0.005804
0.008147
0.010186
0.008088
0.00762
0.005878
0.00606
0.005893
0.006069
0.005766
0.005956
0.005863
0.006002
0.005629
0.005583
0.005731
0.005618
0.006081
0.005582
0.005636
0.005816
0.00567
0.007955
0.010639
0.008511
0.006625
0.005939
0.005787
0.005736
0.005763
0.005593
0.00632
0.005775
0.005553
0.005465
0.005616
0.005507
0.005634
0.005558
0.005912
0.005579
0.005396
0.005486
0.005547
0.00639
0.005771
0.005543
0.005822
0.005657
0.005512
0.00561
0.005513
0.004371
0.005533
0.005644
0.005539
0.005585
0.005577
0.006149
0.005609
0.005584
0.00568
0.005928
0.00586
0.006027
0.005774
0.005902
0.00598
0.005642
0.005926
0.005686
0.005465
0.006041
0.005669
0.005446
0.005597
0.005642
0.006488
0.005558
0.005587
0.006085
0.005728
0.005584
0.005579
0.005723
0.005923
0.005778
0.005638
0.005628
0.005632
0.006171
0.005652
0.005635
0.006219
0.005802
0.005702
0.005729
0.005643
0.005527
0.005464
0.005399
0.005476
0.005839
0.0061
0.005586
0.005776
0.006198
0.005789
0.005854
0.006219
0.005651
0.005559
0.005664
0.005597
0.005706
0.005653
0.005443
0.005539
0.005612
0.006259
0.005678
0.005604
0.005601
0.005544
0.008295
0.010425
0.008213
0.006691
0.005716
0.005775
0.00581
0.005968
0.005699
0.005789
0.006255
0.005649
0.005619
0.005784
0.007878
0.01056
0.008711
0.007348
0.005862
0.005901
0.005519
0.010986
0.007971
0.006746
0.006237
0.005757
0.005568
0.005846
0.006082
0.005661
0.005728
0.005704
0.008435
0.011969
0.009261
0.006912
0.006577
0.006196
0.006056
0.005849
0.007258
0.007187
0.006323
0.005985
0.00629
0.005674
0.005753
0.006669
0.006189
0.005942
0.005818
0.006845
0.005943
0.006079
0.006193
0.005904
0.006522
0.006575
0.005811
0.005796
0.006253
0.005833
0.005867
0.006401
0.005723
0.005741
0.006258
0.00587
0.005914
0.00617
0.005821
0.006332
0.006368
0.005722
0.006348
0.006042
0.005797
0.005648
0.005933
0.005737
0.00575
0.005664
0.005555
0.005646
0.006168
0.00648
0.006307
0.006254
0.006029
0.005929
0.006274
0.005983
0.006686
0.006692
0.006105
0.006054
0.006039
0.006496
0.005751
0.006178
0.006618
0.007584
0.007071
0.006507
0.007489
0.006652
0.006873
0.006517
0.007097
0.006734
0.00604
0.005635
0.006104
0.006045
0.006153
0.006359
0.005955
0.00572
0.00613
0.006105
0.006236
0.006156
0.005651
0.00678
0.00566
0.005679
0.006018
0.005687
0.005883
0.005803
0.005741
0.005483
0.006283
0.005642
0.005791
0.006241
0.005914
0.006489
0.007112
0.006347
0.006111
0.007526
0.006343
0.006521
0.007175
0.00678
0.007015
0.006624
0.011353
0.008849
0.006893
0.006434
0.006267
0.005879
0.007984
0.010356
0.009457
0.007314
0.008502
0.010611
0.007889
0.007025
0.005932
0.005833
0.005572
0.011407
0.010201
0.007783
0.006558
0.006138
0.005569
0.005643
0.006375
0.005672
0.005838
0.005758
0.005688
0.005738
0.005663
0.005749
0.005819
0.006129
0.005752
0.005963
0.006556
0.00578
0.006554
0.005731
0.006104
0.005729
0.005575
0.005726
0.005613
0.006208
0.00593
0.005882
0.006486
0.005782
0.005986
0.005627
0.005624
0.005914
0.00628
0.005909
0.00569
0.005902
0.005742
0.005804
0.006073
0.005756
0.005923
0.005934
0.005636
0.005978
0.006313
0.005538
0.005669
0.005609
0.005646
0.005947
0.005556
0.005538
0.005516
0.005623
0.006732
0.005528
0.005586
0.005658
0.005686
0.005992
0.005606
0.005552
0.006184
0.005838
0.005416
0.005643
0.005709
0.005944
0.005592
0.005523
0.00567
0.005602
0.006003
0.005675
NaN
NaN
NaN
NaN
0.000185
0.23792
0.006184
0.005506
0.006113
0.008407
0.007405
0.012531
0.006638
0.007281
0.005698
0.006622
0.005958
0.007922
0.006066
0.005519
0.006134
0.006167
0.006714
0.00606
0.005985
0.006647
0.006394
0.005924
0.005786
0.006615
0.005656
0.006006
0.005696
0.005874
0.005898
