1
526.0000,59.0000,544.0000,59.0000,544.0000,76.0000,526.0000,76.0000
526.0000,65.0000,543.0000,65.0000,543.0000,82.0000,526.0000,82.0000
523.0000,84.0000,539.0000,84.0000,539.0000,101.0000,523.0000,101.0000
522.0000,93.0000,540.0000,93.0000,540.0000,110.0000,522.0000,110.0000
520.0000,107.0000,536.0000,107.0000,536.0000,123.0000,520.0000,123.0000
517.0000,121.0000,533.0000,121.0000,533.0000,137.0000,517.0000,137.0000
519.0000,129.0000,535.0000,129.0000,535.0000,145.0000,519.0000,145.0000
512.0000,142.0000,527.0000,142.0000,527.0000,158.0000,512.0000,158.0000
511.0000,157.0000,527.0000,157.0000,527.0000,173.0000,511.0000,173.0000
522.0000,168.0000,537.0000,168.0000,537.0000,183.0000,522.0000,183.0000
532.0000,175.0000,547.0000,175.0000,547.0000,190.0000,532.0000,190.0000
539.0000,183.0000,555.0000,183.0000,555.0000,198.0000,539.0000,198.0000
549.0000,190.0000,565.0000,190.0000,565.0000,205.0000,549.0000,205.0000
558.0000,196.0000,574.0000,196.0000,574.0000,212.0000,558.0000,212.0000
565.0000,203.0000,581.0000,203.0000,581.0000,218.0000,565.0000,218.0000
571.0000,200.0000,587.0000,200.0000,587.0000,216.0000,571.0000,216.0000
2
0
0
0
0
1
613.0000,265.0000,628.0000,265.0000,628.0000,279.0000,613.0000,279.0000
617.0000,264.0000,632.0000,264.0000,632.0000,278.0000,617.0000,278.0000
620.0000,266.0000,636.0000,266.0000,636.0000,281.0000,620.0000,281.0000
623.0000,266.0000,639.0000,266.0000,639.0000,280.0000,623.0000,280.0000
627.0000,268.0000,642.0000,268.0000,642.0000,282.0000,627.0000,282.0000
631.0000,273.0000,646.0000,273.0000,646.0000,287.0000,631.0000,287.0000
632.0000,272.0000,647.0000,272.0000,647.0000,285.0000,632.0000,285.0000
637.0000,274.0000,651.0000,274.0000,651.0000,288.0000,637.0000,288.0000
640.0000,271.0000,655.0000,271.0000,655.0000,285.0000,640.0000,285.0000
638.0000,267.0000,652.0000,267.0000,652.0000,280.0000,638.0000,280.0000
641.0000,267.0000,656.0000,267.0000,656.0000,280.0000,641.0000,280.0000
642.0000,270.0000,657.0000,270.0000,657.0000,283.0000,642.0000,283.0000
643.0000,272.0000,657.0000,272.0000,657.0000,285.0000,643.0000,285.0000
643.0000,275.0000,658.0000,275.0000,658.0000,289.0000,643.0000,289.0000
644.0000,279.0000,658.0000,279.0000,658.0000,292.0000,644.0000,292.0000
649.0000,277.0000,664.0000,277.0000,664.0000,291.0000,649.0000,291.0000
649.0000,279.0000,663.0000,279.0000,663.0000,293.0000,649.0000,293.0000
652.0000,277.0000,666.0000,277.0000,666.0000,291.0000,652.0000,291.0000
