1.0711
0.14999
0.071697
0.056299
0.079622
0.07297
0.040582
0.051808
0.038612
0.020602
0.020317
0.022688
0.019668
0.019494
0.040698
0.018406
0.019188
0.018973
0.01939
0.017986
0.039949
0.019324
0.018392
0.018951
0.018345
0.019361
0.037303
0.018652
0.019492
0.022456
0.027851
0.024822
0.043169
0.035627
0.024603
0.019434
0.020107
0.022568
0.039273
0.019685
0.019139
0.020018
0.018441
0.018566
0.037506
0.021325
0.019329
0.01985
0.019529
0.019645
0.039491
0.01939
0.019112
0.019765
0.020075
0.018814
0.039715
0.026918
0.019692
0.019109
0.018766
0.018398
0.036768
0.021477
0.019286
0.019412
0.018742
0.01952
0.037163
0.030132
0.019344
0.019596
0.019657
0.019741
0.037904
0.018973
0.018973
0.019413
0.018613
0.019044
0.036502
0.018473
0.01766
0.022781
0.028078
0.018652
0.038388
0.028917
0.018402
0.0192
0.018704
0.018646
0.043978
0.018668
0.019077
0.018894
0.019457
0.023039
0.038021
0.018938
0.019335
0.018175
0.017702
0.019022
0.036246
0.019544
0.031464
0.018063
0.017565
0.024257
0.048654
0.018719
0.01835
0.017488
0.018511
0.017295
0.038121
0.019329
0.019729
0.028224
0.019074
0.017904
0.036948
0.023773
0.01926
0.019154
0.018256
0.017646
0.037451
0.018052
0.018387
0.017825
0.02686
0.018592
0.038615
0.018344
0.018047
0.01914
0.022452
0.018784
0.038352
0.018347
0.018924
0.019247
0.019388
0.019815
0.037322
0.018916
0.018517
0.030768
0.032613
0.031855
0.054838
0.019277
0.019696
0.018652
0.01795
0.021715
0.037893
0.019104
0.0185
0.022599
0.017922
0.01685
0.039446
0.019103
0.018901
0.01794
0.018129
0.017741
0.036508
0.01932
0.019638
0.019071
0.017697
0.018341
0.043383
0.01796
0.020457
0.019129
0.029878
0.016795
0.03584
0.016222
0.01855
0.01791
0.037758
0.034349
0.045723
0.018277
0.02291
0.017211
0.018018
0.026613
0.036333
0.022348
0.026154
0.024144
0.017996
0.017638
0.036312
0.018478
0.028533
0.018824
0.019065
0.019054
0.043137
0.01985
0.019556
0.0175
0.018213
0.018786
0.037171
0.018104
0.018976
0.017504
0.017628
0.017735
0.036024
0.032064
0.018628
0.018416
0.018036
0.019328
0.035795
0.016826
0.018159
0.01942
0.018441
0.018102
0.036518
0.02135
0.019131
0.020494
0.030721
0.023698
0.037027
0.017144
0.018522
0.017906
0.01888
0.023564
0.039324
0.018373
0.018884
0.022195
0.035957
0.018834
0.043492
0.022442
0.020042
0.02073
0.019686
0.019538
0.038898
0.018169
0.027986
0.02818
0.019439
0.02935
0.048846
0.01958
0.019237
0.019597
0.019354
0.019242
0.042011
0.018665
0.018785
0.029746
0.01943
0.027496
0.042912
0.01841
0.024739
0.019226
0.01949
0.027648
0.041518
0.022315
0.020166
0.017837
0.018019
0.016737
0.037495
0.01845
0.017536
0.018652
0.024961
0.019573
0.040568
0.028072
0.016898
0.017933
0.034914
0.027979
0.063655
0.017689
0.01681
0.01891
0.017266
0.017641
0.037318
0.018445
0.018611
0.018418
0.025113
0.023725
0.035749
0.017761
0.016693
0.0168
0.018496
0.016831
0.049609
0.017563
0.018155
0.017727
0.016957
0.027211
0.036054
0.017601
0.016996
0.018423
0.016896
0.018088
0.035925
0.018093
0.018248
0.017843
0.018259
0.017703
0.035796
0.018604
0.049054
0.018496
0.019556
0.02267
0.036812
0.018357
0.018596
0.017841
0.017994
0.019096
0.034011
0.017455
0.017252
0.017807
0.019264
0.019661
0.035897
0.016636
0.016924
0.016962
0.01892
0.029154
0.038147
0.031634
0.017184
0.022696
0.018556
0.01953
0.040331
0.018902
0.02311
0.02418
