1.0408
0.1431
0.075983
0.058189
0.089125
0.075679
0.045839
0.039694
0.039145
0.027604
0.023266
0.021767
0.021497
0.021834
0.03805
0.022954
0.021984
0.021336
0.02335
0.021515
0.037423
0.022471
0.021514
0.02872
0.022334
0.022638
0.050823
0.022217
0.023856
0.024813
0.03207
0.026819
0.051672
0.036107
0.036132
0.032074
0.023763
0.028175
0.037824
0.022151
0.021454
0.027531
0.022579
0.024988
0.048171
0.028137
0.023291
0.022537
0.022933
0.020636
0.051
0.02476
0.024018
0.024176
0.02401
0.022174
0.040455
0.038922
0.021126
0.021304
0.020623
0.022842
0.037864
0.02243
0.022088
0.032589
0.020871
0.02301
0.052449
0.02232
0.026085
0.022592
0.020863
0.021514
0.036919
0.031321
0.021131
0.02205
0.02094
0.020624
0.036527
0.04008
0.035159
0.020474
0.021791
0.020294
0.037745
0.03002
0.019797
0.020283
0.019452
0.02649
0.035804
0.021344
0.021476
0.025097
0.022074
0.021286
0.038057
0.014421
0.020195
0.020337
0.021538
0.021052
0.039135
0.020654
0.021087
0.02058
0.034178
0.020847
0.039789
0.021315
0.026334
