0.000135,0.000182,0.000168,0,0,0,0,0,0,0,0,0,0,0,0
0.57869,0.56088,0.5682,0,0,0,0,0,0,0,0,0,0,0,0
0.025907,0.022348,0.02207,0,0,0,0,0,0,0,0,0,0,0,0
0.021489,0.022765,0.022688,0,0,0,0,0,0,0,0,0,0,0,0
0.022554,0.022958,0.023354,0,0,0,0,0,0,0,0,0,0,0,0
0.022932,0.023239,0.02324,0,0,0,0,0,0,0,0,0,0,0,0
0.023264,0.023341,0.023776,0,0,0,0,0,0,0,0,0,0,0,0
0.037176,0.04146,0.037567,0,0,0,0,0,0,0,0,0,0,0,0
0.040611,0.042435,0.040907,0,0,0,0,0,0,0,0,0,0,0,0
0.043544,0.041617,0.041719,0,0,0,0,0,0,0,0,0,0,0,0
0.028346,0.037876,0.031836,0,0,0,0,0,0,0,0,0,0,0,0
0.029137,0.023819,0.027717,0,0,0,0,0,0,0,0,0,0,0,0
0.053262,0.038771,0.047877,0,0,0,0,0,0,0,0,0,0,0,0
NaN,NaN,NaN,0,0,0,0,0,0,0,0,0,0,0,0
NaN,NaN,NaN,0,0,0,0,0,0,0,0,0,0,0,0
NaN,NaN,NaN,0,0,0,0,0,0,0,0,0,0,0,0
NaN,NaN,NaN,0,0,0,0,0,0,0,0,0,0,0,0
0.000152,6.5e-05,0.000215,0,0,0,0,0,0,0,0,0,0,0,0
0.62893,0.62231,0.63876,0,0,0,0,0,0,0,0,0,0,0,0
0.02265,0.022854,0.022432,0,0,0,0,0,0,0,0,0,0,0,0
0.0218,0.023486,0.021904,0,0,0,0,0,0,0,0,0,0,0,0
0.02312,0.023833,0.022994,0,0,0,0,0,0,0,0,0,0,0,0
0.022539,0.023294,0.022095,0,0,0,0,0,0,0,0,0,0,0,0
0.024858,0.023807,0.027467,0,0,0,0,0,0,0,0,0,0,0,0
0.041139,0.038784,0.041729,0,0,0,0,0,0,0,0,0,0,0,0
0.041299,0.041579,0.043465,0,0,0,0,0,0,0,0,0,0,0,0
0.047384,0.044522,0.041512,0,0,0,0,0,0,0,0,0,0,0,0
0.026011,0.028675,0.030525,0,0,0,0,0,0,0,0,0,0,0,0
0.039417,0.026106,0.028926,0,0,0,0,0,0,0,0,0,0,0,0
0.047303,0.051516,0.060013,0,0,0,0,0,0,0,0,0,0,0,0
0.025037,0.024602,0.026752,0,0,0,0,0,0,0,0,0,0,0,0
0.023501,0.024819,0.024403,0,0,0,0,0,0,0,0,0,0,0,0
0.026405,0.022981,0.024674,0,0,0,0,0,0,0,0,0,0,0,0
NaN,NaN,NaN,0,0,0,0,0,0,0,0,0,0,0,0
NaN,NaN,NaN,0,0,0,0,0,0,0,0,0,0,0,0
NaN,NaN,NaN,0,0,0,0,0,0,0,0,0,0,0,0
NaN,NaN,NaN,0,0,0,0,0,0,0,0,0,0,0,0
0.000153,0.000101,0.00017,0,0,0,0,0,0,0,0,0,0,0,0
0.62917,0.63919,0.62662,0,0,0,0,0,0,0,0,0,0,0,0
0.022488,0.022471,0.022171,0,0,0,0,0,0,0,0,0,0,0,0
0.022054,0.022321,0.021333,0,0,0,0,0,0,0,0,0,0,0,0
0.02394,0.023301,0.021898,0,0,0,0,0,0,0,0,0,0,0,0
0.023748,0.023126,0.023017,0,0,0,0,0,0,0,0,0,0,0,0
0.023364,0.02194,0.024576,0,0,0,0,0,0,0,0,0,0,0,0
0.042236,0.0363,0.036218,0,0,0,0,0,0,0,0,0,0,0,0
0.041176,0.039073,0.037929,0,0,0,0,0,0,0,0,0,0,0,0
0.041722,0.039675,0.036088,0,0,0,0,0,0,0,0,0,0,0,0
0.024839,0.027264,0.032809,0,0,0,0,0,0,0,0,0,0,0,0
0.023862,0.025397,0.027033,0,0,0,0,0,0,0,0,0,0,0,0
0.044975,0.054178,0.06848,0,0,0,0,0,0,0,0,0,0,0,0
0.023865,0.026161,0.024638,0,0,0,0,0,0,0,0,0,0,0,0
0.023044,0.023545,0.023325,0,0,0,0,0,0,0,0,0,0,0,0
0.023177,0.023825,0.022981,0,0,0,0,0,0,0,0,0,0,0,0
0.022872,0.022005,0.022342,0,0,0,0,0,0,0,0,0,0,0,0
0.022129,0.023343,0.0231,0,0,0,0,0,0,0,0,0,0,0,0
0.022404,0.02366,0.022038,0,0,0,0,0,0,0,0,0,0,0,0
0.023169,0.023749,0.023173,0,0,0,0,0,0,0,0,0,0,0,0
0.023531,0.023706,0.024703,0,0,0,0,0,0,0,0,0,0,0,0
0.026769,0.023679,0.023456,0,0,0,0,0,0,0,0,0,0,0,0
0.022834,0.024014,0.022701,0,0,0,0,0,0,0,0,0,0,0,0
0.025252,0.024429,0.02341,0,0,0,0,0,0,0,0,0,0,0,0
0.023194,0.023963,0.023237,0,0,0,0,0,0,0,0,0,0,0,0
0.023746,0.023817,0.024103,0,0,0,0,0,0,0,0,0,0,0,0
0.024435,0.024049,0.02626,0,0,0,0,0,0,0,0,0,0,0,0
0.025345,0.024049,0.023729,0,0,0,0,0,0,0,0,0,0,0,0
0.023216,0.023782,0.024157,0,0,0,0,0,0,0,0,0,0,0,0
0.023385,0.023457,0.023541,0,0,0,0,0,0,0,0,0,0,0,0
0.024581,0.023972,0.024565,0,0,0,0,0,0,0,0,0,0,0,0
0.024584,0.024521,0.027366,0,0,0,0,0,0,0,0,0,0,0,0
0.025403,0.024174,0.024603,0,0,0,0,0,0,0,0,0,0,0,0
0.024117,0.0238,0.023948,0,0,0,0,0,0,0,0,0,0,0,0
0.023704,0.023011,0.02644,0,0,0,0,0,0,0,0,0,0,0,0
0.026831,0.023566,0.023181,0,0,0,0,0,0,0,0,0,0,0,0
0.023495,0.023683,0.025854,0,0,0,0,0,0,0,0,0,0,0,0
0.02425,0.024046,0.024656,0,0,0,0,0,0,0,0,0,0,0,0
0.025858,0.024133,0.026815,0,0,0,0,0,0,0,0,0,0,0,0
0.024871,0.023992,0.025318,0,0,0,0,0,0,0,0,0,0,0,0
0.023633,0.023344,0.024839,0,0,0,0,0,0,0,0,0,0,0,0
0.024742,0.023514,0.025606,0,0,0,0,0,0,0,0,0,0,0,0
0.024108,0.022944,0.024913,0,0,0,0,0,0,0,0,0,0,0,0
0.024809,0.024211,0.024394,0,0,0,0,0,0,0,0,0,0,0,0
0.028625,0.025158,0.025551,0,0,0,0,0,0,0,0,0,0,0,0
0.025498,0.024045,0.025473,0,0,0,0,0,0,0,0,0,0,0,0
0.024053,0.024267,0.024708,0,0,0,0,0,0,0,0,0,0,0,0
0.024964,0.024777,0.02417,0,0,0,0,0,0,0,0,0,0,0,0
0.026789,0.023846,0.02464,0,0,0,0,0,0,0,0,0,0,0,0
0.025145,0.024725,0.024793,0,0,0,0,0,0,0,0,0,0,0,0
0.025135,0.025652,0.025659,0,0,0,0,0,0,0,0,0,0,0,0
0.027616,0.025104,0.024727,0,0,0,0,0,0,0,0,0,0,0,0
0.02335,0.023659,0.024961,0,0,0,0,0,0,0,0,0,0,0,0
0.024247,0.023943,0.024109,0,0,0,0,0,0,0,0,0,0,0,0
0.026415,0.023723,0.024631,0,0,0,0,0,0,0,0,0,0,0,0
0.026729,0.02455,0.024006,0,0,0,0,0,0,0,0,0,0,0,0
0.027037,0.024725,0.02527,0,0,0,0,0,0,0,0,0,0,0,0
0.027622,0.024246,0.024809,0,0,0,0,0,0,0,0,0,0,0,0
0.026381,0.023398,0.024334,0,0,0,0,0,0,0,0,0,0,0,0
0.025835,0.023473,0.024037,0,0,0,0,0,0,0,0,0,0,0,0
0.024,0.023552,0.024876,0,0,0,0,0,0,0,0,0,0,0,0
0.025244,0.024694,0.024161,0,0,0,0,0,0,0,0,0,0,0,0
0.024696,0.025692,0.026393,0,0,0,0,0,0,0,0,0,0,0,0
0.024347,0.024421,0.026124,0,0,0,0,0,0,0,0,0,0,0,0
0.024652,0.023508,0.025013,0,0,0,0,0,0,0,0,0,0,0,0
0.023451,0.023299,0.024629,0,0,0,0,0,0,0,0,0,0,0,0
0.023644,0.024136,0.024444,0,0,0,0,0,0,0,0,0,0,0,0
0.025586,0.024708,0.025131,0,0,0,0,0,0,0,0,0,0,0,0
0.024558,0.024777,0.025735,0,0,0,0,0,0,0,0,0,0,0,0
0.024862,0.024902,0.024967,0,0,0,0,0,0,0,0,0,0,0,0
0.024582,0.023765,0.024067,0,0,0,0,0,0,0,0,0,0,0,0
0.023452,0.023399,0.02384,0,0,0,0,0,0,0,0,0,0,0,0
0.023265,0.023329,0.024611,0,0,0,0,0,0,0,0,0,0,0,0
0.025453,0.026417,0.024413,0,0,0,0,0,0,0,0,0,0,0,0
0.024823,0.02448,0.025568,0,0,0,0,0,0,0,0,0,0,0,0
0.02373,0.028092,0.024554,0,0,0,0,0,0,0,0,0,0,0,0
0.02593,0.023841,0.024452,0,0,0,0,0,0,0,0,0,0,0,0
0.023513,0.023372,0.024417,0,0,0,0,0,0,0,0,0,0,0,0
0.023866,0.023463,0.02448,0,0,0,0,0,0,0,0,0,0,0,0
0.025954,0.02478,0.024068,0,0,0,0,0,0,0,0,0,0,0,0
0.026805,0.024226,0.025487,0,0,0,0,0,0,0,0,0,0,0,0
0.024876,0.024151,0.024841,0,0,0,0,0,0,0,0,0,0,0,0
0.025038,0.023154,0.024306,0,0,0,0,0,0,0,0,0,0,0,0
0.024599,0.023594,0.024112,0,0,0,0,0,0,0,0,0,0,0,0
0.023867,0.024671,0.024628,0,0,0,0,0,0,0,0,0,0,0,0
0.024498,0.025534,0.024044,0,0,0,0,0,0,0,0,0,0,0,0
0.026103,0.024217,0.025449,0,0,0,0,0,0,0,0,0,0,0,0
0.025238,0.03399,0.024314,0,0,0,0,0,0,0,0,0,0,0,0
0.024308,0.023572,0.024529,0,0,0,0,0,0,0,0,0,0,0,0
0.023896,0.02476,0.023367,0,0,0,0,0,0,0,0,0,0,0,0
0.02492,0.023423,0.024337,0,0,0,0,0,0,0,0,0,0,0,0
0.02566,0.024944,0.02415,0,0,0,0,0,0,0,0,0,0,0,0
0.034875,0.02622,0.025752,0,0,0,0,0,0,0,0,0,0,0,0
0.026431,0.024235,0.025161,0,0,0,0,0,0,0,0,0,0,0,0
0.023611,0.024861,0.024367,0,0,0,0,0,0,0,0,0,0,0,0
0.024278,0.025837,0.024159,0,0,0,0,0,0,0,0,0,0,0,0
0.024279,0.024838,0.024414,0,0,0,0,0,0,0,0,0,0,0,0
0.024409,0.024311,0.024199,0,0,0,0,0,0,0,0,0,0,0,0
0.026109,0.024655,0.025305,0,0,0,0,0,0,0,0,0,0,0,0
0.024463,0.025414,0.024458,0,0,0,0,0,0,0,0,0,0,0,0
0.023411,0.025271,0.024876,0,0,0,0,0,0,0,0,0,0,0,0
0.02371,0.024351,0.024423,0,0,0,0,0,0,0,0,0,0,0,0
0.023637,0.025019,0.025002,0,0,0,0,0,0,0,0,0,0,0,0
0.024152,0.026462,0.024563,0,0,0,0,0,0,0,0,0,0,0,0
0.02563,0.025744,0.025605,0,0,0,0,0,0,0,0,0,0,0,0
0.024163,0.023954,0.025062,0,0,0,0,0,0,0,0,0,0,0,0
0.025077,0.025233,0.024409,0,0,0,0,0,0,0,0,0,0,0,0
0.024315,0.026488,0.023236,0,0,0,0,0,0,0,0,0,0,0,0
0.023694,0.028292,0.024544,0,0,0,0,0,0,0,0,0,0,0,0
0.025438,0.026674,0.024038,0,0,0,0,0,0,0,0,0,0,0,0
0.024373,0.027659,0.025437,0,0,0,0,0,0,0,0,0,0,0,0
0.024954,0.025194,0.026401,0,0,0,0,0,0,0,0,0,0,0,0
0.024119,0.024838,0.024735,0,0,0,0,0,0,0,0,0,0,0,0
0.024532,0.023315,0.024204,0,0,0,0,0,0,0,0,0,0,0,0
0.02494,0.02501,0.024387,0,0,0,0,0,0,0,0,0,0,0,0
0.025463,0.024495,0.024177,0,0,0,0,0,0,0,0,0,0,0,0
0.025394,0.02585,0.025493,0,0,0,0,0,0,0,0,0,0,0,0
0.023962,0.025029,0.024696,0,0,0,0,0,0,0,0,0,0,0,0
0.025339,0.024471,0.023959,0,0,0,0,0,0,0,0,0,0,0,0
0.023748,0.024089,0.023822,0,0,0,0,0,0,0,0,0,0,0,0
0.024606,0.024166,0.02473,0,0,0,0,0,0,0,0,0,0,0,0
0.024614,0.024065,0.024809,0,0,0,0,0,0,0,0,0,0,0,0
0.02457,0.025873,0.027638,0,0,0,0,0,0,0,0,0,0,0,0
NaN,NaN,NaN,0,0,0,0,0,0,0,0,0,0,0,0
NaN,NaN,NaN,0,0,0,0,0,0,0,0,0,0,0,0
NaN,NaN,NaN,0,0,0,0,0,0,0,0,0,0,0,0
NaN,NaN,NaN,0,0,0,0,0,0,0,0,0,0,0,0
0.000171,0.000173,0.00018,0,0,0,0,0,0,0,0,0,0,0,0
0.63601,0.62904,0.6226,0,0,0,0,0,0,0,0,0,0,0,0
0.022483,0.022243,0.022359,0,0,0,0,0,0,0,0,0,0,0,0
0.024342,0.021209,0.021214,0,0,0,0,0,0,0,0,0,0,0,0
0.024088,0.021597,0.022854,0,0,0,0,0,0,0,0,0,0,0,0
0.024416,0.023007,0.023504,0,0,0,0,0,0,0,0,0,0,0,0
0.024701,0.022267,0.021713,0,0,0,0,0,0,0,0,0,0,0,0
0.036583,0.040456,0.033238,0,0,0,0,0,0,0,0,0,0,0,0
0.040728,0.039031,0.043379,0,0,0,0,0,0,0,0,0,0,0,0
0.038979,0.045931,0.045458,0,0,0,0,0,0,0,0,0,0,0,0
0.026422,0.024764,0.028524,0,0,0,0,0,0,0,0,0,0,0,0
0.0269,0.024959,0.027006,0,0,0,0,0,0,0,0,0,0,0,0
0.055301,0.052554,0.053273,0,0,0,0,0,0,0,0,0,0,0,0
0.023727,0.024821,0.024957,0,0,0,0,0,0,0,0,0,0,0,0
0.023735,0.023631,0.024937,0,0,0,0,0,0,0,0,0,0,0,0
0.023315,0.02313,0.02445,0,0,0,0,0,0,0,0,0,0,0,0
0.022463,0.02279,0.02281,0,0,0,0,0,0,0,0,0,0,0,0
0.023225,0.024971,0.024105,0,0,0,0,0,0,0,0,0,0,0,0
0.023258,0.022864,0.023229,0,0,0,0,0,0,0,0,0,0,0,0
0.023667,0.023074,0.024529,0,0,0,0,0,0,0,0,0,0,0,0
0.023864,0.024025,0.024685,0,0,0,0,0,0,0,0,0,0,0,0
0.024824,0.026991,0.023837,0,0,0,0,0,0,0,0,0,0,0,0
0.024325,0.023925,0.02485,0,0,0,0,0,0,0,0,0,0,0,0
0.023083,0.022436,0.023379,0,0,0,0,0,0,0,0,0,0,0,0
0.02309,0.027087,0.025936,0,0,0,0,0,0,0,0,0,0,0,0
0.024015,0.023952,0.025454,0,0,0,0,0,0,0,0,0,0,0,0
0.024382,0.02375,0.025262,0,0,0,0,0,0,0,0,0,0,0,0
0.024554,0.025866,0.0246,0,0,0,0,0,0,0,0,0,0,0,0
0.023609,0.024311,0.023735,0,0,0,0,0,0,0,0,0,0,0,0
0.023514,0.02838,0.025052,0,0,0,0,0,0,0,0,0,0,0,0
0.024123,0.025471,0.025125,0,0,0,0,0,0,0,0,0,0,0,0
0.024426,0.024587,0.025423,0,0,0,0,0,0,0,0,0,0,0,0
0.024652,0.026854,0.024848,0,0,0,0,0,0,0,0,0,0,0,0
0.023826,0.025411,0.024543,0,0,0,0,0,0,0,0,0,0,0,0
0.024833,0.023672,0.025267,0,0,0,0,0,0,0,0,0,0,0,0
0.023519,0.023283,0.024713,0,0,0,0,0,0,0,0,0,0,0,0
0.024095,0.023647,0.023667,0,0,0,0,0,0,0,0,0,0,0,0
0.024555,0.024576,0.025024,0,0,0,0,0,0,0,0,0,0,0,0
0.025902,0.024542,0.025676,0,0,0,0,0,0,0,0,0,0,0,0
0.024137,0.025202,0.025728,0,0,0,0,0,0,0,0,0,0,0,0
0.023941,0.023418,0.023887,0,0,0,0,0,0,0,0,0,0,0,0
0.023338,0.023229,0.02471,0,0,0,0,0,0,0,0,0,0,0,0
0.024432,0.023452,0.024305,0,0,0,0,0,0,0,0,0,0,0,0
0.024207,0.024377,0.027148,0,0,0,0,0,0,0,0,0,0,0,0
0.025129,0.024451,0.024823,0,0,0,0,0,0,0,0,0,0,0,0
0.024914,0.024183,0.02724,0,0,0,0,0,0,0,0,0,0,0,0
0.023636,0.02345,0.025622,0,0,0,0,0,0,0,0,0,0,0,0
0.023474,0.023457,0.023836,0,0,0,0,0,0,0,0,0,0,0,0
0.023343,0.023874,0.023335,0,0,0,0,0,0,0,0,0,0,0,0
0.024193,0.02448,0.024818,0,0,0,0,0,0,0,0,0,0,0,0
0.025002,0.025943,0.024862,0,0,0,0,0,0,0,0,0,0,0,0
0.024092,0.024181,0.025406,0,0,0,0,0,0,0,0,0,0,0,0
0.023615,0.023984,0.023393,0,0,0,0,0,0,0,0,0,0,0,0
0.02339,0.02408,0.024038,0,0,0,0,0,0,0,0,0,0,0,0
0.023441,0.025185,0.023907,0,0,0,0,0,0,0,0,0,0,0,0
0.024545,0.024428,0.024773,0,0,0,0,0,0,0,0,0,0,0,0
0.024484,0.025066,0.024418,0,0,0,0,0,0,0,0,0,0,0,0
0.023637,0.024663,0.028067,0,0,0,0,0,0,0,0,0,0,0,0
0.023421,0.023983,0.024509,0,0,0,0,0,0,0,0,0,0,0,0
0.023459,0.023315,0.023899,0,0,0,0,0,0,0,0,0,0,0,0
0.024117,0.024038,0.023662,0,0,0,0,0,0,0,0,0,0,0,0
0.024804,0.024392,0.025122,0,0,0,0,0,0,0,0,0,0,0,0
0.024628,0.024631,0.024805,0,0,0,0,0,0,0,0,0,0,0,0
0.024286,0.023787,0.025374,0,0,0,0,0,0,0,0,0,0,0,0
0.023609,0.023389,0.023496,0,0,0,0,0,0,0,0,0,0,0,0
0.023374,0.024624,0.023892,0,0,0,0,0,0,0,0,0,0,0,0
0.024853,0.023339,0.026514,0,0,0,0,0,0,0,0,0,0,0,0
NaN,NaN,NaN,0,0,0,0,0,0,0,0,0,0,0,0
NaN,NaN,NaN,0,0,0,0,0,0,0,0,0,0,0,0
NaN,NaN,NaN,0,0,0,0,0,0,0,0,0,0,0,0
NaN,NaN,NaN,0,0,0,0,0,0,0,0,0,0,0,0
0.000162,0.00017,0.000173,0,0,0,0,0,0,0,0,0,0,0,0
0.60121,0.59971,0.59773,0,0,0,0,0,0,0,0,0,0,0,0
0.021381,0.021824,0.02116,0,0,0,0,0,0,0,0,0,0,0,0
0.02138,0.023838,0.022012,0,0,0,0,0,0,0,0,0,0,0,0
0.021412,0.021899,0.021692,0,0,0,0,0,0,0,0,0,0,0,0
0.022774,0.022214,0.025519,0,0,0,0,0,0,0,0,0,0,0,0
0.020506,0.023821,0.022395,0,0,0,0,0,0,0,0,0,0,0,0
0.036718,0.036424,0.03853,0,0,0,0,0,0,0,0,0,0,0,0
0.035885,0.036671,0.04219,0,0,0,0,0,0,0,0,0,0,0,0
NaN,NaN,NaN,0,0,0,0,0,0,0,0,0,0,0,0
NaN,NaN,NaN,0,0,0,0,0,0,0,0,0,0,0,0
NaN,NaN,NaN,0,0,0,0,0,0,0,0,0,0,0,0
NaN,NaN,NaN,0,0,0,0,0,0,0,0,0,0,0,0
9.5e-05,0.00016,0.000146,0,0,0,0,0,0,0,0,0,0,0,0
0.64114,0.6345,0.64238,0,0,0,0,0,0,0,0,0,0,0,0
0.022578,0.02278,0.022885,0,0,0,0,0,0,0,0,0,0,0,0
0.021784,0.021828,0.024406,0,0,0,0,0,0,0,0,0,0,0,0
0.023022,0.023432,0.023377,0,0,0,0,0,0,0,0,0,0,0,0
0.022915,0.023069,0.023559,0,0,0,0,0,0,0,0,0,0,0,0
0.024309,0.024781,0.0234,0,0,0,0,0,0,0,0,0,0,0,0
0.041573,0.042567,0.041728,0,0,0,0,0,0,0,0,0,0,0,0
0.041607,0.042187,0.041518,0,0,0,0,0,0,0,0,0,0,0,0
0.045199,0.045776,0.044643,0,0,0,0,0,0,0,0,0,0,0,0
0.025031,0.029047,0.027042,0,0,0,0,0,0,0,0,0,0,0,0
0.037538,0.024504,0.023403,0,0,0,0,0,0,0,0,0,0,0,0
0.046696,0.052594,0.047741,0,0,0,0,0,0,0,0,0,0,0,0
0.023723,0.032563,0.024626,0,0,0,0,0,0,0,0,0,0,0,0
0.023471,0.023201,0.023568,0,0,0,0,0,0,0,0,0,0,0,0
0.023441,0.022717,0.023831,0,0,0,0,0,0,0,0,0,0,0,0
0.022893,0.022683,0.023621,0,0,0,0,0,0,0,0,0,0,0,0
0.023207,0.023255,0.022999,0,0,0,0,0,0,0,0,0,0,0,0
0.023206,0.022578,0.022981,0,0,0,0,0,0,0,0,0,0,0,0
0.0238,0.02357,0.023899,0,0,0,0,0,0,0,0,0,0,0,0
NaN,NaN,NaN,0,0,0,0,0,0,0,0,0,0,0,0
NaN,NaN,NaN,0,0,0,0,0,0,0,0,0,0,0,0
NaN,NaN,NaN,0,0,0,0,0,0,0,0,0,0,0,0
NaN,NaN,NaN,0,0,0,0,0,0,0,0,0,0,0,0
0.000191,0.000168,0.000186,0,0,0,0,0,0,0,0,0,0,0,0
0.63436,0.63382,0.63744,0,0,0,0,0,0,0,0,0,0,0,0
0.022285,0.022245,0.024873,0,0,0,0,0,0,0,0,0,0,0,0
0.022884,0.023014,0.021959,0,0,0,0,0,0,0,0,0,0,0,0
0.023961,0.022949,0.023245,0,0,0,0,0,0,0,0,0,0,0,0
0.024195,0.023162,0.025094,0,0,0,0,0,0,0,0,0,0,0,0
0.024865,0.02437,0.024189,0,0,0,0,0,0,0,0,0,0,0,0
0.046126,0.041883,0.037865,0,0,0,0,0,0,0,0,0,0,0,0
0.046027,0.042012,0.041132,0,0,0,0,0,0,0,0,0,0,0,0
0.044936,0.044556,0.043398,0,0,0,0,0,0,0,0,0,0,0,0
0.038651,0.025396,0.027944,0,0,0,0,0,0,0,0,0,0,0,0
0.024177,0.023727,0.025278,0,0,0,0,0,0,0,0,0,0,0,0
0.046737,0.04941,0.056188,0,0,0,0,0,0,0,0,0,0,0,0
0.025087,0.025339,0.025649,0,0,0,0,0,0,0,0,0,0,0,0
0.025047,0.025595,0.024428,0,0,0,0,0,0,0,0,0,0,0,0
0.026183,0.023406,0.024035,0,0,0,0,0,0,0,0,0,0,0,0
0.026046,0.022995,0.023432,0,0,0,0,0,0,0,0,0,0,0,0
0.026862,0.024028,0.023972,0,0,0,0,0,0,0,0,0,0,0,0
0.026427,0.023027,0.023768,0,0,0,0,0,0,0,0,0,0,0,0
0.024483,0.024098,0.023869,0,0,0,0,0,0,0,0,0,0,0,0
0.025492,0.024018,0.025058,0,0,0,0,0,0,0,0,0,0,0,0
0.024912,0.024885,0.023199,0,0,0,0,0,0,0,0,0,0,0,0
0.023875,0.024452,0.023154,0,0,0,0,0,0,0,0,0,0,0,0
NaN,NaN,NaN,0,0,0,0,0,0,0,0,0,0,0,0
NaN,NaN,NaN,0,0,0,0,0,0,0,0,0,0,0,0
NaN,NaN,NaN,0,0,0,0,0,0,0,0,0,0,0,0
NaN,NaN,NaN,0,0,0,0,0,0,0,0,0,0,0,0
0.000117,0.000148,0.000165,0,0,0,0,0,0,0,0,0,0,0,0
0.61161,0.61992,0.61922,0,0,0,0,0,0,0,0,0,0,0,0
0.022148,0.022166,0.022592,0,0,0,0,0,0,0,0,0,0,0,0
0.022829,0.023364,0.026166,0,0,0,0,0,0,0,0,0,0,0,0
0.021566,0.022531,0.021721,0,0,0,0,0,0,0,0,0,0,0,0
0.02384,0.020993,0.02158,0,0,0,0,0,0,0,0,0,0,0,0
0.022099,0.021331,0.021536,0,0,0,0,0,0,0,0,0,0,0,0
0.03619,0.038584,0.036562,0,0,0,0,0,0,0,0,0,0,0,0
0.044163,0.036065,0.040038,0,0,0,0,0,0,0,0,0,0,0,0
0.039065,0.039636,0.040613,0,0,0,0,0,0,0,0,0,0,0,0
0.025942,0.026142,0.028585,0,0,0,0,0,0,0,0,0,0,0,0
0.024596,0.023132,0.024259,0,0,0,0,0,0,0,0,0,0,0,0
0.051316,0.060429,0.055838,0,0,0,0,0,0,0,0,0,0,0,0
0.024368,0.022981,0.025642,0,0,0,0,0,0,0,0,0,0,0,0
0.023742,0.024882,0.023572,0,0,0,0,0,0,0,0,0,0,0,0
0.022264,0.023759,0.022823,0,0,0,0,0,0,0,0,0,0,0,0
0.022712,0.023915,0.026745,0,0,0,0,0,0,0,0,0,0,0,0
0.02383,0.023899,0.022302,0,0,0,0,0,0,0,0,0,0,0,0
0.023041,0.022869,0.023515,0,0,0,0,0,0,0,0,0,0,0,0
0.02351,0.02299,0.025758,0,0,0,0,0,0,0,0,0,0,0,0
0.023844,0.023808,0.025846,0,0,0,0,0,0,0,0,0,0,0,0
0.023623,0.023768,0.025024,0,0,0,0,0,0,0,0,0,0,0,0
0.023207,0.023628,0.025562,0,0,0,0,0,0,0,0,0,0,0,0
0.023211,0.022681,0.023073,0,0,0,0,0,0,0,0,0,0,0,0
0.023824,0.023097,0.025265,0,0,0,0,0,0,0,0,0,0,0,0
0.023683,0.02437,0.02383,0,0,0,0,0,0,0,0,0,0,0,0
0.024766,0.024433,0.024654,0,0,0,0,0,0,0,0,0,0,0,0
0.023958,0.023809,0.023925,0,0,0,0,0,0,0,0,0,0,0,0
0.023559,0.024605,0.023815,0,0,0,0,0,0,0,0,0,0,0,0
0.023568,0.023466,0.023889,0,0,0,0,0,0,0,0,0,0,0,0
0.026728,0.023343,0.024304,0,0,0,0,0,0,0,0,0,0,0,0
0.024872,0.024709,0.025752,0,0,0,0,0,0,0,0,0,0,0,0
0.024394,0.026115,0.024697,0,0,0,0,0,0,0,0,0,0,0,0
0.024297,0.028381,0.024043,0,0,0,0,0,0,0,0,0,0,0,0
0.025218,0.023647,0.023258,0,0,0,0,0,0,0,0,0,0,0,0
0.024321,0.023105,0.023547,0,0,0,0,0,0,0,0,0,0,0,0
0.024152,0.027294,0.023677,0,0,0,0,0,0,0,0,0,0,0,0
0.02425,0.025894,0.02446,0,0,0,0,0,0,0,0,0,0,0,0
0.025044,0.024462,0.024591,0,0,0,0,0,0,0,0,0,0,0,0
0.026119,0.02395,0.024054,0,0,0,0,0,0,0,0,0,0,0,0
0.025959,0.023547,0.023626,0,0,0,0,0,0,0,0,0,0,0,0
0.026603,0.0236,0.023393,0,0,0,0,0,0,0,0,0,0,0,0
0.023978,0.023434,0.024128,0,0,0,0,0,0,0,0,0,0,0,0
0.02453,0.024215,0.024625,0,0,0,0,0,0,0,0,0,0,0,0
0.024643,0.025231,0.026347,0,0,0,0,0,0,0,0,0,0,0,0
0.025194,0.024113,0.025071,0,0,0,0,0,0,0,0,0,0,0,0
0.023954,0.02539,0.024522,0,0,0,0,0,0,0,0,0,0,0,0
0.023746,0.02341,0.024544,0,0,0,0,0,0,0,0,0,0,0,0
0.023746,0.024986,0.024458,0,0,0,0,0,0,0,0,0,0,0,0
0.025947,0.02438,0.02478,0,0,0,0,0,0,0,0,0,0,0,0
0.024829,0.025276,0.024755,0,0,0,0,0,0,0,0,0,0,0,0
0.024186,0.023807,0.024542,0,0,0,0,0,0,0,0,0,0,0,0
0.023661,0.026243,0.024212,0,0,0,0,0,0,0,0,0,0,0,0
0.023526,0.023592,0.025536,0,0,0,0,0,0,0,0,0,0,0,0
0.024065,0.023279,0.023592,0,0,0,0,0,0,0,0,0,0,0,0
0.024329,0.024777,0.02479,0,0,0,0,0,0,0,0,0,0,0,0
0.024399,0.027349,0.025803,0,0,0,0,0,0,0,0,0,0,0,0
0.023663,0.023654,0.024414,0,0,0,0,0,0,0,0,0,0,0,0
0.023481,0.026403,0.023149,0,0,0,0,0,0,0,0,0,0,0,0
0.023921,0.023906,0.024641,0,0,0,0,0,0,0,0,0,0,0,0
0.023759,0.023977,0.023406,0,0,0,0,0,0,0,0,0,0,0,0
0.024405,0.024696,0.025205,0,0,0,0,0,0,0,0,0,0,0,0
0.024621,0.025716,0.025859,0,0,0,0,0,0,0,0,0,0,0,0
0.024276,0.025032,0.02388,0,0,0,0,0,0,0,0,0,0,0,0
0.023553,0.024034,0.023411,0,0,0,0,0,0,0,0,0,0,0,0
0.023511,0.023628,0.023685,0,0,0,0,0,0,0,0,0,0,0,0
0.023384,0.023883,0.023796,0,0,0,0,0,0,0,0,0,0,0,0
0.024553,0.024577,0.02441,0,0,0,0,0,0,0,0,0,0,0,0
0.02455,0.024708,0.024582,0,0,0,0,0,0,0,0,0,0,0,0
0.025482,0.024409,0.024519,0,0,0,0,0,0,0,0,0,0,0,0
0.023389,0.025715,0.022956,0,0,0,0,0,0,0,0,0,0,0,0
0.023453,0.023418,0.023527,0,0,0,0,0,0,0,0,0,0,0,0
0.024538,0.025281,0.023511,0,0,0,0,0,0,0,0,0,0,0,0
0.024331,0.024553,0.024026,0,0,0,0,0,0,0,0,0,0,0,0
0.024896,0.024661,0.024025,0,0,0,0,0,0,0,0,0,0,0,0
0.024023,0.025833,0.023756,0,0,0,0,0,0,0,0,0,0,0,0
0.023555,0.027177,0.023542,0,0,0,0,0,0,0,0,0,0,0,0
0.023139,0.023416,0.023518,0,0,0,0,0,0,0,0,0,0,0,0
0.023762,0.026506,0.023343,0,0,0,0,0,0,0,0,0,0,0,0
0.024237,0.024824,0.024124,0,0,0,0,0,0,0,0,0,0,0,0
0.0246,0.024452,0.024192,0,0,0,0,0,0,0,0,0,0,0,0
0.023718,0.023794,0.024543,0,0,0,0,0,0,0,0,0,0,0,0
0.023368,0.02363,0.025025,0,0,0,0,0,0,0,0,0,0,0,0
0.023676,0.03001,0.023807,0,0,0,0,0,0,0,0,0,0,0,0
0.023459,0.02333,0.023578,0,0,0,0,0,0,0,0,0,0,0,0
0.024115,0.024874,0.024676,0,0,0,0,0,0,0,0,0,0,0,0
0.024525,0.027027,0.024527,0,0,0,0,0,0,0,0,0,0,0,0
0.02407,0.02456,0.024614,0,0,0,0,0,0,0,0,0,0,0,0
0.023596,0.026852,0.023536,0,0,0,0,0,0,0,0,0,0,0,0
0.023526,0.023382,0.023628,0,0,0,0,0,0,0,0,0,0,0,0
0.023566,0.025622,0.023227,0,0,0,0,0,0,0,0,0,0,0,0
0.024271,0.024717,0.024202,0,0,0,0,0,0,0,0,0,0,0,0
NaN,NaN,NaN,0,0,0,0,0,0,0,0,0,0,0,0
NaN,NaN,NaN,0,0,0,0,0,0,0,0,0,0,0,0
NaN,NaN,NaN,0,0,0,0,0,0,0,0,0,0,0,0
NaN,NaN,NaN,0,0,0,0,0,0,0,0,0,0,0,0
0.000275,0.000169,0.000141,0,0,0,0,0,0,0,0,0,0,0,0
0.55036,0.53194,0.53078,0,0,0,0,0,0,0,0,0,0,0,0
0.019697,0.019823,0.019684,0,0,0,0,0,0,0,0,0,0,0,0
0.018965,0.019062,0.019075,0,0,0,0,0,0,0,0,0,0,0,0
0.020834,0.021447,0.020837,0,0,0,0,0,0,0,0,0,0,0,0
0.020221,0.020593,0.020614,0,0,0,0,0,0,0,0,0,0,0,0
NaN,NaN,NaN,0,0,0,0,0,0,0,0,0,0,0,0
NaN,NaN,NaN,0,0,0,0,0,0,0,0,0,0,0,0
NaN,NaN,NaN,0,0,0,0,0,0,0,0,0,0,0,0
NaN,NaN,NaN,0,0,0,0,0,0,0,0,0,0,0,0
0.000175,0.000136,0.000189,0,0,0,0,0,0,0,0,0,0,0,0
0.51715,0.51945,0.52925,0,0,0,0,0,0,0,0,0,0,0,0
0.018547,0.018942,0.018303,0,0,0,0,0,0,0,0,0,0,0,0
0.018572,0.017658,0.017579,0,0,0,0,0,0,0,0,0,0,0,0
0.017984,0.018182,0.018265,0,0,0,0,0,0,0,0,0,0,0,0
0.019011,0.01918,0.019514,0,0,0,0,0,0,0,0,0,0,0,0
0.018311,0.018343,0.018099,0,0,0,0,0,0,0,0,0,0,0,0
0.029053,0.033246,0.031548,0,0,0,0,0,0,0,0,0,0,0,0
0.033271,0.032539,0.033108,0,0,0,0,0,0,0,0,0,0,0,0
0.035838,0.033567,0.033348,0,0,0,0,0,0,0,0,0,0,0,0
0.030689,0.034071,0.03418,0,0,0,0,0,0,0,0,0,0,0,0
0.032622,0.021809,0.025361,0,0,0,0,0,0,0,0,0,0,0,0
0.065569,0.075661,0.06876,0,0,0,0,0,0,0,0,0,0,0,0
0.024119,0.023028,0.020312,0,0,0,0,0,0,0,0,0,0,0,0
0.019502,0.019465,0.0206,0,0,0,0,0,0,0,0,0,0,0,0
NaN,NaN,NaN,0,0,0,0,0,0,0,0,0,0,0,0
NaN,NaN,NaN,0,0,0,0,0,0,0,0,0,0,0,0
NaN,NaN,NaN,0,0,0,0,0,0,0,0,0,0,0,0
NaN,NaN,NaN,0,0,0,0,0,0,0,0,0,0,0,0
0.000141,0.000168,0.000114,0,0,0,0,0,0,0,0,0,0,0,0
0.62941,0.631,0.61975,0,0,0,0,0,0,0,0,0,0,0,0
0.022521,0.022434,0.022552,0,0,0,0,0,0,0,0,0,0,0,0
0.023174,0.025026,0.022557,0,0,0,0,0,0,0,0,0,0,0,0
0.023211,0.023307,0.022889,0,0,0,0,0,0,0,0,0,0,0,0
0.022299,0.025529,0.023706,0,0,0,0,0,0,0,0,0,0,0,0
0.024993,0.02466,0.024274,0,0,0,0,0,0,0,0,0,0,0,0
0.042211,0.047007,0.041098,0,0,0,0,0,0,0,0,0,0,0,0
0.045068,0.047663,0.040612,0,0,0,0,0,0,0,0,0,0,0,0
0.041423,0.046243,0.042445,0,0,0,0,0,0,0,0,0,0,0,0
0.030705,0.02709,0.024558,0,0,0,0,0,0,0,0,0,0,0,0
0.024885,0.023887,0.025531,0,0,0,0,0,0,0,0,0,0,0,0
0.042602,0.041034,0.054354,0,0,0,0,0,0,0,0,0,0,0,0
0.024814,0.024615,0.024567,0,0,0,0,0,0,0,0,0,0,0,0
0.024844,0.024181,0.023522,0,0,0,0,0,0,0,0,0,0,0,0
0.022945,0.024006,0.022893,0,0,0,0,0,0,0,0,0,0,0,0
0.023919,0.023741,0.02264,0,0,0,0,0,0,0,0,0,0,0,0
0.023587,0.022845,0.022608,0,0,0,0,0,0,0,0,0,0,0,0
0.023042,0.022832,0.022672,0,0,0,0,0,0,0,0,0,0,0,0
NaN,NaN,NaN,0,0,0,0,0,0,0,0,0,0,0,0
NaN,NaN,NaN,0,0,0,0,0,0,0,0,0,0,0,0
NaN,NaN,NaN,0,0,0,0,0,0,0,0,0,0,0,0
NaN,NaN,NaN,0,0,0,0,0,0,0,0,0,0,0,0
0.000143,0.000158,0.000119,0,0,0,0,0,0,0,0,0,0,0,0
0.62355,0.62494,0.62243,0,0,0,0,0,0,0,0,0,0,0,0
0.022445,0.022575,0.022712,0,0,0,0,0,0,0,0,0,0,0,0
0.022347,0.022064,0.021318,0,0,0,0,0,0,0,0,0,0,0,0
0.023489,0.023186,0.022354,0,0,0,0,0,0,0,0,0,0,0,0
0.021324,0.021544,0.021574,0,0,0,0,0,0,0,0,0,0,0,0
0.02282,0.021809,0.022554,0,0,0,0,0,0,0,0,0,0,0,0
0.040216,0.036811,0.040515,0,0,0,0,0,0,0,0,0,0,0,0
0.041233,0.040585,0.040599,0,0,0,0,0,0,0,0,0,0,0,0
0.041569,0.041842,0.04451,0,0,0,0,0,0,0,0,0,0,0,0
0.027395,0.028987,0.025252,0,0,0,0,0,0,0,0,0,0,0,0
0.024134,0.025688,0.027519,0,0,0,0,0,0,0,0,0,0,0,0
0.04535,0.054437,0.04778,0,0,0,0,0,0,0,0,0,0,0,0
0.024333,0.023546,0.023805,0,0,0,0,0,0,0,0,0,0,0,0
0.023025,0.02369,0.023865,0,0,0,0,0,0,0,0,0,0,0,0
0.023765,0.023594,0.022566,0,0,0,0,0,0,0,0,0,0,0,0
0.022767,0.023167,0.023079,0,0,0,0,0,0,0,0,0,0,0,0
0.022876,0.023038,0.023042,0,0,0,0,0,0,0,0,0,0,0,0
0.022537,0.022085,0.024371,0,0,0,0,0,0,0,0,0,0,0,0
NaN,NaN,NaN,0,0,0,0,0,0,0,0,0,0,0,0
NaN,NaN,NaN,0,0,0,0,0,0,0,0,0,0,0,0
NaN,NaN,NaN,0,0,0,0,0,0,0,0,0,0,0,0
NaN,NaN,NaN,0,0,0,0,0,0,0,0,0,0,0,0
0.000194,0.000158,0.000172,0,0,0,0,0,0,0,0,0,0,0,0
0.63045,0.62073,0.63816,0,0,0,0,0,0,0,0,0,0,0,0
0.025148,0.022904,0.022365,0,0,0,0,0,0,0,0,0,0,0,0
0.021737,0.021527,0.021394,0,0,0,0,0,0,0,0,0,0,0,0
NaN,NaN,NaN,0,0,0,0,0,0,0,0,0,0,0,0
NaN,NaN,NaN,0,0,0,0,0,0,0,0,0,0,0,0
NaN,NaN,NaN,0,0,0,0,0,0,0,0,0,0,0,0
NaN,NaN,NaN,0,0,0,0,0,0,0,0,0,0,0,0
0.000165,0.000178,0.000155,0,0,0,0,0,0,0,0,0,0,0,0
0.62433,0.63815,0.62786,0,0,0,0,0,0,0,0,0,0,0,0
0.021988,0.022234,0.022985,0,0,0,0,0,0,0,0,0,0,0,0
0.021937,0.021542,0.021263,0,0,0,0,0,0,0,0,0,0,0,0
0.02326,0.023006,0.021876,0,0,0,0,0,0,0,0,0,0,0,0
0.023274,0.023636,0.023091,0,0,0,0,0,0,0,0,0,0,0,0
0.02184,0.022502,0.022549,0,0,0,0,0,0,0,0,0,0,0,0
0.040612,0.03871,0.035675,0,0,0,0,0,0,0,0,0,0,0,0
0.040513,0.037222,0.03962,0,0,0,0,0,0,0,0,0,0,0,0
0.040633,0.040066,0.039611,0,0,0,0,0,0,0,0,0,0,0,0
0.024206,0.027475,0.026899,0,0,0,0,0,0,0,0,0,0,0,0
0.025466,0.025926,0.026483,0,0,0,0,0,0,0,0,0,0,0,0
0.055016,0.05026,0.056177,0,0,0,0,0,0,0,0,0,0,0,0
0.023427,0.026302,0.024501,0,0,0,0,0,0,0,0,0,0,0,0
0.024113,0.023535,0.024356,0,0,0,0,0,0,0,0,0,0,0,0
0.024392,0.022865,0.023958,0,0,0,0,0,0,0,0,0,0,0,0
0.022395,0.022406,0.024175,0,0,0,0,0,0,0,0,0,0,0,0
0.022296,0.02307,0.022545,0,0,0,0,0,0,0,0,0,0,0,0
0.023788,0.022738,0.022946,0,0,0,0,0,0,0,0,0,0,0,0
0.023581,0.023622,0.026652,0,0,0,0,0,0,0,0,0,0,0,0
0.025031,0.024369,0.024124,0,0,0,0,0,0,0,0,0,0,0,0
0.024877,0.024008,0.023978,0,0,0,0,0,0,0,0,0,0,0,0
0.024026,0.023699,0.023062,0,0,0,0,0,0,0,0,0,0,0,0
0.023214,0.023834,0.026772,0,0,0,0,0,0,0,0,0,0,0,0
0.023009,0.023125,0.024072,0,0,0,0,0,0,0,0,0,0,0,0
0.024583,0.024117,0.024386,0,0,0,0,0,0,0,0,0,0,0,0
0.024544,0.02443,0.027056,0,0,0,0,0,0,0,0,0,0,0,0
0.028395,0.024735,0.023996,0,0,0,0,0,0,0,0,0,0,0,0
NaN,NaN,NaN,0,0,0,0,0,0,0,0,0,0,0,0
NaN,NaN,NaN,0,0,0,0,0,0,0,0,0,0,0,0
NaN,NaN,NaN,0,0,0,0,0,0,0,0,0,0,0,0
NaN,NaN,NaN,0,0,0,0,0,0,0,0,0,0,0,0
0.00017,0.00014,0.000207,0,0,0,0,0,0,0,0,0,0,0,0
0.61747,0.64027,0.62891,0,0,0,0,0,0,0,0,0,0,0,0
0.022075,0.023134,0.02243,0,0,0,0,0,0,0,0,0,0,0,0
0.02207,0.022863,0.021532,0,0,0,0,0,0,0,0,0,0,0,0
0.023312,0.022903,0.023059,0,0,0,0,0,0,0,0,0,0,0,0
0.022846,0.023307,0.022919,0,0,0,0,0,0,0,0,0,0,0,0
0.024539,0.024077,0.02407,0,0,0,0,0,0,0,0,0,0,0,0
0.041577,0.040094,0.038421,0,0,0,0,0,0,0,0,0,0,0,0
0.040735,0.040915,0.041373,0,0,0,0,0,0,0,0,0,0,0,0
0.044861,0.04337,0.045468,0,0,0,0,0,0,0,0,0,0,0,0
0.026482,0.025698,0.024605,0,0,0,0,0,0,0,0,0,0,0,0
0.025106,0.024125,0.026172,0,0,0,0,0,0,0,0,0,0,0,0
0.045996,0.047508,0.06292,0,0,0,0,0,0,0,0,0,0,0,0
0.023502,0.024193,0.034254,0,0,0,0,0,0,0,0,0,0,0,0
0.024729,0.024511,0.027773,0,0,0,0,0,0,0,0,0,0,0,0
0.023506,0.024194,0.023127,0,0,0,0,0,0,0,0,0,0,0,0
0.023698,0.022583,0.023821,0,0,0,0,0,0,0,0,0,0,0,0
0.022515,0.022147,0.023629,0,0,0,0,0,0,0,0,0,0,0,0
0.023551,0.023487,0.022683,0,0,0,0,0,0,0,0,0,0,0,0
0.025345,0.02338,0.02367,0,0,0,0,0,0,0,0,0,0,0,0
0.023943,0.024819,0.024363,0,0,0,0,0,0,0,0,0,0,0,0
0.02317,0.024961,0.02346,0,0,0,0,0,0,0,0,0,0,0,0
0.023026,0.024268,0.023909,0,0,0,0,0,0,0,0,0,0,0,0
0.023216,0.023868,0.023158,0,0,0,0,0,0,0,0,0,0,0,0
0.024429,0.024158,0.024696,0,0,0,0,0,0,0,0,0,0,0,0
0.023676,0.023726,0.024388,0,0,0,0,0,0,0,0,0,0,0,0
0.024162,0.025421,0.026937,0,0,0,0,0,0,0,0,0,0,0,0
0.02461,0.024765,0.023671,0,0,0,0,0,0,0,0,0,0,0,0
0.023725,0.024086,0.023963,0,0,0,0,0,0,0,0,0,0,0,0
0.023004,0.022962,0.023721,0,0,0,0,0,0,0,0,0,0,0,0
0.025556,0.024145,0.023681,0,0,0,0,0,0,0,0,0,0,0,0
0.024877,0.024734,0.025717,0,0,0,0,0,0,0,0,0,0,0,0
0.02642,0.026015,0.025941,0,0,0,0,0,0,0,0,0,0,0,0
0.025552,0.025036,0.024937,0,0,0,0,0,0,0,0,0,0,0,0
0.023216,0.024231,0.027047,0,0,0,0,0,0,0,0,0,0,0,0
0.023413,0.024302,0.023295,0,0,0,0,0,0,0,0,0,0,0,0
0.024656,0.024361,0.024238,0,0,0,0,0,0,0,0,0,0,0,0
0.024323,0.024237,0.024719,0,0,0,0,0,0,0,0,0,0,0,0
0.02617,0.025457,0.025289,0,0,0,0,0,0,0,0,0,0,0,0
0.023887,0.025154,0.031709,0,0,0,0,0,0,0,0,0,0,0,0
0.023436,0.024575,0.023499,0,0,0,0,0,0,0,0,0,0,0,0
0.02332,0.023976,0.026507,0,0,0,0,0,0,0,0,0,0,0,0
0.024472,0.024529,0.023571,0,0,0,0,0,0,0,0,0,0,0,0
0.024671,0.024913,0.024758,0,0,0,0,0,0,0,0,0,0,0,0
0.028379,0.025678,0.027484,0,0,0,0,0,0,0,0,0,0,0,0
0.024118,0.024811,0.025638,0,0,0,0,0,0,0,0,0,0,0,0
0.024417,0.024352,0.029408,0,0,0,0,0,0,0,0,0,0,0,0
0.02325,0.024495,0.026318,0,0,0,0,0,0,0,0,0,0,0,0
0.024142,0.024319,0.024558,0,0,0,0,0,0,0,0,0,0,0,0
0.024339,0.023656,0.026803,0,0,0,0,0,0,0,0,0,0,0,0
0.024906,0.025196,0.024534,0,0,0,0,0,0,0,0,0,0,0,0
0.024756,0.024614,0.024801,0,0,0,0,0,0,0,0,0,0,0,0
0.023424,0.0238,0.023366,0,0,0,0,0,0,0,0,0,0,0,0
0.025301,0.024103,0.024364,0,0,0,0,0,0,0,0,0,0,0,0
0.024384,0.02414,0.024572,0,0,0,0,0,0,0,0,0,0,0,0
0.024675,0.02408,0.025129,0,0,0,0,0,0,0,0,0,0,0,0
0.024657,0.025097,0.024594,0,0,0,0,0,0,0,0,0,0,0,0
0.026393,0.024901,0.024259,0,0,0,0,0,0,0,0,0,0,0,0
NaN,NaN,NaN,0,0,0,0,0,0,0,0,0,0,0,0
NaN,NaN,NaN,0,0,0,0,0,0,0,0,0,0,0,0
NaN,NaN,NaN,0,0,0,0,0,0,0,0,0,0,0,0
NaN,NaN,NaN,0,0,0,0,0,0,0,0,0,0,0,0
0.000249,0.000177,0.000151,0,0,0,0,0,0,0,0,0,0,0,0
0.62716,0.63645,0.63496,0,0,0,0,0,0,0,0,0,0,0,0
0.022313,0.021671,0.025354,0,0,0,0,0,0,0,0,0,0,0,0
0.023575,0.021912,0.022597,0,0,0,0,0,0,0,0,0,0,0,0
0.023457,0.023022,0.023315,0,0,0,0,0,0,0,0,0,0,0,0
0.022126,0.022035,0.021858,0,0,0,0,0,0,0,0,0,0,0,0
0.023054,0.024085,0.024952,0,0,0,0,0,0,0,0,0,0,0,0
