0.000149,0.000135,0.000167,0.000207,0.000137,0.000143,0.000148,0.00013,0.000224,0.000148,9.7e-05,0.00014,0.000148,0.000137,9.6e-05
0.61119,0.61942,0.62642,0.60709,0.59717,0.6235,0.62181,0.6151,0.60384,0.62485,0.60704,0.61255,0.5988,0.62105,0.61121
0.014821,0.015576,0.015228,0.015117,0.015269,0.015422,0.015561,0.015137,0.014937,0.015511,0.015373,0.015224,0.015194,0.015037,0.015484
0.014891,0.021931,0.015448,0.014798,0.01495,0.017363,0.015277,0.014427,0.014383,0.016707,0.014672,0.014735,0.01436,0.014797,0.015041
0.015395,0.015074,0.01824,0.01495,0.014741,0.015169,0.015662,0.015481,0.015172,0.015616,0.015214,0.015062,0.014982,0.014957,0.015852
0.015344,0.015209,0.015483,0.01532,0.015255,0.015295,0.014614,0.015233,0.015252,0.01574,0.015298,0.014681,0.015022,0.015245,0.016221
0.015806,0.015574,0.015882,0.015863,0.015467,0.015829,0.015733,0.016558,0.015505,0.016593,0.015976,0.015372,0.015485,0.015942,0.015793
0.028078,0.02652,0.027286,0.026366,0.027523,0.027074,0.027324,0.02716,0.027128,0.028495,0.02655,0.026646,0.026822,0.026623,0.026732
0.026333,0.029562,0.030913,0.02972,0.030749,0.035822,0.02743,0.031413,0.0308,0.030838,0.029886,0.030301,0.029965,0.03958,0.030617
0.029583,0.030391,0.028184,0.031919,0.026868,0.032702,0.030476,0.029639,0.030924,0.030601,0.027308,0.032032,0.026785,0.031825,0.031392
0.030633,0.027432,0.031499,0.030373,0.037694,0.031546,0.030234,0.034556,0.028156,0.031288,0.030782,0.029255,0.030462,0.030658,0.030409
0.023596,0.021473,0.017168,0.022448,0.018048,0.018724,0.024848,0.020454,0.02076,0.021606,0.020396,0.021312,0.020824,0.017455,0.020515
0.10208,0.091927,0.084368,0.087566,0.082289,0.085186,0.10008,0.094538,0.097413,0.087384,0.090167,0.10215,0.085735,0.08083,0.088686
0.022497,0.018421,0.017424,0.021714,0.024862,0.017954,0.019051,0.024992,0.022525,0.025744,0.025874,0.01808,0.021288,0.023294,0.022571
0.016262,0.016551,0.017751,0.0165,0.016147,0.016473,0.016483,0.016294,0.016682,0.017583,0.016352,0.016475,0.016546,0.016467,0.018014
0.0168,0.016462,0.017591,0.016674,0.0168,0.01679,0.01667,0.018323,0.016603,0.016856,0.018817,0.017053,0.016341,0.016631,0.016809
0.015753,0.015844,0.016154,0.016125,0.015996,0.017415,0.017133,0.016176,0.016801,0.015834,0.016113,0.016951,0.015729,0.015731,0.017247
0.015515,0.016028,0.016141,0.015878,0.015788,0.016393,0.016091,0.015895,0.015613,0.015432,0.016,0.016119,0.015735,0.015769,0.015936
0.016011,0.015593,0.016206,0.016374,0.016293,0.016096,0.016291,0.015888,0.015763,0.01614,0.016109,0.016297,0.016502,0.016381,0.015768
0.016606,0.016878,0.016575,0.017035,0.016652,0.017108,0.017117,0.01695,0.017239,0.016457,0.016781,0.016992,0.016743,0.016827,0.016271
0.016869,0.016957,0.017544,0.017371,0.016912,0.017183,0.016731,0.016894,0.016725,0.016695,0.016817,0.017145,0.017145,0.017107,0.016709
0.016964,0.017074,0.017076,0.017671,0.017436,0.016804,0.017719,0.016422,0.017028,0.01677,0.017177,0.020214,0.016858,0.017788,0.016906
0.017081,0.017407,0.020413,0.017515,0.017242,0.017251,0.016953,0.016814,0.016615,0.01706,0.01684,0.017912,0.017045,0.01733,0.017261
0.01621,0.016714,0.016294,0.016324,0.016232,0.016225,0.016664,0.019477,0.016317,0.016301,0.016147,0.016372,0.01644,0.016835,0.016477
0.016638,0.016638,0.018715,0.017015,0.016599,0.01631,0.016608,0.016585,0.016568,0.01663,0.017046,0.016543,0.016968,0.016584,0.017037
0.017114,0.01732,0.017613,0.017397,0.017046,0.017632,0.017509,0.016984,0.017095,0.017287,0.017023,0.01695,0.017221,0.017431,0.019727
0.017321,0.017999,0.018412,0.017726,0.017362,0.017275,0.017606,0.017298,0.01731,0.017164,0.017399,0.017242,0.017323,0.017659,0.017709
0.017637,0.017681,0.01794,0.017814,0.018083,0.018002,0.019338,0.019595,0.017787,0.0177,0.019525,0.017599,0.017381,0.017985,0.017529
0.019007,0.01754,0.017165,0.017592,0.017777,0.017101,0.01776,0.017917,0.017446,0.017762,0.018679,0.017577,0.017552,0.017651,0.017171
0.016654,0.017073,0.016972,0.019421,0.017136,0.01694,0.017286,0.01993,0.016751,0.016783,0.017759,0.017938,0.016828,0.016889,0.016525
0.019421,0.017115,0.017211,0.017181,0.017209,0.017252,0.017391,0.018393,0.016835,0.016622,0.017255,0.017311,0.016932,0.017778,0.017987
0.01755,0.01809,0.017474,0.017574,0.017709,0.017794,0.017767,0.018047,0.017398,0.017229,0.018437,0.017531,0.017493,0.017715,0.018242
0.017772,0.017986,0.018335,0.02081,0.017905,0.017997,0.018072,0.019225,0.017523,0.018426,0.019351,0.018183,0.017798,0.018524,0.020511
0.017538,0.017859,0.018142,0.017676,0.018022,0.018099,0.0177,0.020607,0.018049,0.017829,0.018327,0.019145,0.017547,0.018305,0.018099
0.019315,0.017596,0.017787,0.018264,0.017674,0.017537,0.017588,0.01745,0.016847,0.018033,0.017699,0.017752,0.019275,0.017692,0.01734
0.017097,0.021811,0.018147,0.017105,0.017101,0.016457,0.016866,0.018678,0.016898,0.016968,0.016733,0.017052,0.017173,0.018969,0.016805
0.016802,0.018848,0.018601,0.016874,0.017154,0.016965,0.01647,0.016505,0.017184,0.017062,0.016627,0.016892,0.016648,0.016803,0.01705
0.019109,0.017896,0.017753,0.017768,0.017335,0.019252,0.017686,0.017448,0.0176,0.017499,0.017687,0.017781,0.017573,0.017628,0.020211
0.018571,0.017871,0.018092,0.018271,0.017724,0.018955,0.019457,0.018765,0.017852,0.017442,0.018014,0.01885,0.019811,0.018053,0.01864
0.017941,0.01778,0.017562,0.018071,0.017663,0.018432,0.017871,0.017724,0.018236,0.018289,0.017795,0.01864,0.018003,0.017707,0.018102
0.017583,0.017772,0.017595,0.017901,0.017785,0.01717,0.018146,0.01819,0.017483,0.017386,0.017898,0.017916,0.017925,0.017359,0.019083
0.016759,0.017274,0.016804,0.01677,0.017013,0.017336,0.017327,0.016883,0.017028,0.016734,0.016968,0.018686,0.016777,0.016507,0.01659
0.017097,0.017392,0.016799,0.017026,0.016708,0.016802,0.017105,0.017467,0.016557,0.016817,0.016936,0.01672,0.01688,0.017097,0.0211
0.017658,0.01748,0.018646,0.018124,0.017471,0.018105,0.017679,0.018398,0.017336,0.017519,0.020197,0.017898,0.017438,0.017716,0.017993
0.017578,0.017468,0.019019,0.018238,0.017777,0.017862,0.017879,0.018327,0.01798,0.017752,0.017664,0.019308,0.017839,0.01771,0.01819
0.018848,0.017399,0.017917,0.018236,0.018287,0.017656,0.019466,0.017866,0.017649,0.017461,0.017996,0.017886,0.017866,0.017591,0.020193
0.017517,0.017751,0.017029,0.017268,0.018169,0.017344,0.017818,0.017596,0.017886,0.018205,0.017086,0.018529,0.017629,0.017829,0.017556
0.016785,0.016745,0.016701,0.017534,0.017154,0.016571,0.016601,0.016557,0.016759,0.016519,0.016627,0.01731,0.017099,0.01737,0.016915
0.016816,0.01651,0.016881,0.017801,0.01651,0.01676,0.016784,0.016779,0.019685,0.016753,0.016841,0.017556,0.017388,0.016957,0.021354
0.0175,0.017774,0.017529,0.029996,0.019189,0.017411,0.019954,0.017639,0.017527,0.017095,0.016988,0.018087,0.017723,0.017554,0.017623
0.018234,0.017485,0.017649,0.019356,0.017866,0.017585,0.01733,0.017542,0.017687,0.017292,0.019914,0.018649,0.017481,0.017535,0.017433
0.017595,0.017212,0.018065,0.018365,0.01799,0.017754,0.018295,0.017748,0.017385,0.017288,0.017741,0.018871,0.017584,0.017846,0.017535
0.017768,0.017942,0.017498,0.017633,0.017106,0.017226,0.017651,0.017578,0.02125,0.017854,0.017792,0.017974,0.017769,0.017255,0.017882
0.016933,0.016825,0.016761,0.01713,0.016499,0.01701,0.018748,0.017287,0.017006,0.016675,0.016804,0.016594,0.01681,0.017221,0.017582
0.016641,0.016728,0.01688,0.017116,0.01699,0.017113,0.017086,0.01719,0.016547,0.016503,0.021451,0.017237,0.017221,0.01705,0.017406
0.018405,0.017525,0.017661,0.017158,0.017339,0.017482,0.021665,0.017373,0.017835,0.017516,0.017486,0.0175,0.018688,0.017336,0.017475
0.017364,0.017749,0.017531,0.017632,0.017891,0.0174,0.017597,0.019273,0.017353,0.017787,0.018705,0.018042,0.01763,0.017707,0.01735
0.017452,0.017569,0.017921,0.017746,0.017768,0.018158,0.024782,0.017927,0.017882,0.017773,0.017908,0.018099,0.017549,0.021335,0.0178
0.017537,0.017842,0.017184,0.017584,0.018063,0.017949,0.017777,0.017187,0.01791,0.017042,0.019293,0.017499,0.017354,0.018115,0.017522
0.016928,0.016702,0.017351,0.01884,0.016696,0.016548,0.017196,0.016329,0.016498,0.01677,0.016872,0.017396,0.016976,0.01694,0.016998
0.016709,0.016212,0.019715,0.016668,0.016883,0.016765,0.018732,0.017116,0.017185,0.016624,0.020859,0.017398,0.016622,0.016843,0.016708
0.018793,0.017019,0.017858,0.017323,0.017707,0.017798,0.017636,0.017342,0.017619,0.017418,0.017388,0.017465,0.017499,0.017439,0.017078
0.018102,0.01763,0.017957,0.017922,0.017978,0.018036,0.01807,0.01781,0.017561,0.017802,0.018639,0.018323,0.017767,0.017676,0.017718
0.017539,0.017983,0.017896,0.01764,0.017768,0.017916,0.020359,0.017685,0.017953,0.018185,0.017926,0.01744,0.01797,0.017571,0.017692
0.017655,0.017492,0.017478,0.017698,0.017285,0.018128,0.018078,0.017366,0.017694,0.017453,0.01755,0.017609,0.017488,0.017138,0.018104
0.016507,0.016754,0.017319,0.016476,0.016249,0.017189,0.018774,0.01678,0.016571,0.016702,0.018914,0.016738,0.016906,0.017054,0.016497
0.016397,0.016781,0.017707,0.017416,0.018528,0.01702,0.017038,0.016989,0.01717,0.017289,0.026053,0.017422,0.017518,0.016414,0.016629
0.017293,0.016952,0.017739,0.017562,0.017398,0.01786,0.018155,0.017473,0.017375,0.017422,0.01765,0.01755,0.017253,0.016817,0.017561
0.020491,0.020022,0.017701,0.017981,0.018072,0.017812,0.017881,0.017669,0.019981,0.018169,0.017499,0.018153,0.01829,0.017678,0.017224
0.017719,0.018396,0.017448,0.017808,0.017559,0.017775,0.018053,0.017518,0.017899,0.01784,0.018588,0.017671,0.017961,0.01761,0.017576
0.017668,0.017549,0.017436,0.018805,0.017272,0.017603,0.019257,0.016997,0.017938,0.017405,0.018208,0.017371,0.017788,0.01755,0.01745
0.016702,0.016614,0.016684,0.016902,0.016663,0.017429,0.016806,0.016475,0.016483,0.016923,0.017298,0.016805,0.016901,0.016583,0.016984
0.016971,0.017566,0.016777,0.016802,0.016671,0.016879,0.017117,0.016822,0.01657,0.017337,0.017044,0.016742,0.01664,0.017158,0.016539
0.018826,0.017113,0.017744,0.018484,0.01788,0.017535,0.017358,0.017343,0.017453,0.017374,0.01731,0.017915,0.01947,0.017251,0.017469
0.017571,0.018046,0.017444,0.018054,0.017528,0.017575,0.0184,0.017161,0.017491,0.01789,0.017563,0.017993,0.017743,0.017922,0.017387
0.017698,0.017948,0.017658,0.01791,0.017535,0.017836,0.018385,0.017528,0.017774,0.01745,0.017788,0.017686,0.01778,0.018229,0.017386
0.019867,0.017934,0.017664,0.018529,0.017988,0.017259,0.017512,0.017086,0.017884,0.01737,0.017473,0.017609,0.017496,0.017569,0.017505
0.016732,0.017344,0.016876,0.01648,0.018736,0.016975,0.016589,0.016954,0.016766,0.016094,0.016557,0.016933,0.018352,0.016683,0.016562
0.021386,0.017296,0.016925,0.017408,0.016625,0.016501,0.016421,0.017528,0.01669,0.016599,0.016615,0.016757,0.017064,0.016832,0.016559
0.017641,0.017467,0.017772,0.017562,0.017437,0.017293,0.017234,0.017387,0.020031,0.017833,0.017086,0.017472,0.017658,0.017494,0.017031
0.021325,0.017561,0.017829,0.017746,0.017752,0.017582,0.018196,0.01754,0.018543,0.017752,0.01816,0.017748,0.017916,0.018711,0.017792
0.017763,0.01787,0.018033,0.017864,0.017657,0.017621,0.01791,0.017755,0.017662,0.017427,0.017905,0.018068,0.0202,0.01768,0.017478
0.018436,0.01771,0.017053,0.017651,0.017621,0.017616,0.016966,0.01707,0.017618,0.01734,0.017236,0.017959,0.017804,0.017643,0.017459
0.019719,0.017398,0.016291,0.017339,0.016421,0.016632,0.017044,0.016593,0.016693,0.017064,0.01651,0.016785,0.018883,0.016796,0.016498
0.016894,0.017072,0.016926,0.016901,0.019314,0.016717,0.016995,0.018359,0.017069,0.016681,0.016651,0.017343,0.017123,0.016705,0.016576
0.017412,0.017395,0.017394,0.017708,0.01751,0.017746,0.017367,0.017747,0.017506,0.017493,0.017197,0.018244,0.017383,0.017529,0.01724
0.017448,0.017552,0.01764,0.018176,0.017284,0.017286,0.017685,0.017272,0.018521,0.017693,0.017582,0.017618,0.019942,0.017743,0.017275
0.027994,0.017711,0.01825,0.018278,0.017374,0.017776,0.017741,0.017035,0.01815,0.017354,0.017552,0.017752,0.017885,0.01788,0.017849
0.023502,0.017876,0.018399,0.017683,0.019524,0.017529,0.017657,0.017554,0.017862,0.017325,0.017761,0.017937,0.019315,0.017393,0.017933
0.019198,0.016519,0.016864,0.016404,0.016368,0.016174,0.016606,0.016181,0.016679,0.016438,0.016203,0.016871,0.016117,0.016291,0.016901
0.016137,0.016539,0.019279,0.016608,0.016334,0.016301,0.016478,0.016774,0.016613,0.016819,0.016513,0.017063,0.016833,0.01649,0.016515
0.017147,0.018027,0.018531,0.017412,0.017243,0.017307,0.017192,0.017205,0.017907,0.017039,0.017204,0.017383,0.016875,0.017162,0.017342
0.017153,0.017292,0.01785,0.017897,0.019108,0.01762,0.017957,0.016881,0.017572,0.017098,0.017962,0.017412,0.017447,0.01744,0.017315
0.017541,0.017077,0.017275,0.017583,0.017326,0.01912,0.017671,0.017487,0.017864,0.017255,0.017241,0.017634,0.017719,0.0172,0.017544
0.017371,0.017073,0.017466,0.017659,0.021078,0.017061,0.017882,0.017209,0.01809,0.016992,0.016873,0.017555,0.017583,0.017347,0.017463
0.016039,0.016232,0.016639,0.016465,0.016566,0.016578,0.016982,0.016278,0.017371,0.016166,0.016372,0.016406,0.017236,0.015839,0.016452
0.016838,0.016388,0.016289,0.016447,0.018545,0.016161,0.016434,0.016089,0.017325,0.016208,0.016284,0.016407,0.017156,0.016041,0.015878
0.016757,0.017412,0.017194,0.017555,0.017345,0.016835,0.017419,0.016658,0.017688,0.016602,0.017109,0.016871,0.01709,0.017322,0.016685
0.01794,0.017136,0.017785,0.017553,0.017683,0.017505,0.017824,0.016738,0.017166,0.016857,0.017095,0.01743,0.016914,0.017879,0.017266
0.017281,0.017746,0.017885,0.01733,0.019839,0.018038,0.025248,0.017546,0.020333,0.017024,0.017219,0.018035,0.017492,0.017668,0.017395
0.01739,0.017683,0.017229,0.017243,0.017105,0.017259,0.017125,0.017386,0.017475,0.017141,0.017402,0.017204,0.016781,0.01706,0.017226
0.016708,0.01637,0.015956,0.017431,0.016463,0.01617,0.016501,0.016494,0.016433,0.016324,0.016175,0.01651,0.016559,0.016364,0.01655
0.016541,0.016527,0.01658,0.01679,0.016147,0.016497,0.017151,0.016208,0.018605,0.016722,0.01633,0.016661,0.01628,0.020937,0.016181
0.016888,0.017141,0.017148,0.017382,0.016965,0.017167,0.016937,0.016745,0.017359,0.016768,0.017189,0.016686,0.01701,0.017118,0.016825
0.017418,0.017299,0.017502,0.01726,0.017797,0.017659,0.017591,0.020903,0.0173,0.017342,0.017207,0.01762,0.017905,0.018516,0.017778
0.017239,0.017673,0.017418,0.017582,0.018133,0.017658,0.018582,0.017431,0.017344,0.01735,0.017597,0.017585,0.017656,0.017622,0.017598
0.016959,0.01786,0.017282,0.01774,0.017722,0.017163,0.017437,0.017154,0.017551,0.017129,0.017825,0.017669,0.017608,0.017348,0.017352
0.016863,0.01708,0.016648,0.016657,0.016541,0.016054,0.016475,0.016804,0.017092,0.016788,0.01689,0.016486,0.016765,0.016478,0.016398
0.016567,0.016738,0.016671,0.01685,0.016206,0.016244,0.016753,0.016423,0.016978,0.017032,0.016475,0.01643,0.016621,0.016642,0.01675
0.018435,0.01714,0.017255,0.016898,0.017204,0.018549,0.017753,0.017603,0.017498,0.016923,0.017096,0.01686,0.016895,0.017153,0.017103
0.017106,0.017304,0.019247,0.017152,0.017636,0.017579,0.017447,0.017564,0.017564,0.017293,0.017758,0.017609,0.017384,0.017705,0.017257
0.017706,0.017607,0.017232,0.01707,0.017178,0.017617,0.017996,0.017159,0.017184,0.017136,0.017196,0.017507,0.017756,0.017621,0.017376
0.016856,0.017746,0.016673,0.017578,0.017461,0.019584,0.017763,0.018261,0.017513,0.020094,0.017361,0.017546,0.017604,0.020535,0.017712
0.016451,0.016311,0.016409,0.016331,0.016342,0.017062,0.016485,0.016365,0.016812,0.016746,0.016467,0.016771,0.016691,0.017696,0.016794
0.016299,0.016551,0.015777,0.016489,0.017529,0.016221,0.016874,0.016122,0.01658,0.016263,0.016336,0.016452,0.016657,0.016901,0.016564
NaN,NaN,NaN,NaN,NaN,0.017237,NaN,NaN,NaN,NaN,NaN,NaN,NaN,NaN,NaN
NaN,NaN,NaN,NaN,NaN,NaN,NaN,NaN,NaN,NaN,NaN,NaN,NaN,NaN,NaN
NaN,NaN,NaN,NaN,NaN,NaN,NaN,NaN,NaN,NaN,NaN,NaN,NaN,NaN,NaN
NaN,NaN,NaN,NaN,NaN,NaN,NaN,NaN,NaN,NaN,NaN,NaN,NaN,NaN,NaN
0.000155,0.000173,0.000174,0.00016,0.000165,NaN,0.000142,0.000159,0.00014,0.000165,9.3e-05,0.000239,0.000161,0.000168,0.000159
0.62566,0.60618,0.61315,0.61113,0.60051,0.000155,0.61132,0.61478,0.60543,0.58568,0.61406,0.63316,0.60015,0.59971,0.61703
0.014747,0.014952,0.014959,0.015121,0.015239,0.50677,0.015076,0.014926,0.014894,0.014545,0.015063,0.014896,0.015315,0.014832,0.015663
0.015232,0.014682,0.015671,0.015028,0.014945,0.010915,0.015501,0.014841,0.014589,0.014389,0.015253,0.014864,0.01504,0.014905,0.015756
0.014726,0.014713,0.014477,0.014863,0.015046,0.010665,0.015444,0.016218,0.017004,0.014742,0.014645,0.014545,0.014834,0.014824,0.015409
0.016021,0.015221,0.01478,0.015234,0.014741,0.010712,0.017599,0.015727,0.015351,0.015004,0.014924,0.014808,0.015295,0.015337,0.014941
0.014789,0.015149,0.015282,0.015032,0.015017,0.0108,0.015407,0.015548,0.015218,0.015154,0.016096,0.014765,0.015343,0.015194,0.014971
0.026871,0.027082,0.02802,0.025675,0.026872,0.011246,0.023674,0.027927,0.027684,0.024043,0.026533,0.02662,0.028759,0.027416,0.026482
0.02969,0.0306,0.029612,0.030091,0.026515,0.018801,0.033417,0.032683,0.030062,0.026602,0.029037,0.027681,0.029473,0.031912,0.029603
0.03327,0.024007,0.026428,0.028857,0.026561,0.022211,0.02747,0.02936,0.030565,0.026857,0.029286,0.028459,0.02962,0.028124,0.027543
0.029812,0.029457,0.02877,0.030753,0.031445,0.022517,0.028847,0.030768,0.029676,0.03051,0.035268,0.030486,0.029899,0.029842,0.030602
0.02026,0.026423,0.023072,0.02208,0.023919,0.022762,0.029967,0.021324,0.021218,0.023563,0.02689,0.020808,0.020451,0.023796,0.020631
0.091775,0.10063,0.094407,0.090864,0.10251,0.022208,0.10179,0.085056,0.08658,0.092636,0.10003,0.09155,0.087638,0.092771,0.096827
0.017777,0.025869,0.019715,0.025311,0.024769,0.109,0.023544,0.02137,0.020746,0.024238,0.019473,0.020243,0.018866,0.021658,0.021981
0.016781,0.016817,0.015795,0.016232,0.016106,0.019419,0.016331,0.016005,0.018755,0.016335,0.01593,0.016095,0.016087,0.01666,0.01595
0.018303,0.016213,0.016307,0.018187,0.016469,0.01245,0.016627,0.015967,0.015896,0.016188,0.015854,0.016374,0.016308,0.016216,0.015898
0.015755,0.015273,0.015506,0.015686,0.015723,0.012538,0.016532,0.01591,0.016014,0.015837,0.016783,0.016651,0.016292,0.016282,0.016379
0.015491,0.018056,0.015082,0.015249,0.015358,0.012204,0.015758,0.015292,0.015133,0.016065,0.015499,0.01559,0.015266,0.015268,0.015184
0.015738,0.015632,0.015609,0.015556,0.015335,0.011953,0.016621,0.015453,0.015564,0.016008,0.015369,0.01613,0.015241,0.01546,0.015746
0.01841,0.015989,0.016007,0.016547,0.016254,0.011659,0.016912,0.016284,0.015849,0.016305,0.016091,0.017074,0.018807,0.016158,0.015812
0.016425,0.016885,0.016471,0.016801,0.016228,0.012957,0.016941,0.017734,0.016097,0.016877,0.016757,0.016476,0.017126,0.017144,0.016453
0.018447,0.016795,0.016902,0.017316,0.016558,0.012514,0.016716,0.016378,0.017077,0.017079,0.016578,0.016993,0.016571,0.016567,0.016704
0.017668,0.016688,0.019114,0.027079,0.019691,0.012947,0.016921,0.016858,0.016205,0.016692,0.017118,0.016377,0.016951,0.017677,0.01645
0.015994,0.015845,0.016251,0.018357,0.016283,0.013068,0.016332,0.015966,0.0161,0.015854,0.01589,0.015623,0.016355,0.015957,0.015984
0.017978,0.01662,0.016265,0.015895,0.016351,0.012427,0.01641,0.016305,0.015811,0.015993,0.015694,0.01625,0.018989,0.015827,0.01666
0.01672,0.016245,0.017297,0.016592,0.01668,0.012287,0.016695,0.016855,0.016577,0.016574,0.016978,0.01677,0.016571,0.016686,0.016551
0.017171,0.017304,0.017222,0.018612,0.017075,0.012428,0.017163,0.017029,0.019683,0.016808,0.017571,0.016718,0.017279,0.016952,0.016825
0.01959,0.017012,0.017052,0.016706,0.017667,0.013426,0.017502,0.017076,0.016885,0.017181,0.017069,0.017126,0.018724,0.017203,0.016865
0.017541,0.017296,0.01695,0.017604,0.017072,0.013433,0.017429,0.01686,0.01683,0.016932,0.017838,0.017047,0.017538,0.016709,0.01713
0.016554,0.017256,0.016755,0.016585,0.018348,0.013251,0.016643,0.01702,0.016327,0.01648,0.016401,0.016299,0.021307,0.01636,0.01632
0.016773,0.016902,0.016908,0.016766,0.016883,0.013242,0.017239,0.016969,0.016696,0.016898,0.016475,0.017037,0.024845,0.01673,0.016984
0.017228,0.017198,0.017305,0.017586,0.017329,0.012771,0.01749,0.018285,0.017223,0.017493,0.017373,0.017994,0.017474,0.017632,0.017247
0.017321,0.017691,0.017513,0.017952,0.0178,0.013246,0.017815,0.01752,0.017854,0.018467,0.017509,0.017902,0.028495,0.017777,0.017239
0.017308,0.017865,0.018034,0.017437,0.019945,0.013607,0.017841,0.017388,0.01986,0.018243,0.017629,0.017582,0.017288,0.017936,0.01788
0.016726,0.019454,0.017952,0.017989,0.017701,0.013999,0.017557,0.016852,0.017532,0.01734,0.017639,0.017041,0.01911,0.018096,0.017359
0.016747,0.017021,0.016601,0.016525,0.016644,0.013769,0.016619,0.017167,0.016685,0.016867,0.016492,0.016543,0.016208,0.016381,0.016341
0.016158,0.016744,0.01994,0.016534,0.016665,0.01281,0.016922,0.01694,0.016736,0.016492,0.01648,0.016579,0.016334,0.016376,0.016872
0.01698,0.017775,0.018533,0.017231,0.018887,0.012631,0.017098,0.018113,0.0193,0.017694,0.018094,0.017167,0.016961,0.017291,0.017202
0.017466,0.017547,0.017392,0.017657,0.018052,0.013165,0.017516,0.017976,0.017814,0.018043,0.017045,0.01718,0.017731,0.017664,0.017061
0.01736,0.017431,0.017677,0.017382,0.021565,0.013698,0.017912,0.01778,0.017639,0.01752,0.018049,0.017622,0.017324,0.018086,0.017452
0.017429,0.017232,0.017627,0.017734,0.017852,0.013636,0.017598,0.017749,0.017067,0.016838,0.0167,0.017403,0.017148,0.017332,0.017294
0.016823,0.016482,0.016451,0.016451,0.018608,0.013618,0.016545,0.017134,0.018452,0.01651,0.016553,0.017084,0.017321,0.016533,0.016885
0.016644,0.016457,0.016419,0.017263,0.016659,0.013103,0.016893,0.016845,0.016965,0.017127,0.01642,0.016647,0.016501,0.016648,0.016317
0.017873,0.017225,0.017649,0.017748,0.017167,0.01317,0.017117,0.017854,0.02021,0.017313,0.016938,0.017037,0.016915,0.017444,0.016845
0.017809,0.017383,0.018251,0.017655,0.017457,0.013075,0.017753,0.017613,0.017375,0.017742,0.017187,0.017501,0.017593,0.01932,0.017586
0.017433,0.017658,0.017905,0.017678,0.018273,0.013325,0.017969,0.017629,0.020118,0.017411,0.018778,0.0182,0.017677,0.018176,0.017762
0.017148,0.017642,0.017038,0.017217,0.017967,0.01374,0.01741,0.017703,0.017334,0.017623,0.017478,0.017701,0.017462,0.017812,0.017348
0.016297,0.016251,0.016235,0.016618,0.016797,0.013707,0.016688,0.017201,0.016288,0.016642,0.016201,0.0178,0.016858,0.016842,0.017246
0.016438,0.017057,0.016464,0.016389,0.016628,0.013038,0.016669,0.017335,0.016659,0.017066,0.016609,0.016245,0.016809,0.019914,0.016274
0.017394,0.01687,0.017399,0.017426,0.017419,0.013081,0.017521,0.017608,0.019393,0.017369,0.017319,0.017547,0.017804,0.01718,0.017146
0.017451,0.017165,0.017153,0.017581,0.017638,0.013236,0.018036,0.01807,0.017253,0.01756,0.017524,0.017619,0.017436,0.018646,0.017506
0.017878,0.017278,0.017442,0.017566,0.018239,0.013788,0.01769,0.018065,0.017196,0.017239,0.017775,0.017684,0.017693,0.017414,0.017788
0.016969,0.019524,0.016999,0.01694,0.025983,0.013719,0.017274,0.017516,0.018089,0.017239,0.016926,0.017412,0.017458,0.017082,0.017005
0.016138,0.016536,0.016774,0.016532,0.018738,0.013719,0.017123,0.017329,0.016853,0.01603,0.016489,0.016551,0.016639,0.016787,0.01611
0.016235,0.016958,0.016636,0.016857,0.016995,0.012815,0.017017,0.017529,0.016474,0.016929,0.01664,0.016479,0.016653,0.016606,0.016313
0.017652,0.017338,0.017597,0.017578,0.017403,0.012956,0.01767,0.018926,0.017143,0.017288,0.017459,0.017033,0.017208,0.01775,0.016991
0.017956,0.017588,0.017809,0.017556,0.01754,0.014341,0.017707,0.017823,0.017364,0.017957,0.018105,0.017731,0.017459,0.017682,0.017509
0.017776,0.020048,0.017481,0.017508,0.017583,0.01404,0.017567,0.018291,0.017197,0.017321,0.017384,0.01717,0.017109,0.017469,0.017224
0.017247,0.017474,0.017559,0.016961,0.017557,0.014088,0.017685,0.01814,0.017129,0.01699,0.017579,0.017342,0.017387,0.018672,0.017594
0.016235,0.01695,0.016098,0.016417,0.016282,0.013813,0.016787,0.016722,0.016652,0.018697,0.016394,0.01656,0.016158,0.017208,0.016442
0.016757,0.020389,0.016473,0.017039,0.025866,0.012968,0.017115,0.01627,0.016324,0.016874,0.016671,0.016778,0.01635,0.017875,0.01643
0.017241,0.017426,0.017557,0.0174,0.017582,0.013098,0.017863,0.016913,0.016761,0.017496,0.016901,0.017757,0.017219,0.017554,0.017062
0.017403,0.021584,0.017501,0.018527,0.017375,0.01333,0.017543,0.017851,0.017623,0.017252,0.017415,0.017618,0.016994,0.017693,0.017946
0.017571,0.017491,0.017482,0.017818,0.01729,0.013883,0.017346,0.017292,0.017699,0.019192,0.017748,0.017501,0.017628,0.017659,0.017251
0.017457,0.018355,0.017214,0.017381,0.017591,0.013986,0.016795,0.017144,0.019093,0.017284,0.017337,0.017685,0.017709,0.02038,0.018252
0.016231,0.024853,0.01665,0.016795,0.016441,0.013975,0.015949,0.017076,0.017029,0.01624,0.016439,0.016241,0.016655,0.016967,0.01661
0.016535,NaN,NaN,0.017006,NaN,0.01292,0.016391,NaN,NaN,NaN,0.016767,0.016691,NaN,NaN,0.016278
0.016958,NaN,NaN,0.017561,NaN,0.012795,0.016593,NaN,NaN,NaN,0.017195,0.016946,NaN,NaN,0.017285
0.017169,NaN,NaN,0.017975,NaN,0.013423,0.01729,NaN,NaN,NaN,0.017142,0.017488,NaN,NaN,0.017738
0.017425,NaN,NaN,0.01773,NaN,0.013795,0.017082,NaN,NaN,NaN,0.017515,0.017593,NaN,NaN,0.017654
0.01754,0.000219,5.4e-05,0.017401,0.000164,0.014024,0.017475,0.000156,9.4e-05,0.000245,0.017216,0.017093,0.000239,0.000167,0.01724
0.01634,0.57029,0.58018,0.017114,0.58251,0.013856,0.016835,0.60285,0.58367,0.5766,0.016382,0.016266,0.57977,0.58176,0.016312
0.01666,0.014611,0.014741,0.017036,0.014644,0.012979,0.016827,0.014904,0.014888,0.014859,0.017299,0.016615,0.014912,0.015267,0.016047
0.017179,0.014615,0.014344,0.01789,0.014731,0.01289,0.016959,0.014753,0.014296,0.015333,0.01717,0.017587,0.016146,0.01442,0.017041
0.01776,0.014929,0.01449,0.018069,0.015007,0.013681,0.017233,0.014976,0.014734,0.01458,0.017877,0.017387,0.014517,0.014911,0.017454
0.017363,0.016156,0.015076,0.018086,0.0152,0.013727,0.017499,0.015123,0.015079,0.015215,0.017658,0.018013,0.01505,0.015898,0.017306
0.017182,0.015635,0.015331,0.017427,0.014913,0.015575,0.017583,0.015027,0.015363,0.015095,0.017754,0.016873,0.015277,0.015781,0.016537
0.016102,0.026118,0.026064,0.016469,0.026881,0.014045,0.016479,0.026471,0.027778,0.027281,0.01644,0.016766,0.026887,0.026735,0.016156
0.016745,0.029231,0.029687,0.016821,0.02981,0.013076,0.016508,0.029589,0.035975,0.031149,0.016643,0.016741,0.029738,0.030392,0.016684
0.017376,0.025035,0.026403,0.017364,0.031592,0.012645,0.016969,0.030223,0.032168,0.027821,0.0172,0.016895,0.030214,0.027234,0.017604
0.017487,0.030658,0.029188,0.017761,0.03174,0.015747,0.017489,0.030065,0.030912,0.030733,0.017224,0.017541,0.030232,0.029611,0.017702
0.017435,0.02354,0.022927,0.017708,0.021196,0.014155,0.017587,0.020148,0.017387,0.016973,0.017976,0.017622,0.022473,0.024293,0.017895
0.017251,0.091802,0.085928,0.016972,0.082024,0.013727,0.017144,0.082891,0.085494,0.084662,0.017555,0.016743,0.086916,0.096743,0.017368
0.017174,0.026467,0.021474,0.016692,0.023655,0.013543,0.016642,0.023212,0.017512,0.020119,0.016652,0.016483,0.019787,0.020367,0.016798
0.016904,0.016156,0.016061,0.017166,0.016378,0.013345,0.016771,0.016296,0.016167,0.018682,0.016888,0.016829,0.017698,0.016069,0.01684
0.017483,0.015954,0.016299,0.017336,0.016079,0.013181,0.017201,0.016153,0.01598,0.0186,0.01748,0.017228,0.016427,0.016446,0.017353
0.017702,0.015797,0.015469,0.017693,0.015664,0.013454,0.017678,0.015638,0.016156,0.016943,0.017618,0.018026,0.015823,0.015861,0.017347
0.017845,0.015184,0.015761,0.01811,0.017916,0.013965,0.017388,0.015345,0.015979,0.015901,0.017615,0.01786,0.015381,0.015971,0.017438
0.016934,0.016234,0.015549,0.017705,0.015658,0.013784,0.016996,0.015722,0.015666,0.01565,0.017251,0.017299,0.015929,0.016377,0.017092
0.016593,0.016563,0.016163,0.016673,0.016481,0.013673,0.016423,0.016507,0.01642,0.016287,0.016575,0.016673,0.018929,0.01621,0.016664
0.016975,0.016775,0.016332,0.017345,0.017126,0.012854,0.016434,0.016552,0.016574,0.016566,0.016445,0.016668,0.016536,0.016352,0.016904
0.017476,0.017175,0.016422,0.017258,0.016869,0.012855,0.017454,0.016871,0.016834,0.017062,0.017216,0.017285,0.016959,0.016537,0.017371
0.017438,0.016501,0.017036,0.017691,0.016854,0.014316,0.017649,0.016548,0.018404,0.016621,0.017167,0.017734,0.0166,0.017395,0.018623
0.017462,0.015851,0.015897,0.018259,0.016177,0.014031,0.017237,0.015624,0.016239,0.0163,0.017433,0.017441,0.018512,0.016163,0.018415
0.017902,0.01639,0.016108,0.017372,0.019267,0.014312,0.016974,0.015999,0.016293,0.017051,0.017551,0.017381,0.015974,0.01604,0.017463
0.017099,0.016911,0.01657,0.017291,0.01704,0.013888,0.016743,0.017202,0.016809,0.01689,0.016713,0.016757,0.021054,0.016568,0.017437
0.016721,0.016872,0.016762,0.016614,0.016993,0.013098,0.016714,0.017337,0.01727,0.017074,0.0168,0.016701,0.017467,0.017291,0.01701
0.017441,0.017325,0.017044,0.017129,0.017523,0.012995,0.017142,0.017539,0.017215,0.017092,0.017196,0.017563,0.017545,0.01777,0.017455
0.017659,0.016792,0.017013,0.017924,0.017874,0.013672,0.017505,0.016821,0.017541,0.016971,0.01758,0.017648,0.026471,0.017201,0.017516
0.018611,0.016219,0.016548,0.017971,0.016863,0.014037,0.017352,0.016311,0.018799,0.017201,0.017833,0.017254,0.016305,0.017031,0.017575
0.017648,0.019604,0.016517,0.017943,0.017493,0.014137,0.01734,0.017139,0.016646,0.018809,0.017236,0.017205,0.019503,0.016995,0.017439
0.017048,0.01731,0.017343,0.016767,0.018047,0.017288,0.016469,0.017516,0.017551,0.017177,0.01703,0.017504,0.017106,0.017354,0.016739
0.016683,0.01779,0.017703,0.016332,0.017894,0.013266,0.016191,0.017195,0.017354,0.01754,0.01659,0.019188,0.01761,0.017446,0.016926
0.016994,0.01745,0.018029,0.017575,0.017886,0.013161,0.016816,0.017321,0.019912,0.017183,0.017235,0.018102,0.017559,0.017484,0.017162
0.017305,0.016586,0.017184,0.017613,0.018236,0.013486,0.017469,0.01715,0.017812,0.017547,0.017486,0.017257,0.01736,0.017048,0.017176
0.017198,0.016894,0.016716,0.017484,0.01683,0.013982,0.017577,0.016272,0.01705,0.01656,0.017355,0.018274,0.016376,0.01655,0.017448
0.017498,0.01628,0.016446,0.017513,0.021066,0.013967,0.017431,0.016881,0.016452,0.016631,0.017564,0.018438,0.01671,0.016423,0.019601
0.016589,0.017327,0.017187,0.016477,0.018017,0.014012,0.016498,0.017465,0.018421,0.017136,0.016608,0.016876,0.017386,0.017026,0.016511
0.016585,0.017591,0.017308,0.016879,0.017957,0.01273,0.016496,0.017402,0.017458,0.017239,0.016704,0.016777,0.017517,0.017785,0.016621
0.017257,0.017974,0.017234,0.017358,0.01907,0.013097,0.017045,0.01731,0.019823,0.017405,0.017086,0.017094,0.017527,0.017395,0.017495
0.017949,0.016663,0.017087,0.01765,0.017412,0.013242,0.017635,0.016918,0.017642,0.017201,0.01786,0.017625,0.017272,0.019652,0.018729
0.017616,0.018239,0.01654,0.017654,0.017305,0.013886,0.017451,0.016442,0.017234,0.016438,0.017859,0.017609,0.016317,0.016417,0.018001
0.017485,0.016754,0.016882,0.018025,0.016829,0.014108,0.017584,0.016607,0.02394,0.016671,0.017663,0.017813,0.016721,0.016161,0.017595
0.01648,0.017145,0.017171,0.016902,0.017537,0.014085,0.016621,0.017469,0.017312,0.017228,0.016973,0.017467,0.017221,0.017031,0.016839
0.016693,0.017874,0.017598,0.016734,0.017714,0.013209,0.016968,0.017433,0.018959,0.017572,0.016742,0.017235,0.017698,0.019558,0.017805
0.017114,0.017807,0.017255,0.017494,0.017672,0.014927,0.017313,0.017188,0.017755,0.017793,0.01731,0.017478,0.017851,0.018379,0.017663
0.017377,0.017147,0.016669,0.017665,0.017467,0.013713,0.017868,0.017329,0.01746,0.017097,0.017837,0.018191,0.017891,0.017171,0.017747
0.0177,0.016333,0.016331,0.017484,0.017221,0.01379,0.017638,0.016234,0.016655,0.016675,0.017885,0.018017,0.016728,0.016553,0.017606
0.017179,0.019374,0.016645,0.017567,0.016488,0.013921,0.01767,0.016595,0.016848,0.016475,0.017195,0.017877,0.016526,0.016654,0.017946
0.017081,0.017146,0.017206,0.016528,0.016931,0.013966,0.016721,0.017062,0.017218,0.017304,0.016658,0.016927,0.017254,0.017379,0.017027
0.016572,0.01729,0.017356,0.017007,0.017736,NaN,0.018335,0.018383,0.017386,0.017676,0.01667,0.017087,0.017217,0.017501,0.018619
0.017455,0.017657,0.017989,0.017705,0.017389,NaN,0.017336,0.017444,0.017541,0.017503,0.017762,0.017206,0.017762,0.017664,0.017821
0.017395,0.018864,0.017021,0.017886,0.018256,NaN,0.017434,0.016948,0.017171,0.01851,0.017753,0.019896,0.016478,0.017035,0.018071
0.017537,0.016692,0.016746,0.017784,0.016717,NaN,0.01785,0.016763,0.016689,0.01711,0.018618,0.017649,0.016488,0.016277,0.017664
0.017212,0.01676,0.016767,0.01717,0.016619,0.000123,0.017182,0.016624,0.016473,0.016958,0.017265,0.017733,0.016726,0.019629,0.017635
0.016341,0.017405,0.017297,0.016561,0.017455,0.52321,0.016043,0.017233,0.017597,0.017172,0.016518,0.016662,0.017188,0.018092,0.01646
0.017329,0.019686,0.017426,0.016697,0.017684,0.011527,0.016891,0.017543,0.017363,0.020433,0.017331,0.016386,0.017774,0.017962,0.018632
NaN,0.017736,0.017225,0.017352,0.017499,0.011066,NaN,0.017684,0.017721,0.017872,NaN,NaN,0.017536,0.017939,NaN
NaN,0.022426,0.016614,0.017629,0.01747,0.011462,NaN,0.016827,0.016651,0.017263,NaN,NaN,0.016855,0.016866,NaN
NaN,0.016246,0.016573,0.017814,0.016341,0.012007,NaN,0.016329,0.016904,0.016068,NaN,NaN,0.01646,0.016464,NaN
NaN,0.019194,0.016492,NaN,0.016341,0.012072,NaN,0.016164,0.017172,0.025818,NaN,NaN,0.016423,0.019321,NaN
9.3e-05,0.017024,0.017474,NaN,0.017039,0.019514,0.000148,0.016942,0.017388,0.01718,0.000145,0.000216,0.017072,0.017209,0.000162
0.47634,0.017413,0.017334,NaN,0.017352,0.022608,0.48362,0.017463,0.017844,0.017837,0.46666,0.47136,0.017597,0.017631,0.46811
0.010191,0.021178,0.017315,NaN,0.017747,0.023094,0.010209,0.017584,0.017736,0.017453,0.010295,0.01012,0.017511,0.017615,0.009968
0.010064,0.017054,0.017885,0.000175,0.017629,0.022932,0.009906,0.017086,0.017047,0.017312,0.009936,0.010129,0.016752,0.017068,0.01021
0.010956,0.016708,0.016864,0.54923,0.016402,0.023688,0.010049,0.016676,0.016441,0.016453,0.010251,0.010129,0.016214,0.016604,0.01033
0.010379,0.017123,0.016659,0.011763,0.016672,0.11272,0.01025,0.016163,0.016481,0.016547,0.010119,0.010533,0.016334,0.016595,0.010361
0.010517,0.01751,0.016983,0.012181,0.017222,0.021415,0.010362,0.017024,0.017722,0.017638,0.010676,0.010352,0.017188,0.017711,0.010479
0.017798,0.017393,0.018084,0.011876,0.017384,0.013761,0.014496,0.017264,0.017762,0.017622,0.018013,0.018001,0.017755,0.017884,0.018078
0.018165,0.017668,0.017569,0.012109,0.017304,0.013153,0.018517,0.017541,0.017417,0.017573,0.017729,0.018396,0.017559,0.017729,0.021202
0.017908,0.016722,0.017288,0.012477,0.017157,0.013473,0.018349,0.01713,0.017122,0.017471,0.021734,0.017833,0.017178,0.017152,0.019143
0.018224,0.016397,0.016467,0.020884,0.016292,0.012679,0.02131,0.016704,0.016184,0.017004,0.017978,0.018025,0.016522,0.018854,0.018732
0.021386,0.016451,0.016774,0.023585,0.016522,0.012454,0.021708,0.016845,0.016438,0.016496,0.018818,0.021525,0.016602,0.016882,0.021788
0.1123,0.017179,0.017297,0.023542,0.016961,0.012728,0.12363,0.017401,0.017182,0.017275,0.13475,0.1214,0.017713,0.01778,0.11601
0.017168,0.01744,0.017461,0.023438,0.017652,0.013285,0.020103,0.017632,0.017313,0.017236,0.019294,0.018005,0.017561,0.018303,0.018996
0.012054,0.018159,0.020373,0.023219,0.018451,0.013643,0.012844,0.017771,0.017084,0.017131,0.011957,0.012492,0.017531,0.01756,0.012119
0.012067,0.016459,0.01723,0.10167,0.017494,0.0135,0.011891,0.018319,0.017107,0.019632,0.011788,0.011747,0.016789,0.016796,0.011806
0.012113,0.016561,0.016532,0.022317,0.016098,0.014031,0.011718,0.016708,0.016679,0.016395,0.011684,0.011841,0.01677,0.016442,0.011178
0.011295,0.016536,0.016718,0.014029,0.016715,0.01296,0.011327,0.016845,0.016395,0.016709,0.011143,0.011165,0.016979,0.019743,0.011329
0.011599,0.017917,0.028877,0.013434,0.017179,0.013633,0.011282,0.01721,0.017279,0.017216,0.011072,0.011167,0.017122,0.017344,0.011297
0.011601,0.017991,0.017661,0.013649,0.017461,0.013793,0.011553,0.017306,0.017721,0.017869,0.011393,0.011888,0.017118,0.017312,0.011923
0.012386,0.017563,0.017796,0.013288,0.018142,0.014094,0.011715,0.017644,0.01725,0.017604,0.012059,0.012194,0.017449,0.017462,0.011928
0.012217,0.016684,0.016691,0.012936,0.016653,0.014179,0.012017,0.017526,0.01726,0.017502,0.011982,0.01234,0.01707,0.019102,0.012462
0.012221,0.016724,0.016539,0.0135,0.016252,0.013463,0.012037,0.01619,0.016378,0.016489,0.012466,0.012276,0.016071,0.017044,0.012368
0.012022,0.016599,0.017025,0.013748,0.016465,0.013668,0.012133,0.01672,0.016744,0.016872,0.011919,0.012659,0.016552,0.016931,0.012084
0.011437,0.017321,0.017217,0.014208,0.016939,0.013921,0.011798,0.017175,0.017019,0.017277,0.011641,0.01176,0.016862,0.01712,0.011589
0.012086,0.018167,0.017449,0.01381,0.018331,0.013974,0.011814,0.017525,0.017676,0.017316,0.012255,0.012601,0.017312,0.020019,0.012269
0.012972,0.01785,0.017754,0.013812,0.017745,0.01462,0.012604,0.017492,0.017306,0.019015,0.012329,0.013276,0.017179,0.017553,0.012746
0.012545,0.017176,0.016721,0.014128,0.017236,0.014602,0.012752,0.017081,0.016986,0.017085,0.012966,0.01412,0.017077,0.020723,0.012864
0.012878,0.016468,0.017133,0.014431,0.016126,0.014358,0.012799,0.016203,0.016778,0.016802,0.012991,0.012996,0.016614,0.018197,0.012911
0.011691,0.016584,0.017232,0.014371,0.016297,0.013563,0.012616,0.016866,0.016915,0.01677,0.012629,0.011717,0.016441,0.016616,0.012397
0.012133,0.01705,0.017136,0.014652,0.017402,0.014195,0.012069,0.01704,0.017482,0.017495,0.012139,0.011931,0.017228,0.018096,0.012075
0.012532,0.01731,0.017872,0.015024,0.017673,0.014125,0.012687,0.020139,0.017396,0.017796,0.012697,0.012493,0.01737,0.017556,0.012748
0.013928,0.017748,0.01749,0.013342,0.017083,0.014047,0.012477,0.017911,0.017288,0.017549,0.012858,0.013007,0.017558,0.019369,0.013209
0.012895,0.017852,0.017315,0.013824,0.016752,0.016126,0.012707,0.017262,0.017104,0.018296,0.013198,0.013061,0.017429,0.017712,0.012985
0.013166,0.016287,0.020076,0.014436,0.016055,0.012926,0.012726,0.017005,0.016805,0.016785,0.012589,0.013189,0.016537,0.016895,0.012993
0.012326,0.016418,0.016441,0.015244,0.01642,0.013121,0.012461,0.019273,0.016703,0.016297,0.012397,0.012459,0.01671,0.017609,0.011853
0.011987,0.01717,0.017293,0.014686,0.017342,0.013685,0.012229,0.017027,0.017348,0.017409,0.012055,0.012516,0.017258,0.017444,0.012074
0.012583,0.017672,0.018093,0.014796,0.017844,0.014433,0.012342,0.017413,0.017424,0.017812,0.012941,0.012685,0.017249,0.018153,0.012765
0.012833,0.017615,0.017574,0.013806,0.017943,0.014583,0.012865,0.017633,0.017659,0.02054,0.013257,0.012854,0.017656,0.017875,0.013128
0.012965,0.016838,0.017465,0.013807,0.017033,0.013906,0.012744,0.017454,0.016956,0.017216,0.013052,0.013162,0.017147,0.017199,0.013198
0.012955,0.016439,0.016661,0.014373,0.016448,0.013585,0.012865,0.01675,0.016752,0.016602,0.013204,0.012998,0.016616,0.017039,0.013016
0.011998,0.016672,0.016783,0.014837,0.016587,0.013559,0.011752,0.016437,0.016798,0.019373,0.011985,0.012083,0.016956,0.016797,0.012154
0.012158,0.016969,0.017265,0.014681,0.017205,0.013628,0.011834,0.017284,0.017282,0.017373,0.01185,0.012089,0.017096,0.01731,0.012529
0.012527,0.017535,0.017425,0.014717,0.017835,0.01465,0.012132,0.018204,0.017398,0.021362,0.01229,0.012918,0.017669,0.017721,0.012813
0.012871,0.017583,0.017609,0.014491,0.017297,0.014523,0.012686,0.017965,0.017209,0.017617,0.012724,0.012946,0.017545,0.017937,0.012931
0.013262,0.017197,0.019717,0.014238,0.016819,0.014587,0.01279,0.017714,0.016372,0.017631,0.012883,0.013368,0.017422,0.017328,0.013036
0.013172,0.016326,0.016584,0.014166,0.016453,0.013647,0.012856,0.016644,0.016293,0.020086,0.012874,0.013005,0.016497,0.016674,0.0131
0.012368,0.01694,0.016748,0.014871,0.016524,0.013377,0.012224,0.016143,0.016558,0.016961,0.012435,0.01206,0.016672,0.016799,0.012237
0.012308,0.017119,0.017443,0.01521,0.017764,0.013877,0.011851,0.017298,0.016983,0.017565,0.012298,0.011719,0.01716,0.017707,0.012076
0.01264,0.018041,0.017213,0.014653,0.017848,0.013726,0.01228,0.017489,0.01751,0.020154,0.012071,0.012551,0.017513,0.017709,0.012401
0.013043,0.018078,0.017575,0.013672,0.01738,0.014137,0.012812,0.017391,0.017654,0.017658,0.012837,0.012857,0.017732,0.018683,0.013221
0.012772,0.01692,0.017056,0.013957,0.017757,0.014502,0.012498,0.017863,0.0174,0.016994,0.012819,0.012958,0.016782,0.0175,0.013265
0.012978,0.01641,0.018853,0.014669,0.016609,0.013394,0.012924,0.01665,0.016676,0.016974,0.012746,0.013118,0.016423,0.016388,0.012703
0.012343,0.016563,0.016682,0.014979,0.016881,0.013591,0.011985,0.016431,0.016398,0.017106,0.012605,0.011806,0.016209,0.016475,0.012
0.012366,0.01732,0.017161,0.014585,0.01733,0.016272,0.01206,0.017851,0.017432,0.017508,0.011884,0.012053,0.017133,0.017468,0.01169
0.012995,0.017913,0.017486,0.014922,0.017281,0.014269,0.012303,0.017615,0.018027,0.01817,0.01247,0.012785,0.017372,0.017672,0.012647
0.012837,0.0171,0.018631,0.01354,0.017636,0.014644,0.012872,0.017855,0.023436,0.017883,0.012577,0.015095,0.01734,0.017716,0.012955
0.012994,0.016823,0.0174,0.014029,0.016693,0.014333,0.01282,0.016649,0.017053,0.017944,0.012675,0.013312,0.016953,0.016725,0.013019
0.013338,0.016452,0.016623,0.014228,0.016951,0.01351,0.01293,0.016325,0.016482,0.017667,0.013121,0.013129,0.016694,0.016412,0.012779
0.011909,0.016661,0.016771,0.014754,0.017011,0.013199,0.012113,0.016936,0.016242,0.01732,0.012362,0.012529,0.016537,0.016511,0.011849
0.012309,0.0176,0.019829,0.014473,0.017053,0.01368,0.011829,0.017371,0.01719,0.017474,0.011901,0.01174,0.016859,0.01711,0.011789
0.012468,0.017806,0.017319,0.015193,0.017463,NaN,0.012553,0.017382,0.017465,0.017694,0.012695,0.014365,0.017526,0.017405,0.012085
0.012852,0.017552,0.022382,0.01396,0.017669,NaN,0.013021,0.017264,0.017549,0.017788,0.012728,0.013891,0.017451,0.017637,0.01329
0.012983,0.016844,0.016737,0.013451,0.016813,NaN,0.01273,0.01925,0.017929,0.017059,0.012848,0.013381,0.016844,0.016878,0.01308
0.013094,0.016205,0.019039,0.014367,0.016419,NaN,0.012769,0.016594,0.016577,0.017209,0.012823,0.012946,0.016258,0.016231,0.013071
0.012235,0.016242,0.016634,0.014504,0.016992,0.000191,0.011936,0.016545,0.016366,0.016688,0.011753,0.012104,0.016252,0.016482,0.012399
0.011773,0.017195,0.017142,0.014511,0.01706,0.57664,0.01192,0.016968,0.016882,0.017159,0.012114,0.011936,0.01696,0.017081,0.011996
0.01231,0.017393,0.01912,0.014902,0.017638,0.015625,0.012579,0.017358,0.017429,0.017704,0.012642,0.012261,0.017351,0.017444,0.014055
0.012865,0.017561,0.01759,0.013746,0.017428,0.015316,0.013058,0.017506,0.017541,0.017811,0.012883,0.012174,0.01728,0.017825,0.012846
0.012889,0.016815,0.017274,0.013741,0.01701,0.014962,0.012615,0.016903,0.017163,0.016999,0.01265,0.012633,0.017385,0.017194,0.013418
0.013455,NaN,NaN,0.014338,NaN,0.015393,0.012689,NaN,NaN,NaN,0.013159,0.012739,NaN,NaN,0.013041
0.012549,NaN,NaN,0.014773,NaN,0.015807,0.011932,NaN,NaN,NaN,0.0122,0.012773,NaN,NaN,0.01208
0.012139,NaN,NaN,0.014621,NaN,0.027633,0.011826,NaN,NaN,NaN,0.012073,0.01233,NaN,NaN,0.012058
0.01318,NaN,NaN,0.01482,NaN,0.031564,0.012264,NaN,NaN,NaN,0.012498,0.01246,NaN,NaN,0.01239
0.01322,0.000174,0.000147,0.014257,0.000156,0.027984,0.012404,0.000149,0.000178,0.00014,0.0129,0.012826,8.8e-05,0.000168,0.013048
0.015713,0.59967,0.58081,0.01407,0.58626,0.031204,0.01288,0.59208,0.60106,0.57673,0.012891,0.012728,0.58056,0.59971,0.013219
0.012412,0.015109,0.015476,0.01414,0.015462,0.018378,0.015052,0.015526,0.015039,0.015226,0.012928,0.013511,0.015387,0.015463,0.012725
0.011683,0.015019,0.015149,0.01452,0.014409,0.077418,0.01268,0.015211,0.014973,0.01491,0.011961,0.012691,0.014442,0.014987,0.011769
0.012,0.015764,0.015079,0.015269,0.014981,0.019856,0.012021,0.014834,0.014667,0.015565,0.011841,0.012378,0.014825,0.015257,0.012039
0.012587,0.015241,0.015345,0.01467,0.015379,0.016981,0.012147,0.015594,0.016429,0.015343,0.012269,0.012624,0.014913,0.015337,0.01228
0.012635,0.015224,0.015268,0.014166,0.015391,0.017003,0.012714,0.015346,0.015786,0.015268,0.012335,0.012956,0.015384,0.01536,0.012913
0.012689,0.026712,0.028136,0.014176,0.02671,0.016176,0.017758,0.027095,0.02716,0.02742,0.01279,0.012711,0.027219,0.024976,0.012531
0.013022,0.029691,0.035245,0.01424,0.030408,0.016224,0.01995,0.030973,0.030867,0.03043,0.012946,0.013241,0.029742,0.031033,0.012993
0.011958,0.02675,0.023715,0.014746,0.029907,0.016292,0.017478,0.029358,0.030485,0.030626,0.012618,0.012209,0.028087,0.02791,0.012226
0.012065,0.030571,0.033034,0.01474,0.027346,0.016677,0.012134,0.030443,0.030028,0.030801,0.011977,0.012441,0.030083,0.030965,0.011726
0.012439,0.021058,0.024401,0.014713,0.021257,0.017087,0.012675,0.021412,0.020483,0.028389,0.014589,0.012677,0.017542,0.023607,0.012727
0.013023,0.088664,0.091659,0.013952,0.085654,0.017517,0.012728,0.083773,0.086105,0.079097,0.012985,0.012788,0.082552,0.088286,0.012684
0.012787,0.017849,0.019073,0.013738,0.023179,0.01772,0.012904,0.02153,0.020087,0.025765,0.012785,0.012988,0.022579,0.01751,0.012908
0.013246,0.016343,0.016671,0.014318,0.01642,0.016548,0.012761,0.018115,0.016595,0.016283,0.012696,0.012999,0.016472,0.017019,0.013364
0.011976,0.01653,0.016821,0.016724,0.016516,0.016646,0.012335,0.016647,0.016685,0.016088,0.012345,0.012424,0.016335,0.019619,0.012618
0.011803,0.016384,0.016891,0.01439,0.016073,0.01689,0.011926,0.015813,0.016616,0.016509,0.015181,0.012005,0.015802,0.016405,0.014449
0.01256,0.015642,0.016466,0.014773,0.01592,0.017438,0.012355,0.01554,0.015944,0.018935,0.012663,0.011989,0.015557,0.018575,0.012134
0.012968,0.016092,0.016672,0.013562,0.016512,0.017576,0.012806,0.016244,0.015953,0.015705,0.012497,0.012661,0.015877,0.018764,0.012766
0.012964,0.017047,0.017166,0.013684,0.016296,0.017175,0.012805,0.016576,0.016573,0.016476,0.01296,0.01282,0.016575,0.016729,0.013121
0.01298,0.016942,0.017998,0.017374,0.016699,0.017698,0.013007,0.017097,0.016837,0.01712,0.012999,0.012999,0.016993,0.018662,0.012848
0.012269,0.016747,0.017342,0.015234,0.01706,0.017583,0.01257,0.017277,0.017506,0.016708,0.012204,0.012744,0.017017,0.017352,0.011908
0.01192,0.016711,0.017155,0.01493,0.016404,0.017765,0.012008,0.017315,0.016561,0.017197,0.011949,0.01205,0.017355,0.017391,0.011687
0.01244,0.016367,0.016409,0.014808,0.016404,0.018026,0.013051,0.019987,0.016033,0.016055,0.012381,0.013131,0.016253,0.019823,0.012593
0.012827,0.01635,0.016855,0.013601,0.016521,0.018244,0.01311,0.016838,0.016581,0.01987,0.013411,0.012627,0.016521,0.016607,0.012949
0.01286,0.01756,0.019625,0.013866,0.016667,0.017514,0.012699,0.017216,0.017236,0.017288,0.012839,0.012721,0.028019,0.016976,0.012895
0.012766,0.017682,0.017623,0.01418,0.017403,0.016868,0.012884,0.019655,0.018677,0.017469,0.01283,0.013778,0.017599,0.017069,0.012916
0.012492,0.017401,0.017592,0.014919,0.017133,0.020408,0.012046,0.017892,0.017943,0.017341,0.012029,0.012726,0.01639,0.017672,0.012083
0.012083,0.017116,0.017178,0.014842,0.016831,0.017851,0.012395,0.017424,0.016992,0.017231,0.011908,0.012114,0.016613,0.017363,0.012072
0.012375,0.016868,0.017028,0.014739,0.01648,0.017822,0.015075,0.017128,0.016632,0.019381,0.012319,0.012874,0.016361,0.016813,0.012831
0.012953,0.017261,0.016783,0.014064,0.017054,0.020793,0.012995,0.017234,0.016998,0.016934,0.013192,0.012744,0.016388,0.018042,0.013015
0.013039,0.01725,0.017775,0.013692,0.0169,0.017234,0.012715,0.017601,0.017841,0.01746,0.012926,0.012811,0.017329,0.018844,0.015489
0.012927,0.017613,0.017759,0.014266,0.017577,0.016916,0.01308,0.018318,0.017951,0.020024,0.013237,0.012667,0.017579,0.020166,0.013198
0.011764,0.017634,0.018187,0.015422,0.017568,0.017358,0.012036,0.017923,0.018227,0.017554,0.012154,0.011941,0.018597,0.018519,0.012399
0.012378,0.016986,0.017259,0.015081,0.017724,0.017618,0.011541,0.017375,0.017047,0.020229,0.011934,0.012016,0.017443,0.017343,0.012347
0.01375,0.016578,0.016641,0.014681,0.017014,0.018135,0.012194,0.016988,0.016918,0.017645,0.012736,0.012366,0.016842,0.016998,0.012631
0.013121,0.017124,0.018092,0.013871,0.016755,0.017685,0.012429,0.016972,0.016791,0.01693,0.012785,0.013235,0.016571,0.01707,0.012716
0.013208,0.017235,0.017676,0.014513,0.017462,0.017635,0.012985,0.017707,0.017804,0.018044,0.012994,0.013176,0.017817,0.017435,0.012977
0.012789,0.017667,0.017883,0.014451,0.018123,0.016576,0.012585,0.018116,0.018049,0.01783,0.014187,0.012987,0.017793,0.018339,0.012942
0.012431,0.018069,0.018241,0.016646,0.018379,0.01745,0.012107,0.017782,0.017821,0.017637,0.011857,0.01208,0.018036,0.018425,0.012652
0.014534,0.017511,0.016954,0.015092,0.017552,0.018145,0.012164,0.017248,0.017248,0.018048,0.012022,0.011764,0.017045,0.017761,0.013784
0.012254,0.017102,0.016671,0.01503,0.017212,0.018583,0.012422,0.017906,0.01707,0.016947,0.0123,0.012458,0.016301,0.017681,0.014281
0.012749,0.016867,0.017185,0.013796,0.016909,0.018333,0.01279,0.017051,0.017162,0.017259,0.012798,0.013276,0.016668,0.017441,0.012791
0.012924,0.017808,0.019353,0.013892,0.018437,0.017867,0.012726,0.019093,0.017886,0.017229,0.012816,0.012783,0.017483,0.017928,0.01298
0.012929,0.017884,0.018317,0.014395,0.01794,0.017173,0.014743,0.018536,0.018497,0.017832,0.012836,0.012829,0.017685,0.018305,0.012888
0.012084,0.017999,0.01794,0.014627,0.018156,0.01724,0.011809,0.018278,0.017716,0.017331,0.012039,0.012089,0.017642,0.018174,0.012275
0.012029,0.017834,0.016952,0.014732,0.017329,0.017726,0.011876,0.017158,0.018373,0.01726,0.011901,0.012056,0.016982,0.017423,0.013779
0.012575,0.017088,0.020792,0.014615,0.016745,0.021648,0.01262,0.017032,0.017583,0.016949,0.012729,0.013512,0.016625,0.016928,0.012735
0.012931,0.017045,0.016942,0.013817,0.016812,0.017959,0.012628,0.017537,0.0174,0.016783,0.012922,0.012784,0.016807,0.017011,0.012905
0.012825,0.017375,0.017627,0.013572,0.017882,0.017232,0.012533,0.017999,0.017788,0.0175,0.012994,0.012729,0.017398,0.017521,0.013008
0.012961,0.017861,0.020187,0.014428,0.017591,0.017122,0.012939,0.018053,0.017709,0.01787,0.012795,0.013826,0.018027,0.017952,0.012908
0.011935,0.017812,0.01816,0.014459,0.018247,0.016732,0.012,0.017847,0.017725,0.017794,0.012132,0.012163,0.017879,0.017849,0.015038
0.012077,0.017446,0.019076,0.014796,0.017405,0.017313,0.011954,0.017082,0.017436,0.016943,0.011804,0.012066,0.017537,0.017455,0.011905
0.012473,0.017987,0.018485,0.016926,0.016521,0.017893,0.012309,0.016538,0.017266,0.017249,0.012232,0.012298,0.017002,0.016798,0.012251
0.012448,0.01701,0.016602,0.013786,0.01656,0.018056,0.013718,0.01882,0.01849,0.016736,0.014168,0.013228,0.016824,0.016989,0.017661
0.013861,0.01743,0.020286,0.01354,0.017585,0.017388,0.012724,0.017303,0.017834,0.01812,0.012697,0.012667,0.017358,0.017596,0.013127
0.013213,0.017555,0.017707,0.014468,0.017949,0.017164,0.012652,0.018294,0.01766,0.018072,0.013045,0.013043,0.017883,0.018059,0.012869
0.011719,0.017761,0.017578,0.015271,0.017869,0.017105,0.011913,0.018295,0.018184,0.017771,0.012636,0.011854,0.018053,0.018051,0.014376
0.011838,0.017273,0.018472,0.014754,0.017072,0.019286,0.011901,0.017439,0.017056,0.017521,0.011766,0.012777,0.016983,0.017606,0.012231
0.012327,0.017032,0.017018,0.014788,0.016343,0.017864,0.012191,0.017016,0.017181,0.017108,0.012239,0.012586,0.016786,0.017083,0.01261
0.012851,0.016894,0.016645,0.013701,0.016964,0.018162,0.01648,0.016688,0.017286,0.017259,0.012394,0.012799,0.016698,0.016459,0.012717
0.012918,0.017279,0.018546,0.022454,0.017133,0.0172,0.013315,0.020026,0.017291,0.017434,0.012914,0.013065,0.017473,0.017491,0.014054
0.012756,0.017782,0.018196,0.014208,0.017916,0.017131,0.012894,0.018235,0.018264,0.017985,0.012688,0.013035,0.018081,0.017802,0.012764
0.013556,0.01815,0.018058,0.014192,0.017948,0.017123,0.012382,0.017655,0.018186,0.017655,0.015132,0.012204,0.017757,0.017796,0.01214
0.012226,0.01777,0.01757,0.014578,0.016871,0.017654,0.023363,0.017321,0.017233,0.017668,0.011943,0.011882,0.017982,0.017372,0.011966
0.012534,0.016672,0.016582,0.014733,0.016504,0.019789,0.012657,0.018629,0.017074,0.016631,0.012485,0.012477,0.017073,0.016913,0.012606
0.012789,0.017492,0.016965,0.016413,0.016751,0.018075,0.014349,0.016928,0.016703,0.016866,0.012877,0.013368,0.017099,0.016397,0.012562
0.013002,0.018277,0.017857,0.013694,0.017604,0.017527,0.014104,0.018431,0.01774,0.017212,0.012847,0.012882,0.017831,0.018023,0.013412
0.012782,0.0184,0.017805,0.014036,0.018201,0.016804,0.012556,0.019192,0.018181,0.017403,0.012854,0.012826,0.017667,0.018473,0.012906
0.012092,0.017768,0.018243,0.015126,0.018268,0.01943,0.013025,0.018666,0.018111,0.017815,0.016484,0.011985,0.017906,0.018,0.011916
0.011999,0.017117,0.017367,0.017157,0.017195,0.017797,0.01444,0.0218,0.017436,0.017251,0.01163,0.011923,0.017185,0.017573,0.01189
0.01238,0.016754,0.017453,0.01475,0.016716,0.018282,0.012831,0.017339,0.016972,0.016585,0.012172,0.01227,0.016736,0.016538,0.012503
0.01272,0.01707,0.017014,0.014498,0.01677,0.018694,0.013032,0.017296,0.017009,0.016731,0.012836,0.012629,0.016857,0.017344,0.012783
0.013107,0.017449,0.018517,0.016955,0.017861,0.018001,0.012549,0.018194,0.017491,0.01731,0.012597,0.012894,0.017594,0.017828,0.012897
0.012968,0.017896,0.019444,0.014134,0.018432,0.018912,0.015774,0.018425,0.018089,0.017715,0.016735,0.013076,0.020362,0.018467,0.01284
0.012326,0.018099,0.017894,0.016952,0.017907,0.018907,0.01165,0.018754,0.018155,0.017889,0.012365,0.012445,0.018435,0.017891,0.011869
0.011826,0.0171,0.018166,0.014299,0.016937,0.018074,0.012432,0.018136,0.017595,0.017259,0.014473,0.012043,0.017332,0.016952,0.01257
0.014182,0.01674,0.016778,0.014435,0.016878,0.018904,0.012442,0.017489,0.016933,0.016595,0.016067,0.012657,0.017302,0.017106,0.012166
0.012948,0.017021,0.017462,0.013679,0.017325,0.018136,0.012689,0.017285,0.01672,0.016702,0.01316,0.012789,0.018276,0.017454,0.01264
0.01286,0.017457,0.017496,0.016257,0.017457,0.018065,0.013138,0.017564,0.017491,0.017284,0.013744,0.014202,0.018156,0.018046,0.012837
0.013008,0.017897,0.017622,0.014434,0.01807,0.017629,0.013163,0.018967,0.018035,0.018072,0.015712,0.012859,0.018378,0.018234,0.01293
0.012136,0.01848,0.018039,0.014501,0.017699,0.017337,0.012263,0.018102,0.019123,0.017865,0.012241,0.012292,0.01822,0.017689,0.011986
0.01183,0.01741,0.017597,0.014514,0.017182,0.018147,0.01186,0.017558,0.017966,0.017642,0.012167,0.011998,0.017397,0.017314,0.012442
0.01236,0.01713,0.018436,0.01471,0.017129,0.018256,0.012902,0.017206,0.017235,0.017415,0.0128,0.012273,0.017378,0.017385,0.012495
0.012663,0.016839,0.016878,0.013749,0.01918,0.018001,0.012978,0.017407,0.017211,0.016985,0.015871,0.012802,0.017212,0.017101,0.012745
0.012814,0.017408,0.018348,0.014524,0.017898,0.017486,0.012853,0.01729,0.017609,0.017933,0.013035,0.013318,0.01766,0.017594,0.012793
0.0128,0.018052,0.017945,0.014489,0.017724,0.017133,0.012796,0.018429,0.020156,0.017968,0.012948,0.012806,0.018169,0.018403,0.012796
0.01393,0.017747,0.018247,0.014252,0.021302,0.017757,0.011937,0.018866,0.018674,0.017676,0.01238,0.012015,0.018139,0.017822,0.012021
0.012072,0.017467,0.016946,0.014887,0.017225,0.018215,0.011563,0.017887,0.017263,0.016921,0.012211,0.011763,0.018619,0.017373,0.011903
0.012431,0.016839,0.01683,0.014866,0.016808,0.018559,0.018025,0.017276,0.016813,0.016657,0.012425,0.01213,0.017525,0.017165,0.012409
0.012622,0.01673,0.017198,0.013338,0.017191,0.018797,0.012797,0.016804,0.019805,0.016598,0.012956,0.012781,0.017335,0.017284,0.01268
0.012819,0.017251,0.017578,0.013476,0.017514,0.017367,0.012733,0.017893,0.017609,0.017654,0.012881,0.012937,0.017753,0.017629,0.012927
0.013187,0.017586,0.018033,0.013975,0.017711,0.01697,0.012613,0.017835,0.018158,0.017583,0.012628,0.012725,0.01801,0.018069,0.013097
0.015013,0.017804,0.017889,0.014552,0.01778,0.01712,0.011731,0.018311,0.017736,0.017344,0.012199,0.01254,0.018026,0.018853,0.011753
0.012025,0.017564,0.016913,0.014544,0.017411,0.017795,0.012365,0.017559,0.017399,0.017128,0.011627,0.01194,0.019607,0.017651,0.011956
0.012676,0.017459,0.016542,0.014685,0.016862,0.018608,0.012416,0.016546,0.016709,0.016788,0.01221,0.012437,0.016647,0.017462,0.012533
0.013732,0.017419,0.017023,0.013453,0.017006,0.01825,0.012781,0.018132,0.017005,0.01666,0.012488,0.012715,0.016981,0.017394,0.012818
0.012749,0.01752,0.017351,0.013267,0.017341,0.017415,0.012598,0.017379,0.017332,0.017495,0.012621,0.012574,0.01742,0.017379,0.012603
0.015846,0.0177,0.018176,0.014156,0.018103,0.016794,0.012933,0.017876,0.018387,0.017893,0.012611,0.012906,0.018091,0.017668,0.012736
0.012624,0.017656,0.01807,0.014652,0.017968,0.016888,0.011787,0.017807,0.017623,0.017687,0.012718,0.011826,0.018078,0.018111,0.011888
0.011877,0.017275,0.019518,0.014127,0.017267,0.017746,0.01173,0.017571,0.017429,0.017096,0.01187,0.012017,0.017174,0.017358,0.011506
0.023103,0.016898,0.024551,0.014329,0.016932,0.018488,0.012226,0.016806,0.017263,0.01693,0.012518,0.012018,0.016659,0.017002,0.012031
0.012842,0.016918,0.017108,0.014216,0.016596,0.018716,0.01289,0.017264,0.017263,0.016732,0.012724,0.012502,0.016968,0.016853,0.012657
0.015039,0.017628,0.017938,0.013623,0.017367,0.017293,0.012888,0.017357,0.017583,0.017102,0.012649,0.012999,0.017435,0.017224,0.012955
0.01218,0.017588,0.017985,0.01412,0.020105,0.01684,0.012843,0.01748,0.018009,0.017358,0.012993,0.013184,0.018009,0.017657,0.012965
0.011825,0.017953,0.017684,0.014645,0.017686,0.017258,0.012022,0.017968,0.017558,0.017297,0.021279,0.012449,0.019439,0.017827,0.012273
0.011872,0.017991,0.017256,0.014956,0.017058,0.017513,0.012027,0.017697,0.019678,0.016805,0.01308,0.012335,0.01752,0.017577,0.012078
0.014978,0.016701,0.01665,0.014569,0.016697,0.017788,0.012367,0.017006,0.017275,0.016781,0.012537,0.012465,0.016676,0.016851,0.012351
0.013062,0.017562,0.016555,0.013891,0.017049,0.018061,0.012552,0.016826,0.018197,0.017056,0.013089,0.01271,0.016539,0.016724,0.012448
0.012865,0.018029,0.017738,0.013861,0.017037,0.017282,0.012775,0.016984,0.01771,0.017235,0.013002,0.012782,0.017624,0.017282,0.012917
0.012981,0.018575,0.017974,0.013986,0.017727,0.017059,0.012925,0.017978,0.017703,0.017706,0.013088,0.012705,0.018291,0.018031,0.012798
0.012421,0.018144,0.017984,0.014626,0.017699,0.017434,0.01182,0.018214,0.017793,0.017832,0.012776,0.012008,0.018168,0.017878,0.012004
0.011948,0.017275,0.017268,0.014921,0.01753,0.017795,0.01217,0.017235,0.01727,0.017347,0.012292,0.012072,0.019597,0.018061,0.012034
0.012475,0.016775,0.01669,0.014742,0.016861,0.01827,0.012075,0.016644,0.0169,0.016944,0.012936,0.012467,0.016985,0.017023,0.012393
0.013023,0.017531,0.017299,0.013899,0.016939,0.018773,0.012812,0.016754,0.017488,0.016681,0.013028,0.013028,0.016978,0.0173,0.013086
0.012834,0.017429,0.017786,0.013551,0.019711,0.01855,0.012876,0.017241,0.017724,0.017425,0.01309,0.013233,0.017381,0.017776,0.01322
0.012752,0.017901,0.018377,0.014288,0.017836,0.017717,0.012525,0.01802,0.017676,0.0177,0.0131,0.012844,0.020158,0.017876,0.012861
0.012205,0.017833,0.018091,0.014443,0.017748,0.017528,0.012359,0.018624,0.02036,0.017448,0.011905,0.011901,0.018461,0.018049,0.01223
0.012101,0.017637,0.017381,0.014434,0.017201,0.017905,0.011897,0.01755,0.017908,0.017129,0.012017,0.011619,0.017147,0.017889,0.012478
0.012426,0.017225,0.017033,0.015254,0.016894,0.018309,0.012235,0.017032,0.017037,0.016486,0.01238,0.012458,0.017092,0.01717,0.012463
0.012839,0.016839,0.017397,0.014,0.016418,0.018882,0.012544,0.016764,0.017312,0.016824,0.012671,0.012658,0.018975,0.017013,0.01288
0.012661,0.018088,0.017543,0.013657,0.017418,0.018864,0.012702,0.017117,0.017668,0.017881,0.013098,0.013437,0.017673,0.017849,0.012704
0.013003,0.018971,0.017695,0.014152,0.019607,0.018412,0.013076,0.018593,0.018604,0.028469,0.013085,0.013074,0.021973,0.017967,0.01311
0.012487,0.017853,0.018272,0.014793,0.018117,0.018281,0.012371,0.018218,0.01843,0.017602,0.012283,0.012262,0.017869,0.018378,0.01228
0.011958,0.017056,0.017341,0.014126,0.017501,0.018742,0.011673,0.018839,0.018551,0.016593,0.011906,0.0123,0.017405,0.017398,0.012359
0.012753,0.016656,0.016973,0.014383,0.01636,0.018975,0.012147,0.016998,0.017487,0.016963,0.012894,0.012209,0.019351,0.016743,0.012386
0.012881,0.017403,0.017445,0.013952,0.019381,0.018663,0.012635,0.016791,0.016631,0.017433,0.013,0.012675,0.016833,0.016739,0.01314
0.012712,0.018225,0.018902,0.013627,0.017706,0.018015,0.012868,0.017529,0.017738,0.017503,0.012995,0.012739,0.018023,0.018043,0.012982
0.012848,0.017513,0.019304,0.013946,0.017848,0.018168,0.012826,0.018146,0.018226,0.01773,0.012935,0.012726,0.019808,0.01782,0.01302
0.013185,0.018096,0.019585,0.014506,0.018097,0.017905,0.011849,0.017826,0.019018,0.017733,0.011622,0.012222,0.017649,0.018136,0.012282
0.01184,0.016767,0.017767,0.014253,0.019559,0.01878,0.011905,0.017918,0.017685,0.017586,0.011868,0.011936,0.017242,0.01718,NaN
0.012336,0.016812,0.018161,0.014653,0.016373,0.018517,0.012264,0.016746,0.016842,0.016525,0.013023,0.012576,0.016988,0.016715,NaN
0.012365,0.017115,0.016699,0.014078,0.01982,0.01904,0.012715,0.016445,0.018289,0.016604,0.012755,0.012674,0.01749,0.016381,NaN
0.012646,0.017126,0.017221,0.013824,0.018215,0.018331,0.01297,0.017851,0.017365,0.017459,0.012795,0.012721,0.017913,0.017517,NaN
0.012553,0.017714,0.018117,0.014007,0.018475,0.0177,0.012617,0.017798,0.020054,0.0179,0.012857,0.012607,0.018242,0.021227,0.000241
0.012219,NaN,NaN,0.014422,NaN,0.01758,0.012035,NaN,NaN,NaN,0.011881,0.011816,NaN,NaN,0.61109
0.0119,NaN,NaN,0.014916,NaN,0.018783,0.011977,NaN,NaN,NaN,0.011877,0.012149,NaN,NaN,0.013796
0.012483,NaN,NaN,0.014954,NaN,0.019095,0.012719,NaN,NaN,NaN,0.012283,0.012689,NaN,NaN,0.013283
0.012588,NaN,NaN,0.013999,NaN,0.018792,0.012478,NaN,NaN,NaN,0.012872,0.012593,NaN,NaN,0.013795
0.012758,0.000151,0.000156,0.013872,0.000136,0.01822,0.012601,0.000196,0.000162,0.000134,0.012826,0.01275,0.000148,4.8e-05,0.01397
0.012871,0.56549,0.58252,0.014596,0.57184,0.018296,0.012656,0.58192,0.56033,0.57306,0.012966,0.012738,0.57477,0.5627,0.017664
0.012025,0.013214,0.012709,0.01423,0.012985,0.018354,0.011819,0.01352,0.012794,0.012746,0.012089,0.012278,0.012883,0.013375,0.021838
0.011676,0.0125,0.012765,0.014733,0.012337,0.018941,0.011901,0.012554,0.012597,0.012593,0.012112,0.012148,0.012367,0.012541,0.024977
0.012249,0.013097,0.013013,0.01464,0.013004,0.019232,0.012184,0.015639,0.01303,0.01276,0.012854,0.012497,0.012914,0.013145,0.035346
0.012562,0.013051,0.012699,0.013495,0.013111,0.019734,0.012789,0.013241,0.012681,0.012821,0.013073,0.012834,0.013101,0.013107,0.041739
0.012669,0.013304,0.014203,0.013507,0.01363,0.01761,0.012763,0.013764,0.013471,0.013436,0.012739,0.012776,0.013342,0.012991,0.02249
0.013028,0.021156,0.021426,0.014032,0.025458,0.01763,0.012662,0.022116,0.025063,0.020968,0.013178,0.012725,0.026914,0.021363,0.08921
0.012398,0.025349,0.025074,0.01446,0.026332,0.018155,0.011867,0.024888,0.029545,0.026937,0.012332,0.012026,0.024803,0.028189,0.024839
0.011909,0.025173,0.021267,0.014576,0.024949,0.018916,0.011568,0.025333,0.024388,0.023958,0.012259,0.011759,0.023937,0.02484,0.026222
0.01246,0.025097,0.0252,0.014795,0.028087,0.018789,0.012268,0.02556,0.021528,0.025593,0.012642,0.012714,0.024942,0.02622,0.015783
0.012754,0.024623,0.027867,0.013894,0.025694,0.018858,0.012912,0.026498,0.026487,0.02559,0.013129,0.012736,0.026178,0.028472,0.014947
0.012883,0.09294,0.096567,0.013713,0.099688,0.017804,0.012726,0.093008,0.096194,0.090093,0.012877,0.012767,0.10186,0.094471,0.014728
0.012596,0.018991,0.01968,0.014017,0.023507,0.017149,0.012835,0.018888,0.018062,0.0192,0.013218,0.012948,0.020256,0.020305,0.015063
0.011966,0.014773,0.01432,0.014702,0.016441,0.017469,0.012253,0.014342,0.01636,0.014483,0.012042,0.012576,0.014939,0.014615,0.015455
0.011904,0.014622,0.014523,0.014478,0.014927,0.018427,0.011471,0.014095,0.014555,0.014377,0.012332,0.0117,0.014606,0.014792,0.015768
0.012342,0.01445,0.014551,NaN,0.014919,0.018614,0.012736,0.014586,0.014636,0.013986,0.012935,0.012424,0.014572,0.014503,0.016039
0.012639,0.013667,0.013986,NaN,0.014388,0.018538,0.01257,0.014274,0.013797,0.013943,0.013125,0.012776,0.013755,0.013804,0.016238
0.012885,0.013699,0.014926,NaN,0.014637,0.017725,0.012997,0.014044,0.017096,0.013946,0.013099,0.01299,0.013997,0.013774,0.015398
0.012666,0.014525,0.014667,NaN,0.014993,0.017066,0.012983,0.014885,0.014319,0.014348,0.013246,0.012672,0.014271,0.014537,0.01542
0.01178,0.01491,0.015044,0.000236,0.015356,0.017085,0.011576,0.015889,0.014824,0.015144,0.012136,0.012991,0.015088,0.014932,0.016242
NaN,0.015059,0.015064,0.51858,0.01557,0.017655,0.011698,0.01508,0.014609,0.015125,0.012357,NaN,0.015003,0.014875,0.01679
NaN,0.01504,0.015159,0.011623,0.015709,0.01803,0.012544,0.014875,0.014807,0.015322,0.012748,NaN,0.01784,0.01568,0.016538
NaN,0.014121,0.014119,0.011174,0.014809,0.019892,0.012842,0.014669,0.014115,0.015191,0.013317,NaN,0.01386,0.014224,0.016404
NaN,0.014003,0.014315,0.014933,0.015023,0.017311,0.012767,0.014218,0.014029,0.016054,0.013207,NaN,0.014372,0.014389,0.015647
0.000149,0.015564,0.014998,0.01159,0.015156,0.016879,0.012917,0.015001,0.0147,0.0156,0.013448,0.000183,0.014585,0.014746,0.015882
0.61379,0.015715,0.015012,0.011874,0.015119,0.017015,0.011906,0.015759,0.015156,0.015655,0.012094,0.62597,0.014901,0.015499,0.01625
0.014783,0.016094,0.015749,0.022238,0.016259,0.017704,0.012191,0.015111,0.01545,0.015504,0.012091,0.014788,0.015218,0.015596,0.017352
0.014313,0.015327,0.015529,0.022628,0.015606,0.018521,0.012353,0.015452,0.015577,0.015396,0.012611,0.014517,0.01547,0.015493,0.016585
0.014555,0.014311,0.014787,0.022405,0.015118,0.01826,0.013118,0.014449,0.014131,0.015058,0.013167,0.01481,0.014771,0.014601,0.017038
0.014905,0.014618,0.014815,0.023338,0.015426,0.01777,0.012953,0.01528,0.014712,0.015092,0.013265,0.015668,0.01476,0.014995,0.016212
0.018081,0.015562,0.015109,0.023525,0.015492,0.016762,0.012373,0.015248,0.015742,0.015133,0.013266,0.015166,0.015457,0.015344,0.015862
0.026603,0.015523,0.016035,0.1021,0.016369,0.016743,0.012182,0.015384,0.015762,0.01578,0.011998,0.027211,0.015545,0.015903,0.016082
0.031153,0.016054,0.015589,0.016036,0.018471,0.017275,0.012232,0.015783,0.015604,0.015698,0.012004,0.03228,0.015876,0.015642,0.016403
0.029916,0.015844,0.015574,0.012788,0.015852,0.018083,0.012437,0.015653,0.015784,0.015844,0.012842,0.03055,0.017109,0.015796,0.016442
0.033696,0.014715,0.014469,0.013263,0.01515,0.017961,0.013148,0.014677,0.014523,0.014503,0.013137,0.030886,0.015486,0.01467,0.016612
0.019981,0.014737,0.01466,0.012962,0.015368,0.017875,0.012744,0.015074,0.014508,0.014926,0.013,0.020368,0.014898,0.014801,0.015578
0.088466,0.01554,0.015216,0.012502,0.015566,NaN,0.013017,0.015054,0.01675,0.015501,0.013339,0.089163,0.015394,0.015046,0.015915
0.025878,0.019195,0.015791,0.012486,0.016518,NaN,0.012048,0.015465,0.016212,0.015515,0.011819,0.022775,0.015306,0.015997,0.016382
0.022699,0.01641,0.015858,0.013477,0.016041,NaN,0.011868,0.015646,0.015359,0.015825,0.011841,0.016438,0.015729,0.015644,0.016445
0.020272,0.015939,0.01581,0.013309,0.016097,NaN,0.012577,0.015472,0.016347,0.016372,0.012675,0.016086,0.015616,0.0158,0.016725
0.015818,0.015355,0.014741,0.01393,0.015333,0.000161,0.012733,0.014739,0.014277,0.014716,0.013388,0.016748,0.014905,0.014765,0.016945
0.015738,0.018199,0.015139,0.013615,0.015076,0.55673,0.012904,0.014993,0.014816,0.014605,0.012993,0.015572,0.016474,0.014697,0.015352
0.018706,0.015372,0.014987,0.012893,0.015535,0.014063,0.012659,0.015028,0.015724,0.015927,0.012736,0.01567,0.015259,0.015452,0.015978
0.016473,0.015743,0.015708,0.012332,0.016009,0.014217,0.011656,0.015462,0.015425,0.016284,0.011609,0.016467,0.015708,0.015736,0.016195
0.016954,0.015985,0.016047,0.01325,0.017275,0.013821,0.011787,0.01549,0.015788,0.015881,0.011966,0.017075,0.015425,0.016158,0.016531
0.018645,0.015801,0.015793,0.013575,0.016069,0.013793,0.012273,0.015545,0.015639,0.015761,0.012296,0.016752,0.015704,0.01585,0.016941
0.016941,0.01504,0.015018,0.013774,0.014954,0.014495,0.01276,0.014481,0.014808,0.014821,0.012663,0.01705,0.016764,0.014633,0.016952
0.015993,0.014914,0.014472,0.013563,0.015782,0.023197,0.012625,0.014701,0.01462,0.015651,0.012887,0.015899,0.014715,0.014464,0.015905
0.015996,0.015626,0.014802,0.013179,0.015886,0.026118,0.012762,0.015371,0.015023,0.015111,0.012873,0.016182,0.015148,0.015129,0.015728
0.016272,0.015461,0.01671,0.013174,0.016133,0.026084,0.011787,0.015612,0.016792,0.015321,0.011985,0.016823,0.015903,0.015693,0.016624
0.016679,0.016318,0.015957,0.013524,0.016085,0.028462,0.011654,0.015805,0.015794,0.015501,0.011645,0.016968,0.018053,0.015643,0.016939
0.016914,0.016032,0.015703,0.014055,0.015645,0.022859,0.012355,0.015669,0.015751,0.015734,0.012483,0.017386,0.01615,0.015554,0.016558
0.017133,0.01482,0.014788,0.014103,0.019127,0.088985,0.012667,0.01488,0.015192,0.014597,0.012629,0.017106,0.016055,0.014688,0.016516
0.016571,0.015608,0.014711,0.014319,0.015867,0.02397,0.012855,0.014804,0.014835,0.014819,0.012653,0.016533,0.015167,0.014628,0.015595
0.016151,0.015441,0.015431,0.013015,0.015794,0.016,0.01288,0.015337,0.015131,0.016789,0.012748,0.016701,0.015265,0.015302,0.015949
