0.99076
0.14248
0.067602
0.047891
0.078819
NaN
0.062885
0.034208
0.046049
0.033274
0.01775
0.015389
0.016211
0.014756
0.015782
0.031621
0.018571
0.015139
0.0158
0.02254
0.015473
0.032595
0.015718
0.016226
0.015835
0.014345
0.015418
0.031696
0.015328
0.015353
0.018819
0.024411
0.020586
0.038734
0.01827
0.031024
0.024357
0.015764
0.015713
0.031041
0.014407
0.015345
0.015996
0.019841
0.016044
0.034449
0.014964
0.016227
0.015303
0.01473
0.016065
0.03
0.015457
0.013779
0.014392
0.0157
0.020326
0.03273
0.028356
0.015414
0.016508
0.028588
0.014609
0.030702
0.01543
0.023456
0.0141
0.015846
0.017826
0.030181
0.016221
0.02506
0.015634
0.013983
0.014921
0.030482
0.013602
0.012874
0.013458
0.01339
0.015174
0.030509
0.014518
0.017795
0.023704
0.023537
0.015058
0.030825
0.01541
0.024061
0.015149
0.014681
0.015625
0.02911
0.01507
0.021963
0.015658
0.019667
0.014665
0.034707
0.023944
0.015237
0.016307
0.014888
0.014255
0.029732
0.014819
0.015112
0.013807
0.014154
0.020256
0.036371
0.014625
0.017431
0.013513
0.01425
0.013905
0.030454
0.014327
0.025732
0.014521
0.015787
0.015564
0.035387
0.028874
0.016573
0.015377
0.01491
0.015365
0.046494
0.024063
0.015995
0.01553
0.015666
0.015666
0.037862
0.015152
0.016823
0.023965
0.014536
0.015282
0.037173
0.016702
0.015135
0.016481
0.015571
0.017549
0.036083
0.016599
0.015443
0.016678
0.015585
0.018191
0.04646
0.017172
0.016275
0.015938
0.016114
0.016644
0.038215
0.015665
0.0263
0.015477
0.014668
0.015058
0.036858
0.015282
0.015284
0.016296
0.014891
0.015688
0.034751
0.016088
0.014806
0.025713
0.015873
0.01616
0.039376
0.015159
0.015423
0.01545
0.015178
0.015467
0.02985
0.015116
0.014779
0.018213
0.015046
0.020335
0.031093
0.014659
0.015717
0.023566
0.023612
0.016534
0.035859
0.017275
0.01531
0.023178
0.01566
0.015732
0.035141
0.019215
0.015555
NaN
NaN
NaN
NaN
1.1663
0.14455
0.062808
0.049403
0.07602
NaN
0.065709
0.04943
0.048894
0.04567
0.015433
0.015504
0.014976
0.015524
0.01552
0.037476
0.017403
0.015451
0.01615
0.015459
0.014854
0.036966
0.01538
0.01738
0.015106
NaN
NaN
NaN
NaN
1.0792
0.14878
0.064828
0.04777
0.073666
0.061927
NaN
0.035076
0.043774
0.052991
0.020203
0.015749
0.016312
0.014959
0.015077
0.034608
0.014372
0.017417
0.015024
0.014838
0.018521
0.036922
0.016459
0.015043
0.015135
0.015349
0.015656
0.031695
0.014921
0.014295
0.021172
0.024172
0.017233
0.042957
0.023661
0.023975
0.016169
0.01493
0.015428
0.032897
0.014231
0.019913
0.018608
0.024328
0.015609
0.036411
0.021904
0.024125
0.025623
0.017312
0.015274
0.037925
0.016116
0.020643
0.015916
0.015513
0.015186
0.034675
0.027773
0.016914
0.017227
0.025746
0.017505
0.030976
0.015698
0.016217
0.027997
0.015117
0.015125
0.034116
0.017531
0.014932
0.015662
0.022459
0.015071
0.035529
0.022809
0.014658
0.01565
0.016773
0.024175
0.0375
0.016947
0.014536
0.016337
0.014733
0.015837
0.044166
0.015032
0.015332
0.0181
0.01388
0.01435
0.031817
0.024851
0.01981
0.01641
0.017181
0.015416
0.029844
0.015603
0.019503
0.023321
0.024579
0.015321
0.033118
0.014519
0.015267
0.015143
0.015591
0.014566
0.032798
0.014847
0.014188
0.014179
0.016964
0.016009
0.037354
0.016079
0.015216
0.015162
0.015994
0.015106
0.03752
0.026573
0.016458
0.015994
0.015714
0.02303
