1.0448
0.12933
0.066082
0.049038
0.076225
NaN
0.067521
0.04065
0.037497
0.038599
0.018824
0.016703
0.01587
0.016447
0.01698
0.031534
0.016224
0.016127
0.015551
0.020998
0.016446
0.03141
0.015563
0.015523
0.017225
0.016437
0.015565
0.031006
0.016392
0.015576
0.015758
0.040557
0.019202
0.037907
0.019575
0.032983
0.026285
0.024624
0.016082
0.049307
0.014599
0.01537
0.016863
0.017367
0.016061
0.031951
0.015083
0.01643
0.019443
0.014993
0.015556
0.0316
0.015256
0.016038
0.015664
0.016628
0.017495
0.038832
0.016693
0.016529
0.016695
0.016228
0.015914
0.037805
0.016267
0.015694
0.016712
0.016194
0.016496
0.039616
0.016631
0.016151
0.027827
0.015723
0.015109
0.030882
0.016127
0.015533
0.015497
0.01562
0.015102
0.029926
0.015382
0.02023
0.017261
0.01603
0.015657
0.038397
0.016328
0.01583
0.016717
0.016922
0.017593
0.036618
0.016387
0.015929
0.021904
0.023922
0.015909
0.036417
0.020049
0.017922
0.015762
0.015534
0.021839
0.036315
0.015783
0.018659
0.015784
0.015989
0.016088
0.037532
0.015425
0.020016
0.015081
0.015338
0.015472
0.038697
0.015903
0.015729
0.015427
0.015203
0.015543
0.029718
0.016387
0.0195
0.035229
0.015533
0.015556
0.031049
0.015708
0.015281
0.015569
0.023187
0.025162
0.03153
0.016112
0.025681
0.015451
0.015749
0.015462
0.03176
0.015416
0.015619
0.023568
0.015595
0.015821
0.030261
0.015876
0.016824
0.015484
0.015408
0.029107
0.030589
0.016861
0.016239
0.015872
0.015937
0.015702
0.030958
0.016734
0.016004
0.015682
0.015303
0.015523
0.034456
0.016365
0.015343
0.015336
0.015714
0.015295
0.031001
0.016005
0.015197
0.015782
0.016511
0.018314
0.030387
0.016731
0.015566
0.016328
0.016326
0.016191
0.031329
0.016014
0.015543
0.015967
0.015705
0.015092
0.030155
0.015981
0.027316
0.015799
0.015688
0.015051
0.031162
0.015887
0.015473
0.015057
0.015699
0.015524
0.029646
0.016289
0.02408
0.016182
0.019593
0.024387
0.036903
0.015042
0.015188
0.015404
0.015453
0.016189
0.030893
0.015563
0.015048
0.015652
0.015215
0.017048
0.039545
0.016679
0.016208
0.015624
0.015355
0.015505
0.041131
0.021307
0.01558
0.015331
0.015386
0.015582
0.030578
0.016358
0.015341
0.01512
0.015689
0.015494
0.03044
0.018123
0.015162
0.016221
0.015111
0.01483
0.029724
0.015329
0.02244
0.015678
0.015316
0.014965
0.02953
0.014735
0.015137
0.01532
0.01825
0.034945
0.040631
0.022339
0.015133
0.014368
0.014852
0.016634
0.032142
0.015455
0.01525
0.016208
0.022702
0.023102
0.031051
0.018587
0.015913
0.015668
0.015366
0.015535
0.032563
0.015349
0.01782
0.015615
0.015439
0.015114
0.029557
0.014727
0.015106
0.015143
0.014933
0.019288
0.031876
0.028081
0.014745
0.015037
0.015235
0.015735
0.029366
0.014621
0.015182
0.014679
0.014984
0.015372
0.028902
0.02056
0.014138
0.015297
0.017128
0.015629
0.033973
0.015894
0.015994
0.015329
0.015669
0.015402
0.030418
0.022764
0.016
0.015359
0.016111
0.024129
0.030295
0.01512
0.015364
0.01579
0.015079
0.015856
0.030426
0.016107
0.015375
0.015372
0.015347
0.02726
0.035405
0.016161
0.015072
0.018788
0.015262
0.015411
0.039309
0.015613
0.015582
0.015188
0.015771
0.015678
0.031096
0.02122
0.020518
0.015556
0.015188
0.015195
0.032425
0.019048
0.02359
0.014858
0.015651
0.015397
0.030827
0.015431
0.015896
0.016463
0.018599
0.015598
0.032324
0.023209
0.015945
0.01604
0.015429
0.015358
0.030621
0.01789
0.022125
0.015602
0.016908
0.016777
0.032079
0.015864
0.016322
0.028595
0.015192
0.015465
0.041657
0.016676
0.015401
0.017669
0.020414
0.015813
0.044225
0.016453
0.018901
0.016534
0.015459
0.015752
0.03108
0.015597
0.024034
0.015355
0.015431
0.017512
0.03194
0.027251
0.023598
0.030841
0.015833
0.015457
0.029691
0.016505
0.015324
0.015942
0.026807
0.015876
0.029533
0.016301
0.021662
0.023967
0.01583
0.01547
0.030499
0.015866
0.018154
0.016666
0.015563
0.015571
0.033396
0.016408
0.015672
0.015544
0.015532
0.020573
0.033054
0.015757
0.01588
0.015967
0.015849
0.01694
0.041441
0.016976
0.017661
0.017325
0.015815
0.01554
0.031887
0.028122
0.017204
0.016113
0.016042
0.016157
0.030915
0.016177
0.016961
0.016068
0.020308
0.023715
0.031821
0.028678
0.01597
0.019282
0.016073
0.017146
0.03095
0.015871
0.01729
0.016789
0.015982
0.022302
0.036213
0.016701
0.018288
0.025684
0.023566
0.015831
0.03066
0.016135
0.01703
0.038442
0.016611
0.019395
0.032502
0.01655
0.016454
0.01868
0.023493
0.015745
0.031208
0.016191
0.014141
0.017074
0.013775
0.015025
0.029779
0.014651
0.015625
0.015457
0.015468
0.015134
0.042916
0.015352
0.015043
0.01545
0.014971
0.014698
0.031734
0.015537
0.019599
0.014969
0.015445
0.015108
0.03177
0.016797
0.02512
0.015856
0.01692
0.015955
0.029905
0.028311
0.022374
0.015618
0.020636
0.023637
0.028736
0.018473
0.015599
0.019792
0.022612
0.015074
0.034942
0.015196
0.015208
0.015056
0.015374
0.015369
0.033335
0.016786
0.015983
0.016387
0.016496
0.016324
0.045648
0.024532
0.015236
0.015693
0.014775
0.014881
0.029902
0.015437
0.015956
0.015477
0.015572
0.015844
0.029969
0.016263
0.015563
0.015254
0.015342
0.015894
0.03518
0.014966
0.015975
0.017233
NaN
NaN
NaN
NaN
1.1881
0.14596
0.080778
0.060668
0.092151
NaN
0.072853
NaN
0.047569
0.046771
0.045159
0.020822
0.032368
0.019486
0.019666
0.021148
0.043267
0.02952
0.019865
0.019418
0.019396
0.01994
0.046602
0.019892
0.026975
0.032508
0.01887
0.021348
0.048623
0.019712
0.019047
0.020056
0.02733
0.021973
0.048495
0.02305
0.027355
0.019938
0.035232
0.019833
0.040848
0.024673
0.020841
0.020082
0.019995
0.01862
0.04268
0.020164
0.018504
0.019401
0.018673
0.019489
0.041204
0.019664
0.020291
0.026753
0.024131
0.02499
0.04402
0.019646
0.019892
0.019735
0.019239
0.019046
0.042288
0.025275
0.024192
0.023539
0.01956
0.020009
0.042752
0.019524
0.019699
0.020065
0.019757
0.032196
0.049396
0.019302
0.019298
0.020396
0.019212
0.019468
0.04234
0.020796
0.019086
0.020355
0.018649
0.018842
0.041897
0.018285
0.02925
0.019329
0.01888
0.01933
0.040886
0.019117
0.018839
0.018933
0.019228
0.019595
0.04076
0.023191
0.019116
0.019447
0.019262
0.018487
0.04206
0.018076
0.018755
0.019306
0.019163
0.024347
0.040628
0.017961
0.019171
0.02045
0.018253
0.029789
0.042679
0.032917
0.019534
0.018094
0.019143
0.019504
0.045559
0.02166
0.025741
0.019768
0.019293
0.023955
0.048849
0.018294
0.018638
0.02339
0.018838
0.019352
0.040746
0.018485
0.018786
0.01966
0.019222
0.031588
0.044428
0.018175
0.019122
0.019179
0.019546
0.020614
0.049454
0.025078
0.024623
0.018451
0.017669
0.018114
0.041622
0.024636
0.01927
0.018938
0.018184
0.018387
0.04059
0.018427
0.0345
0.018497
0.018936
0.018756
0.03957
0.01793
0.01852
0.01876
0.019146
0.019481
0.040702
0.018194
0.019211
0.019219
0.018142
0.017677
0.044002
0.019169
0.018829
0.019797
0.018858
0.021055
0.041562
0.018562
0.018874
0.019482
0.019324
0.019313
0.041198
0.018548
0.019573
0.01887
0.032718
0.018199
0.042397
0.019236
0.021209
0.017808
0.01926
0.018538
0.049411
0.019215
0.01997
0.020101
0.019522
0.019235
0.047567
0.024307
0.018915
0.018853
0.018726
0.019408
0.03997
0.018719
0.023958
0.018655
0.017881
0.018205
0.053433
0.024787
0.018399
0.030791
0.018916
0.01814
0.041213
0.018779
0.018908
0.018361
0.032824
0.021285
0.046566
0.019816
0.020866
NaN
NaN
NaN
NaN
1.0253
0.13698
0.066268
0.056407
0.081251
NaN
0.064808
0.045835
0.03601
0.033537
0.015969
0.021761
0.023658
0.014852
0.015466
0.031783
0.015524
0.015462
0.014888
0.01571
0.014584
0.033036
0.015873
0.01582
0.015422
0.015001
0.016541
0.035021
0.016743
NaN
NaN
NaN
NaN
0.97593
0.13411
0.065977
0.055091
0.081156
NaN
0.068082
0.050278
0.0448
0.034175
0.016215
0.015069
0.015406
0.019803
0.016156
