0.000139
0.2146
0.003509
0.003721
0.003433
0.003558
0.003334
0.004443
0.003323
0.003674
0.003311
0.003347
0.003273
0.003358
0.00366
0.003552
0.003573
0.003604
0.003379
0.003315
0.003305
0.003233
0.004579
0.003504
0.003364
0.003356
0.003443
0.00429
0.003738
0.003806
0.003685
0.003538
0.003371
0.003226
0.003462
0.003684
0.004049
0.003248
0.003599
0.003218
0.003085
0.003288
0.003125
0.003617
0.004002
0.003427
0.003489
0.003156
0.003225
0.003195
0.003484
0.003927
0.00356
0.003164
0.003354
0.003404
0.003242
0.003609
0.003421
0.003665
0.003176
0.003158
0.003147
0.003153
0.003677
0.003588
0.003493
0.003394
0.003697
0.003577
0.003302
0.003669
0.003444
0.003757
0.003327
0.003543
0.003507
0.003646
0.003402
0.003716
0.003399
0.003587
0.003551
0.003539
0.003411
0.003548
0.003414
0.003677
0.003619
0.00332
0.003494
0.003516
0.003363
0.003739
0.003362
0.003452
0.003582
0.0037
0.00336
0.00336
0.003823
0.003381
0.003515
0.003518
0.00397
0.006413
0.006129
0.00588
0.004332
0.004212
0.003907
0.003379
0.006439
0.006675
0.00508
0.004997
0.004283
0.00409
0.003476
0.003556
0.003322
0.003276
0.00336
0.003621
0.003618
0.003338
0.003596
0.003562
0.003764
0.00357
0.003462
0.00341
0.003928
0.006674
0.005945
0.005498
0.004372
0.004433
0.003875
0.003772
0.003719
0.003402
0.003315
0.003494
0.003463
0.003926
0.006347
0.006128
0.00538
0.004454
0.004308
0.003624
0.003664
0.003434
0.003248
0.003587
0.004054
0.006479
0.006374
0.005478
0.0054
0.004215
0.004977
0.00368
0.003726
0.003602
0.003538
0.003352
0.003228
0.003347
0.003329
0.00385
0.003373
0.003512
0.003244
0.003583
0.003578
0.003613
0.003586
0.003438
0.00338
0.003423
0.003537
0.003559
0.004094
0.006519
0.006307
0.005367
0.004751
0.00394
0.003831
0.003512
0.003435
0.003399
0.003462
0.003461
0.003259
0.003204
0.003273
0.003265
0.003267
0.003209
0.003169
0.003513
0.003488
0.003601
0.003565
0.003438
0.003506
0.003505
0.003555
0.003512
0.003624
0.003439
0.003486
0.003631
0.003506
0.003512
0.003481
0.003762
0.003408
0.003438
0.003581
0.003547
0.003331
0.003341
0.003707
0.003398
0.003783
0.00333
0.003454
0.003534
0.003602
0.003546
0.003332
0.003689
0.003489
0.003508
0.003696
0.00348
0.003675
0.003419
0.003469
0.003525
0.003629
0.003464
0.003644
0.003456
0.004151
0.006286
0.005963
0.004661
0.005021
0.003781
0.003714
0.003463
0.0039
0.003588
0.003829
0.00353
0.003925
0.003546
0.003703
0.003731
0.003908
0.00345
0.003927
0.003476
0.003698
0.003746
0.003632
0.003755
0.003833
0.00356
0.003723
0.003747
0.003615
0.003822
0.003589
0.003371
0.003739
0.00335
0.003639
0.003902
0.006361
0.00571
0.00556
0.004586
0.004364
0.00378
0.003796
0.003398
0.003491
0.003307
0.006618
0.006229
0.005782
0.004701
0.004972
0.003704
0.00374
0.003325
0.003227
0.003629
0.003519
0.003336
0.003675
0.003427
0.003611
0.003625
0.003486
0.003379
0.00335
0.003781
0.003622
0.003316
0.003708
0.003421
0.003447
0.003827
0.003198
0.00356
0.003679
0.003965
0.006249
0.005446
0.005267
0.006389
0.005968
0.004875
0.004459
0.003908
0.004164
0.004043
0.003397
0.00351
0.003654
0.00393
0.006521
0.005772
0.005839
0.004333
0.004553
0.00355
0.003478
0.003307
0.003352
0.003307
0.003053
0.003384
0.003105
0.003384
0.003332
0.0035
0.003811
0.006181
0.005846
0.004982
0.00468
0.003952
0.004013
0.003546
0.003551
0.003299
0.003189
0.003163
0.003342
0.003412
0.00347
0.003523
0.003718
0.00338
0.003547
0.003413
0.003576
0.003639
0.003452
0.003494
0.003612
0.003385
0.004133
0.006255
0.005886
0.004763
0.00476
0.003765
0.003839
0.003339
0.00327
0.003194
0.003773
0.003367
0.003695
0.003196
0.003518
0.003714
0.003432
0.003401
0.003616
0.00359
0.003164
0.003891
0.003462
0.003345
0.003536
0.003641
0.003477
0.003436
0.003468
0.00358
0.003729
0.00343
0.003563
0.003419
0.003641
0.003519
0.003449
0.003493
0.003481
0.003718
0.003872
0.006003
0.005483
0.00508
0.00483
0.004013
0.003531
0.003642
0.003264
0.00347
0.003499
0.003606
0.003507
0.003486
0.003585
0.003464
0.003663
0.003292
0.003616
0.003484
0.003455
0.003594
0.003474
0.003504
0.003545
0.003589
0.003425
0.003576
0.003579
0.003524
0.003516
0.003409
0.003526
0.003718
0.003344
0.003688
0.003477
0.003473
0.003552
0.003597
0.003352
0.003668
0.00367
0.003243
0.003623
0.003586
0.003512
0.003397
0.003479
0.003099
0.002863
0.002947
0.002867
0.002956
0.003059
0.003047
0.003774
0.003281
0.003351
0.00311
0.002797
0.002867
0.002781
0.002854
0.002985
0.003492
0.003411
0.003632
0.003425
0.003727
0.003254
0.003418
0.003497
0.003482
0.003506
0.003574
0.003299
0.003043
0.002898
0.00305
0.002901
0.003071
0.00298
0.002998
0.003547
0.003484
0.0035
0.003525
0.003434
0.003351
0.003199
0.003031
0.002876
0.002863
0.002917
0.003106
0.003136
0.003224
0.003364
0.002911
0.002871
0.00276
0.00289
0.002941
0.002734
0.003534
0.002885
0.002913
0.003055
0.003091
0.002999
0.00328
0.003407
0.002924
0.003191
0.003322
0.003584
0.003504
0.003295
0.003012
0.003038
0.00306
0.002857
0.002911
0.002925
0.0029
0.003385
0.003397
0.002898
0.002787
0.002831
0.002834
0.002866
0.003281
0.003305
0.002913
0.002919
0.00273
0.002687
0.002632
0.003304
0.003223
0.004966
0.004874
0.005199
0.004027
0.00431
0.003575
0.003992
0.00553
0.005029
0.00434
0.004077
0.00417
0.003894
0.003488
0.003476
0.003388
0.00333
0.002938
0.003438
0.005436
0.005227
0.005097
0.004365
0.003925
0.003882
0.003552
0.003492
0.003168
0.002908
0.002954
0.002982
0.003498
0.003405
0.002794
0.002701
0.002711
0.003021
0.002864
0.003561
0.005567
0.005318
0.004348
0.004137
0.003608
0.003572
0.003214
0.003172
0.003201
0.002921
0.003578
0.003639
0.003435
0.003387
0.003592
0.003589
0.003365
0.003545
0.003893
0.003884
0.003752
0.003004
0.003313
0.005672
0.00564
0.004931
0.004882
0.003861
0.003998
0.003779
0.003252
0.00334
0.003295
0.003923
0.005783
0.005746
0.004921
0.005114
0.003787
0.003745
0.004516
0.004183
0.003506
0.003069
0.003011
0.00333
0.003442
0.003304
0.003037
0.003483
0.003547
0.00343
0.003674
0.00336
0.003376
0.003238
0.003531
0.003236
0.002935
0.003294
0.003041
0.00316
0.003111
0.003253
0.003542
0.003614
0.003516
0.003802
0.003714
0.003178
0.003019
0.002912
0.003326
0.003678
0.003318
0.003531
0.003566
0.003604
0.003302
0.003348
0.002975
0.003068
0.003186
0.003237
0.003176
0.002951
0.003153
0.002961
0.003322
0.003561
0.003765
0.003082
0.003442
0.003709
0.003797
0.003713
0.003004
0.003412
0.003684
0.003678
0.003659
0.003833
0.005946
0.005777
0.004581
0.004219
0.003841
0.003605
0.003572
0.002977
0.003097
0.003153
0.003089
0.003414
0.003548
0.003229
0.002975
0.00293
0.003164
0.003256
0.003452
0.003134
0.003721
0.003816
0.003513
0.003513
0.003297
0.003078
0.003058
0.002982
0.003052
0.003149
0.003444
0.003578
0.0035
0.003038
0.002964
0.003088
0.003086
0.00314
0.003185
0.003646
0.003621
0.004051
0.00361
0.003564
0.003519
0.003583
0.003091
0.003564
0.003066
0.003186
0.002977
0.003254
0.003362
0.003146
0.003509
0.003534
0.003634
0.003509
0.003503
0.00345
0.003573
0.003517
0.003419
0.003662
0.003487
0.003485
0.003588
0.003492
0.003553
0.003519
0.003442
0.003704
0.003506
0.003463
0.003568
0.003411
0.003656
0.003319
0.003937
0.005801
0.005834
0.004983
0.005204
0.003565
0.003453
0.003416
0.003406
0.003619
0.003343
0.003395
0.003517
0.003481
0.003084
0.002938
0.003062
0.003012
0.0033
0.003244
0.003477
0.003082
0.00311
0.003135
0.003231
0.0037
0.003515
0.00357
0.00344
0.003654
0.003261
0.003304
0.003132
0.003232
0.003238
0.003091
0.003053
0.002979
0.003011
0.003096
0.002915
0.003459
0.00303
0.003267
0.003021
0.003022
0.003154
0.003141
0.003518
0.006407
0.005876
0.005676
0.004796
0.004485
0.004626
0.004054
0.003374
0.003444
0.003337
0.003289
0.002998
0.003261
0.003345
