1.0094
0.13934
0.070195
0.0566
0.082
0.069546
0.053277
0.043548
0.037803
0.040473
0.033818
0.026319
0.022373
0.021227
0.038614
0.021759
0.021134
0.02184
0.020792
0.02087
0.038291
0.02346
0.020882
0.021506
0.02019
0.020771
0.037114
0.021807
0.02212
0.026144
0.029192
0.030712
0.040074
0.032216
0.029704
0.02234
0.021716
0.021317
0.03614
0.021551
0.021237
0.021739
0.022744
0.021781
0.036793
0.020752
0.022077
0.024799
0.02132
0.022037
0.044636
0.022755
0.020531
0.029346
0.023595
0.022923
0.04963
0.02095
0.020603
0.021332
0.020745
0.022773
0.034035
0.025796
0.02387
0.021181
0.02161
0.021336
0.04217
0.022136
0.020986
0.023632
0.021573
0.021722
0.035865
0.021249
0.020699
0.020331
0.020809
0.021879
0.035771
0.022616
0.023447
0.020453
0.022029
0.020803
0.036209
0.021109
0.020613
0.021377
0.021403
0.020365
0.037156
0.020781
0.02056
0.020918
0.022083
0.02245
0.035438
0.021848
0.021302
0.020502
0.020978
0.020337
0.036292
0.020978
0.021543
0.020288
0.020784
0.021543
0.038601
0.021643
0.033657
0.023496
0.021092
0.021709
0.035851
0.020018
0.019751
0.020259
0.02171
0.020313
0.03625
0.023884
0.022514
0.020809
0.021634
0.020439
0.039115
