1.2411
0.14617
0.084511
0.063517
0.09355
0.079548
0.057031
0.053255
0.049381
0.023574
0.02218
0.020983
0.020173
0.020676
0.051166
0.020372
0.020601
0.020914
0.032904
0.020901
0.046464
0.020427
0.020133
0.026737
0.033464
0.019979
0.046394
0.021788
0.0221
0.03524
0.040556
0.022819
0.05289
0.022654
0.035758
0.024549
0.020296
0.020384
0.056669
0.02419
0.02386
0.026221
0.040904
0.031697
0.046901
0.020001
0.020454
0.020069
0.027044
0.02522
0.047755
0.020443
0.020164
0.022357
0.020172
0.020966
0.044442
0.034645
0.020407
0.020012
0.031823
0.019288
0.044741
0.033353
0.018851
0.020098
0.021345
0.024228
0.051118
0.021036
0.026882
0.024844
0.020473
0.029016
0.047196
0.021734
0.020477
0.033056
0.020028
0.020069
0.043962
0.025165
0.029728
0.022497
0.02297
0.021255
0.047917
0.020718
0.029775
0.020637
0.020462
0.020234
0.052906
0.03142
0.021325
0.020381
0.022298
0.020965
0.044275
0.020787
0.022853
0.020883
0.020999
0.021204
0.043474
0.021379
0.02185
0.022493
0.020751
0.021557
0.049226
0.021527
0.020721
0.020744
0.020475
0.026933
0.045367
0.027267
0.023753
0.020548
0.021656
0.020763
0.042943
0.021189
0.02115
0.032293
0.024377
0.023989
0.043458
0.020684
0.033714
0.02046
0.020222
0.020608
0.048638
0.020506
0.029357
0.021769
0.020184
0.021001
0.043105
0.020705
0.021996
0.021376
0.020132
0.020731
0.044907
0.021304
0.020847
0.020941
0.029865
0.024165
0.051775
0.032818
0.019108
0.022024
0.021413
0.041942
0.045357
0.021264
0.020724
0.038176
0.020121
0.028055
0.046071
0.022196
0.022139
0.022943
0.020504
0.020209
0.046216
0.021251
0.022032
0.026942
0.024527
0.021027
0.05359
0.02374
0.020237
0.020646
0.020621
0.022167
0.045156
0.020263
0.020057
0.019748
0.019835
0.022633
0.053523
0.021787
0.033795
0.022015
0.021669
0.021709
0.055804
0.021922
0.021807
0.021362
0.02158
0.020834
0.04696
0.028276
0.023806
0.024692
0.024148
0.023712
0.060646
0.020427
0.019548
0.020178
0.020104
0.019416
0.052632
0.027577
0.02459
0.02238
0.022865
0.028538
0.051603
0.0223
0.023538
0.024363
0.022988
0.023279
0.050384
0.027033
0.020686
0.020021
0.020438
0.020191
0.045828
0.031482
0.024796
0.021803
0.020355
0.031182
0.050018
0.022668
0.022413
0.022368
0.022234
0.021173
0.043233
0.021209
0.019998
0.022014
0.023919
0.022517
0.046159
0.029805
0.021924
0.02387
0.039468
0.021304
0.046079
0.030172
0.020427
0.027114
0.025185
0.026295
0.048645
0.019456
0.020649
0.019756
0.019583
0.022195
0.053088
0.0229
0.022415
0.022531
0.0229
0.021769
0.059637
0.02224
0.0214
0.021678
0.022026
0.02188
0.049865
0.020799
0.022058
0.021465
0.021596
0.021333
0.050646
0.023128
0.026954
0.028876
0.022592
0.021997
0.043799
0.02353
0.020489
0.020907
0.020298
0.021294
0.047773
0.023878
0.020817
0.027729
0.02026
0.032415
0.043416
0.020434
0.02012
0.020277
0.019932
0.021057
0.043592
0.031418
0.020704
0.020128
0.021004
0.034703
0.048118
0.020178
0.019879
0.018891
0.020107
0.019841
0.046018
0.02045
0.019544
0.020505
0.033587
0.021632
0.061214
0.025307
0.022488
0.020486
0.019652
0.032774
0.042615
0.019687
0.034811
0.037426
0.027332
0.019855
0.053963
0.032946
0.024522
0.019
0.020382
0.01918
0.044086
0.018939
0.02074
0.022995
0.020496
0.020072
0.046066
0.020114
0.031616
0.019437
0.021258
0.021284
0.045727
0.019883
0.021143
0.020273
0.021388
0.021057
0.042845
0.020156
0.021316
