0.000157,0.000127,0.00018,0,0,0,0,0,0,0,0,0,0,0,0
0.21887,0.2033,0.20148,0,0,0,0,0,0,0,0,0,0,0,0
0.001892,0.001572,0.001505,0,0,0,0,0,0,0,0,0,0,0,0
0.00144,0.001408,0.001439,0,0,0,0,0,0,0,0,0,0,0,0
0.001451,0.001439,0.001451,0,0,0,0,0,0,0,0,0,0,0,0
0.003165,0.001452,0.001469,0,0,0,0,0,0,0,0,0,0,0,0
0.002799,0.001451,0.001416,0,0,0,0,0,0,0,0,0,0,0,0
0.001663,0.001341,0.001453,0,0,0,0,0,0,0,0,0,0,0,0
0.00168,0.001392,0.001501,0,0,0,0,0,0,0,0,0,0,0,0
0.001578,0.001377,0.001468,0,0,0,0,0,0,0,0,0,0,0,0
0.001496,0.001418,0.001452,0,0,0,0,0,0,0,0,0,0,0,0
0.001485,0.001381,0.0015,0,0,0,0,0,0,0,0,0,0,0,0
0.002186,0.001425,0.001472,0,0,0,0,0,0,0,0,0,0,0,0
0.001443,0.0015,0.001489,0,0,0,0,0,0,0,0,0,0,0,0
0.001503,0.00151,0.001462,0,0,0,0,0,0,0,0,0,0,0,0
0.001475,0.001503,0.001492,0,0,0,0,0,0,0,0,0,0,0,0
0.001496,0.00143,0.001462,0,0,0,0,0,0,0,0,0,0,0,0
0.001479,0.001494,0.001551,0,0,0,0,0,0,0,0,0,0,0,0
0.001471,0.001463,0.00145,0,0,0,0,0,0,0,0,0,0,0,0
0.001459,0.001515,0.001584,0,0,0,0,0,0,0,0,0,0,0,0
0.001465,0.001483,0.001521,0,0,0,0,0,0,0,0,0,0,0,0
0.00146,0.001509,0.001623,0,0,0,0,0,0,0,0,0,0,0,0
0.001515,0.001516,0.001498,0,0,0,0,0,0,0,0,0,0,0,0
0.001487,0.001545,0.001502,0,0,0,0,0,0,0,0,0,0,0,0
0.001484,0.001453,0.001445,0,0,0,0,0,0,0,0,0,0,0,0
0.001453,0.001477,0.001527,0,0,0,0,0,0,0,0,0,0,0,0
0.001464,0.00142,0.001476,0,0,0,0,0,0,0,0,0,0,0,0
0.001467,0.001524,0.001591,0,0,0,0,0,0,0,0,0,0,0,0
0.001496,0.001434,0.001515,0,0,0,0,0,0,0,0,0,0,0,0
0.001453,0.001516,0.0016,0,0,0,0,0,0,0,0,0,0,0,0
0.001477,0.001517,0.001507,0,0,0,0,0,0,0,0,0,0,0,0
0.001447,0.001666,0.001513,0,0,0,0,0,0,0,0,0,0,0,0
0.001446,0.001537,0.001514,0,0,0,0,0,0,0,0,0,0,0,0
0.001523,0.001497,0.001439,0,0,0,0,0,0,0,0,0,0,0,0
0.00149,0.001448,0.001461,0,0,0,0,0,0,0,0,0,0,0,0
0.001437,0.0015,0.001443,0,0,0,0,0,0,0,0,0,0,0,0
0.001451,0.001435,0.001631,0,0,0,0,0,0,0,0,0,0,0,0
0.001596,0.00149,0.001496,0,0,0,0,0,0,0,0,0,0,0,0
0.001405,0.001441,0.001498,0,0,0,0,0,0,0,0,0,0,0,0
0.001417,0.001585,0.001417,0,0,0,0,0,0,0,0,0,0,0,0
0.001545,0.001609,0.00164,0,0,0,0,0,0,0,0,0,0,0,0
0.001531,0.001494,0.001443,0,0,0,0,0,0,0,0,0,0,0,0
0.001476,0.001534,0.001537,0,0,0,0,0,0,0,0,0,0,0,0
0.001529,0.001491,0.001539,0,0,0,0,0,0,0,0,0,0,0,0
0.00147,0.001604,0.001696,0,0,0,0,0,0,0,0,0,0,0,0
0.001592,0.001473,0.001452,0,0,0,0,0,0,0,0,0,0,0,0
0.001447,0.001535,0.001549,0,0,0,0,0,0,0,0,0,0,0,0
0.001573,0.001467,0.001475,0,0,0,0,0,0,0,0,0,0,0,0
0.001479,0.001628,0.001611,0,0,0,0,0,0,0,0,0,0,0,0
0.0016,0.001535,0.001564,0,0,0,0,0,0,0,0,0,0,0,0
0.001598,0.001634,0.001688,0,0,0,0,0,0,0,0,0,0,0,0
0.002036,0.001533,0.001587,0,0,0,0,0,0,0,0,0,0,0,0
0.001575,0.001629,0.001647,0,0,0,0,0,0,0,0,0,0,0,0
0.001526,0.001504,0.001539,0,0,0,0,0,0,0,0,0,0,0,0
0.001494,0.001492,0.001517,0,0,0,0,0,0,0,0,0,0,0,0
0.001541,0.001591,0.001511,0,0,0,0,0,0,0,0,0,0,0,0
0.001529,0.0016,0.001567,0,0,0,0,0,0,0,0,0,0,0,0
0.001554,0.001563,0.001592,0,0,0,0,0,0,0,0,0,0,0,0
0.001748,0.001572,0.001482,0,0,0,0,0,0,0,0,0,0,0,0
0.001517,0.00149,0.001491,0,0,0,0,0,0,0,0,0,0,0,0
0.002259,0.001475,0.001463,0,0,0,0,0,0,0,0,0,0,0,0
0.001505,0.001481,0.001508,0,0,0,0,0,0,0,0,0,0,0,0
0.001564,0.001482,0.001446,0,0,0,0,0,0,0,0,0,0,0,0
0.00146,0.001521,0.001441,0,0,0,0,0,0,0,0,0,0,0,0
0.001491,0.001537,0.00145,0,0,0,0,0,0,0,0,0,0,0,0
0.001429,0.001476,0.001513,0,0,0,0,0,0,0,0,0,0,0,0
0.001476,0.001513,0.001461,0,0,0,0,0,0,0,0,0,0,0,0
0.001403,0.001514,0.001414,0,0,0,0,0,0,0,0,0,0,0,0
0.001557,0.001522,0.001515,0,0,0,0,0,0,0,0,0,0,0,0
0.001436,0.001434,0.001544,0,0,0,0,0,0,0,0,0,0,0,0
0.001593,0.001452,0.001499,0,0,0,0,0,0,0,0,0,0,0,0
0.001513,0.001521,0.001498,0,0,0,0,0,0,0,0,0,0,0,0
0.001536,0.001475,0.001393,0,0,0,0,0,0,0,0,0,0,0,0
0.001435,0.001459,0.001396,0,0,0,0,0,0,0,0,0,0,0,0
NaN,NaN,NaN,0,0,0,0,0,0,0,0,0,0,0,0
NaN,NaN,NaN,0,0,0,0,0,0,0,0,0,0,0,0
NaN,NaN,NaN,0,0,0,0,0,0,0,0,0,0,0,0
NaN,NaN,NaN,0,0,0,0,0,0,0,0,0,0,0,0
0.000178,0.000168,0.000156,0,0,0,0,0,0,0,0,0,0,0,0
0.20379,0.20331,0.21283,0,0,0,0,0,0,0,0,0,0,0,0
0.00144,0.001681,0.001529,0,0,0,0,0,0,0,0,0,0,0,0
0.001342,0.001418,0.00132,0,0,0,0,0,0,0,0,0,0,0,0
0.00147,0.001471,0.001366,0,0,0,0,0,0,0,0,0,0,0,0
0.001361,0.001444,0.001499,0,0,0,0,0,0,0,0,0,0,0,0
0.001267,0.001361,0.001247,0,0,0,0,0,0,0,0,0,0,0,0
0.001392,0.001503,0.001427,0,0,0,0,0,0,0,0,0,0,0,0
0.001477,0.001537,0.001411,0,0,0,0,0,0,0,0,0,0,0,0
0.00141,0.001617,0.001442,0,0,0,0,0,0,0,0,0,0,0,0
0.001449,0.001519,0.001373,0,0,0,0,0,0,0,0,0,0,0,0
0.001548,0.001491,0.00155,0,0,0,0,0,0,0,0,0,0,0,0
0.001806,0.001488,0.001436,0,0,0,0,0,0,0,0,0,0,0,0
0.001517,0.001536,0.001504,0,0,0,0,0,0,0,0,0,0,0,0
0.001616,0.001427,0.001421,0,0,0,0,0,0,0,0,0,0,0,0
0.001437,0.001634,0.001529,0,0,0,0,0,0,0,0,0,0,0,0
0.001729,0.001535,0.001517,0,0,0,0,0,0,0,0,0,0,0,0
0.001887,0.001652,0.001565,0,0,0,0,0,0,0,0,0,0,0,0
NaN,NaN,NaN,0,0,0,0,0,0,0,0,0,0,0,0
NaN,NaN,NaN,0,0,0,0,0,0,0,0,0,0,0,0
NaN,NaN,NaN,0,0,0,0,0,0,0,0,0,0,0,0
NaN,NaN,NaN,0,0,0,0,0,0,0,0,0,0,0,0
0.000108,0.00017,0.000234,0,0,0,0,0,0,0,0,0,0,0,0
0.22475,0.2119,0.22443,0,0,0,0,0,0,0,0,0,0,0,0
0.001543,0.001598,0.001672,0,0,0,0,0,0,0,0,0,0,0,0
0.001535,0.001398,0.002145,0,0,0,0,0,0,0,0,0,0,0,0
0.001532,0.002998,0.001521,0,0,0,0,0,0,0,0,0,0,0,0
0.001752,0.003163,0.001505,0,0,0,0,0,0,0,0,0,0,0,0
0.001632,0.003034,0.001897,0,0,0,0,0,0,0,0,0,0,0,0
0.001517,0.00258,0.001478,0,0,0,0,0,0,0,0,0,0,0,0
0.001533,0.002549,0.001736,0,0,0,0,0,0,0,0,0,0,0,0
0.001431,0.002266,0.001417,0,0,0,0,0,0,0,0,0,0,0,0
NaN,NaN,NaN,0,0,0,0,0,0,0,0,0,0,0,0
NaN,NaN,NaN,0,0,0,0,0,0,0,0,0,0,0,0
NaN,NaN,NaN,0,0,0,0,0,0,0,0,0,0,0,0
NaN,NaN,NaN,0,0,0,0,0,0,0,0,0,0,0,0
0.000165,0.000164,0.000297,0,0,0,0,0,0,0,0,0,0,0,0
0.20548,0.20692,0.4389,0,0,0,0,0,0,0,0,0,0,0,0
NaN,NaN,NaN,0,0,0,0,0,0,0,0,0,0,0,0
NaN,NaN,NaN,0,0,0,0,0,0,0,0,0,0,0,0
NaN,NaN,NaN,0,0,0,0,0,0,0,0,0,0,0,0
NaN,NaN,NaN,0,0,0,0,0,0,0,0,0,0,0,0
0.000127,0.00017,0.000112,0,0,0,0,0,0,0,0,0,0,0,0
0.23315,0.20779,0.20658,0,0,0,0,0,0,0,0,0,0,0,0
NaN,NaN,NaN,0,0,0,0,0,0,0,0,0,0,0,0
NaN,NaN,NaN,0,0,0,0,0,0,0,0,0,0,0,0
NaN,NaN,NaN,0,0,0,0,0,0,0,0,0,0,0,0
NaN,NaN,NaN,0,0,0,0,0,0,0,0,0,0,0,0
0.000165,0.000149,0.000145,0,0,0,0,0,0,0,0,0,0,0,0
0.20287,0.21274,0.21104,0,0,0,0,0,0,0,0,0,0,0,0
0.001459,0.001371,0.00143,0,0,0,0,0,0,0,0,0,0,0,0
0.001558,0.001691,0.001526,0,0,0,0,0,0,0,0,0,0,0,0
0.001275,0.001272,0.001679,0,0,0,0,0,0,0,0,0,0,0,0
NaN,NaN,NaN,0,0,0,0,0,0,0,0,0,0,0,0
NaN,NaN,NaN,0,0,0,0,0,0,0,0,0,0,0,0
NaN,NaN,NaN,0,0,0,0,0,0,0,0,0,0,0,0
NaN,NaN,NaN,0,0,0,0,0,0,0,0,0,0,0,0
0.000227,0.000108,0.000172,0,0,0,0,0,0,0,0,0,0,0,0
0.2233,0.21528,0.20817,0,0,0,0,0,0,0,0,0,0,0,0
0.001317,0.001567,0.001408,0,0,0,0,0,0,0,0,0,0,0,0
0.001384,0.001361,0.001238,0,0,0,0,0,0,0,0,0,0,0,0
0.001301,0.001366,0.0013,0,0,0,0,0,0,0,0,0,0,0,0
0.001344,0.001378,0.00125,0,0,0,0,0,0,0,0,0,0,0,0
0.001248,0.001425,0.001312,0,0,0,0,0,0,0,0,0,0,0,0
0.001438,0.001437,0.001335,0,0,0,0,0,0,0,0,0,0,0,0
0.001332,0.001505,0.001606,0,0,0,0,0,0,0,0,0,0,0,0
0.001389,0.001452,0.001395,0,0,0,0,0,0,0,0,0,0,0,0
NaN,NaN,NaN,0,0,0,0,0,0,0,0,0,0,0,0
NaN,NaN,NaN,0,0,0,0,0,0,0,0,0,0,0,0
NaN,NaN,NaN,0,0,0,0,0,0,0,0,0,0,0,0
NaN,NaN,NaN,0,0,0,0,0,0,0,0,0,0,0,0
0.000174,0.000147,0.000153,0,0,0,0,0,0,0,0,0,0,0,0
0.21522,0.21205,0.21522,0,0,0,0,0,0,0,0,0,0,0,0
0.001784,0.001146,0.001263,0,0,0,0,0,0,0,0,0,0,0,0
0.00101,0.001034,0.001012,0,0,0,0,0,0,0,0,0,0,0,0
0.001155,0.001032,0.001165,0,0,0,0,0,0,0,0,0,0,0,0
0.001032,0.001178,0.001022,0,0,0,0,0,0,0,0,0,0,0,0
0.001028,0.0015,0.001558,0,0,0,0,0,0,0,0,0,0,0,0
0.001074,0.001161,0.00165,0,0,0,0,0,0,0,0,0,0,0,0
0.001033,0.001159,0.001376,0,0,0,0,0,0,0,0,0,0,0,0
NaN,NaN,NaN,0,0,0,0,0,0,0,0,0,0,0,0
NaN,NaN,NaN,0,0,0,0,0,0,0,0,0,0,0,0
NaN,NaN,NaN,0,0,0,0,0,0,0,0,0,0,0,0
NaN,NaN,NaN,0,0,0,0,0,0,0,0,0,0,0,0
0.000158,0.000158,0.000151,0,0,0,0,0,0,0,0,0,0,0,0
0.21708,0.2002,0.21919,0,0,0,0,0,0,0,0,0,0,0,0
0.00135,0.001218,0.00153,0,0,0,0,0,0,0,0,0,0,0,0
0.001159,0.001156,0.001264,0,0,0,0,0,0,0,0,0,0,0,0
0.001339,0.00116,0.001741,0,0,0,0,0,0,0,0,0,0,0,0
0.001239,0.001257,0.002272,0,0,0,0,0,0,0,0,0,0,0,0
0.001159,0.001161,0.001348,0,0,0,0,0,0,0,0,0,0,0,0
0.001159,0.001239,0.001318,0,0,0,0,0,0,0,0,0,0,0,0
0.001233,0.001174,0.001299,0,0,0,0,0,0,0,0,0,0,0,0
0.00135,0.001366,0.001868,0,0,0,0,0,0,0,0,0,0,0,0
0.001315,0.001267,0.001413,0,0,0,0,0,0,0,0,0,0,0,0
0.001301,0.001352,0.001288,0,0,0,0,0,0,0,0,0,0,0,0
0.001438,0.001504,0.001594,0,0,0,0,0,0,0,0,0,0,0,0
0.001382,0.001354,0.00133,0,0,0,0,0,0,0,0,0,0,0,0
0.001335,0.00136,0.001349,0,0,0,0,0,0,0,0,0,0,0,0
0.001368,0.001396,0.001307,0,0,0,0,0,0,0,0,0,0,0,0
0.001349,0.001382,0.001315,0,0,0,0,0,0,0,0,0,0,0,0
0.001392,0.001442,0.001726,0,0,0,0,0,0,0,0,0,0,0,0
0.001379,0.001379,0.001501,0,0,0,0,0,0,0,0,0,0,0,0
0.001385,0.001401,0.00139,0,0,0,0,0,0,0,0,0,0,0,0
0.001293,0.001344,0.001879,0,0,0,0,0,0,0,0,0,0,0,0
0.001411,0.001453,0.001583,0,0,0,0,0,0,0,0,0,0,0,0
0.001383,0.001361,0.001578,0,0,0,0,0,0,0,0,0,0,0,0
0.001451,0.001504,0.001467,0,0,0,0,0,0,0,0,0,0,0,0
0.001373,0.00136,0.001507,0,0,0,0,0,0,0,0,0,0,0,0
0.001406,0.001499,0.001801,0,0,0,0,0,0,0,0,0,0,0,0
NaN,NaN,NaN,0,0,0,0,0,0,0,0,0,0,0,0
NaN,NaN,NaN,0,0,0,0,0,0,0,0,0,0,0,0
NaN,NaN,NaN,0,0,0,0,0,0,0,0,0,0,0,0
NaN,NaN,NaN,0,0,0,0,0,0,0,0,0,0,0,0
0.000177,0.000179,0.000205,0,0,0,0,0,0,0,0,0,0,0,0
0.21168,0.22721,0.21654,0,0,0,0,0,0,0,0,0,0,0,0
0.000992,0.001029,0.00114,0,0,0,0,0,0,0,0,0,0,0,0
0.000893,0.00088,0.00088,0,0,0,0,0,0,0,0,0,0,0,0
0.000947,0.000961,0.000895,0,0,0,0,0,0,0,0,0,0,0,0
0.000948,0.000889,0.001257,0,0,0,0,0,0,0,0,0,0,0,0
0.000891,0.001073,0.000951,0,0,0,0,0,0,0,0,0,0,0,0
0.000935,0.000943,0.001009,0,0,0,0,0,0,0,0,0,0,0,0
0.000959,0.000893,0.001001,0,0,0,0,0,0,0,0,0,0,0,0
0.000908,0.000928,0.00097,0,0,0,0,0,0,0,0,0,0,0,0
0.000977,0.000924,0.001364,0,0,0,0,0,0,0,0,0,0,0,0
0.000906,0.000942,0.000921,0,0,0,0,0,0,0,0,0,0,0,0
0.000939,0.00096,0.001012,0,0,0,0,0,0,0,0,0,0,0,0
0.001021,0.00094,0.000951,0,0,0,0,0,0,0,0,0,0,0,0
0.00098,0.000889,0.000936,0,0,0,0,0,0,0,0,0,0,0,0
0.000969,0.000964,0.000954,0,0,0,0,0,0,0,0,0,0,0,0
0.002162,0.000942,0.001028,0,0,0,0,0,0,0,0,0,0,0,0
0.002205,0.000913,0.001087,0,0,0,0,0,0,0,0,0,0,0,0
0.002112,0.000976,0.001009,0,0,0,0,0,0,0,0,0,0,0,0
0.002081,0.000916,0.000977,0,0,0,0,0,0,0,0,0,0,0,0
0.002018,0.000913,0.001008,0,0,0,0,0,0,0,0,0,0,0,0
0.001975,0.000988,0.001176,0,0,0,0,0,0,0,0,0,0,0,0
0.001885,0.000961,0.001009,0,0,0,0,0,0,0,0,0,0,0,0
0.002069,0.000958,0.00104,0,0,0,0,0,0,0,0,0,0,0,0
0.001735,0.000985,0.001005,0,0,0,0,0,0,0,0,0,0,0,0
0.001751,0.000967,0.001008,0,0,0,0,0,0,0,0,0,0,0,0
0.001525,0.000777,0.00086,0,0,0,0,0,0,0,0,0,0,0,0
0.001633,0.000964,0.001065,0,0,0,0,0,0,0,0,0,0,0,0
0.001561,0.000979,0.001036,0,0,0,0,0,0,0,0,0,0,0,0
0.001461,0.001068,0.001,0,0,0,0,0,0,0,0,0,0,0,0
0.001748,0.000981,0.000987,0,0,0,0,0,0,0,0,0,0,0,0
0.001543,0.000987,0.001182,0,0,0,0,0,0,0,0,0,0,0,0
0.001539,0.001026,0.001291,0,0,0,0,0,0,0,0,0,0,0,0
0.001416,0.001025,0.001049,0,0,0,0,0,0,0,0,0,0,0,0
0.00147,0.001052,0.001097,0,0,0,0,0,0,0,0,0,0,0,0
0.001489,0.001059,0.000997,0,0,0,0,0,0,0,0,0,0,0,0
0.001789,0.001039,0.000978,0,0,0,0,0,0,0,0,0,0,0,0
0.001656,0.00098,0.000991,0,0,0,0,0,0,0,0,0,0,0,0
0.001453,0.001046,0.000989,0,0,0,0,0,0,0,0,0,0,0,0
0.001278,0.001025,0.001363,0,0,0,0,0,0,0,0,0,0,0,0
0.001355,0.001202,0.001091,0,0,0,0,0,0,0,0,0,0,0,0
0.001263,0.001018,0.001017,0,0,0,0,0,0,0,0,0,0,0,0
0.001315,0.001041,0.001028,0,0,0,0,0,0,0,0,0,0,0,0
0.001169,0.001073,0.000964,0,0,0,0,0,0,0,0,0,0,0,0
0.001891,0.000985,0.001094,0,0,0,0,0,0,0,0,0,0,0,0
0.001512,0.000982,0.001085,0,0,0,0,0,0,0,0,0,0,0,0
0.001257,0.001048,0.001171,0,0,0,0,0,0,0,0,0,0,0,0
0.001163,0.000985,0.001154,0,0,0,0,0,0,0,0,0,0,0,0
0.001207,0.001009,0.001149,0,0,0,0,0,0,0,0,0,0,0,0
0.001088,0.00102,0.00145,0,0,0,0,0,0,0,0,0,0,0,0
0.001065,0.001023,0.001179,0,0,0,0,0,0,0,0,0,0,0,0
0.001161,0.001105,0.001174,0,0,0,0,0,0,0,0,0,0,0,0
0.001072,0.001034,0.001108,0,0,0,0,0,0,0,0,0,0,0,0
0.001077,0.001032,0.001237,0,0,0,0,0,0,0,0,0,0,0,0
0.001548,0.001167,0.001214,0,0,0,0,0,0,0,0,0,0,0,0
0.0013,0.000964,0.001006,0,0,0,0,0,0,0,0,0,0,0,0
0.001047,0.000978,0.00102,0,0,0,0,0,0,0,0,0,0,0,0
0.000973,0.001036,0.001072,0,0,0,0,0,0,0,0,0,0,0,0
0.000945,0.000962,0.001003,0,0,0,0,0,0,0,0,0,0,0,0
0.001061,0.000996,0.000977,0,0,0,0,0,0,0,0,0,0,0,0
0.001014,0.001009,0.001409,0,0,0,0,0,0,0,0,0,0,0,0
0.000966,0.000948,0.001007,0,0,0,0,0,0,0,0,0,0,0,0
0.000998,0.000949,0.001056,0,0,0,0,0,0,0,0,0,0,0,0
0.000946,0.001024,0.000997,0,0,0,0,0,0,0,0,0,0,0,0
0.000947,0.000996,0.000983,0,0,0,0,0,0,0,0,0,0,0,0
0.000985,0.000998,0.001276,0,0,0,0,0,0,0,0,0,0,0,0
0.000961,0.001003,0.000932,0,0,0,0,0,0,0,0,0,0,0,0
0.000979,0.000993,0.000941,0,0,0,0,0,0,0,0,0,0,0,0
0.000979,0.000954,0.000957,0,0,0,0,0,0,0,0,0,0,0,0
0.000986,0.001041,0.001034,0,0,0,0,0,0,0,0,0,0,0,0
0.000942,0.001001,0.000956,0,0,0,0,0,0,0,0,0,0,0,0
0.000966,0.001104,0.001213,0,0,0,0,0,0,0,0,0,0,0,0
0.000945,0.000989,0.001027,0,0,0,0,0,0,0,0,0,0,0,0
0.000991,0.000995,0.001064,0,0,0,0,0,0,0,0,0,0,0,0
0.000956,0.001076,0.001051,0,0,0,0,0,0,0,0,0,0,0,0
0.001011,0.000982,0.001027,0,0,0,0,0,0,0,0,0,0,0,0
0.001175,0.000954,0.001204,0,0,0,0,0,0,0,0,0,0,0,0
0.001016,0.001024,0.000981,0,0,0,0,0,0,0,0,0,0,0,0
0.001028,0.000981,0.000988,0,0,0,0,0,0,0,0,0,0,0,0
0.001081,0.000965,0.000972,0,0,0,0,0,0,0,0,0,0,0,0
0.001014,0.001045,0.001006,0,0,0,0,0,0,0,0,0,0,0,0
0.001002,0.000961,0.000991,0,0,0,0,0,0,0,0,0,0,0,0
0.001163,0.001024,0.001026,0,0,0,0,0,0,0,0,0,0,0,0
0.000993,0.001053,0.001222,0,0,0,0,0,0,0,0,0,0,0,0
0.0013,0.001055,0.001165,0,0,0,0,0,0,0,0,0,0,0,0
0.001347,0.001225,0.00104,0,0,0,0,0,0,0,0,0,0,0,0
0.001348,0.001022,0.001044,0,0,0,0,0,0,0,0,0,0,0,0
0.001092,0.001028,0.001057,0,0,0,0,0,0,0,0,0,0,0,0
0.000963,0.001055,0.001189,0,0,0,0,0,0,0,0,0,0,0,0
0.001011,0.001013,0.001072,0,0,0,0,0,0,0,0,0,0,0,0
0.000964,0.001011,0.001011,0,0,0,0,0,0,0,0,0,0,0,0
0.000948,0.001121,0.001069,0,0,0,0,0,0,0,0,0,0,0,0
0.001002,0.001039,0.001068,0,0,0,0,0,0,0,0,0,0,0,0
0.001016,0.000989,0.001078,0,0,0,0,0,0,0,0,0,0,0,0
0.00101,0.00097,0.001377,0,0,0,0,0,0,0,0,0,0,0,0
0.001244,0.001058,0.001007,0,0,0,0,0,0,0,0,0,0,0,0
0.001485,0.001085,0.00102,0,0,0,0,0,0,0,0,0,0,0,0
0.001159,0.000978,0.001311,0,0,0,0,0,0,0,0,0,0,0,0
0.000989,0.000973,0.001418,0,0,0,0,0,0,0,0,0,0,0,0
0.000999,0.001032,0.001424,0,0,0,0,0,0,0,0,0,0,0,0
0.001187,0.00097,0.002015,0,0,0,0,0,0,0,0,0,0,0,0
0.001173,0.000945,0.001492,0,0,0,0,0,0,0,0,0,0,0,0
0.001043,0.00099,0.001622,0,0,0,0,0,0,0,0,0,0,0,0
0.00098,0.000989,0.001287,0,0,0,0,0,0,0,0,0,0,0,0
0.000992,0.001077,0.001209,0,0,0,0,0,0,0,0,0,0,0,0
0.001052,0.001043,0.001158,0,0,0,0,0,0,0,0,0,0,0,0
0.000982,0.000955,0.001158,0,0,0,0,0,0,0,0,0,0,0,0
0.001005,0.000987,0.00109,0,0,0,0,0,0,0,0,0,0,0,0
0.001156,0.00103,0.001176,0,0,0,0,0,0,0,0,0,0,0,0
0.000975,0.000992,0.001074,0,0,0,0,0,0,0,0,0,0,0,0
0.000932,0.000966,0.001188,0,0,0,0,0,0,0,0,0,0,0,0
0.000993,0.001,0.00108,0,0,0,0,0,0,0,0,0,0,0,0
0.00094,0.000986,0.001044,0,0,0,0,0,0,0,0,0,0,0,0
0.000918,0.000921,0.001175,0,0,0,0,0,0,0,0,0,0,0,0
0.000998,0.000947,0.001069,0,0,0,0,0,0,0,0,0,0,0,0
0.000954,0.000941,0.002037,0,0,0,0,0,0,0,0,0,0,0,0
0.000981,0.000939,0.000985,0,0,0,0,0,0,0,0,0,0,0,0
0.001026,0.001033,0.001043,0,0,0,0,0,0,0,0,0,0,0,0
0.001092,0.001024,0.001172,0,0,0,0,0,0,0,0,0,0,0,0
0.001087,0.001065,0.001002,0,0,0,0,0,0,0,0,0,0,0,0
0.000991,0.000996,0.001017,0,0,0,0,0,0,0,0,0,0,0,0
0.000999,0.000994,0.001075,0,0,0,0,0,0,0,0,0,0,0,0
0.001058,0.001053,0.000955,0,0,0,0,0,0,0,0,0,0,0,0
0.00099,0.00101,0.001611,0,0,0,0,0,0,0,0,0,0,0,0
0.000966,0.001072,0.001048,0,0,0,0,0,0,0,0,0,0,0,0
0.001023,0.001264,0.001237,0,0,0,0,0,0,0,0,0,0,0,0
0.001232,0.000998,0.000988,0,0,0,0,0,0,0,0,0,0,0,0
0.001347,0.00107,0.001039,0,0,0,0,0,0,0,0,0,0,0,0
0.001281,0.001078,0.001059,0,0,0,0,0,0,0,0,0,0,0,0
0.001578,0.001013,0.001016,0,0,0,0,0,0,0,0,0,0,0,0
0.001039,0.00115,0.001067,0,0,0,0,0,0,0,0,0,0,0,0
0.001003,0.001008,0.001024,0,0,0,0,0,0,0,0,0,0,0,0
0.00109,0.00101,0.001002,0,0,0,0,0,0,0,0,0,0,0,0
0.001039,0.001149,0.001101,0,0,0,0,0,0,0,0,0,0,0,0
0.001184,0.00106,0.001157,0,0,0,0,0,0,0,0,0,0,0,0
0.001175,0.001012,0.000994,0,0,0,0,0,0,0,0,0,0,0,0
0.00102,0.001028,0.001025,0,0,0,0,0,0,0,0,0,0,0,0
0.001435,0.001046,0.001388,0,0,0,0,0,0,0,0,0,0,0,0
0.001295,0.001106,0.00122,0,0,0,0,0,0,0,0,0,0,0,0
0.000996,0.001019,0.001684,0,0,0,0,0,0,0,0,0,0,0,0
0.001023,0.000995,0.001452,0,0,0,0,0,0,0,0,0,0,0,0
0.000966,0.000992,0.001511,0,0,0,0,0,0,0,0,0,0,0,0
0.001081,0.001017,0.001099,0,0,0,0,0,0,0,0,0,0,0,0
0.001049,0.000975,0.001072,0,0,0,0,0,0,0,0,0,0,0,0
0.000964,0.001004,0.000972,0,0,0,0,0,0,0,0,0,0,0,0
0.001422,0.000956,0.000969,0,0,0,0,0,0,0,0,0,0,0,0
0.000959,0.000931,0.001072,0,0,0,0,0,0,0,0,0,0,0,0
NaN,NaN,NaN,0,0,0,0,0,0,0,0,0,0,0,0
NaN,NaN,NaN,0,0,0,0,0,0,0,0,0,0,0,0
NaN,NaN,NaN,0,0,0,0,0,0,0,0,0,0,0,0
NaN,NaN,NaN,0,0,0,0,0,0,0,0,0,0,0,0
0.000237,0.000212,0.000212,0,0,0,0,0,0,0,0,0,0,0,0
0.24013,0.208,0.28076,0,0,0,0,0,0,0,0,0,0,0,0
0.001616,0.001221,0.001349,0,0,0,0,0,0,0,0,0,0,0,0
0.001546,0.001154,0.001672,0,0,0,0,0,0,0,0,0,0,0,0
0.001578,0.001082,0.002978,0,0,0,0,0,0,0,0,0,0,0,0
0.001315,0.001238,0.002367,0,0,0,0,0,0,0,0,0,0,0,0
0.001709,0.000937,0.001661,0,0,0,0,0,0,0,0,0,0,0,0
NaN,NaN,NaN,0,0,0,0,0,0,0,0,0,0,0,0
NaN,NaN,NaN,0,0,0,0,0,0,0,0,0,0,0,0
NaN,NaN,NaN,0,0,0,0,0,0,0,0,0,0,0,0
NaN,NaN,NaN,0,0,0,0,0,0,0,0,0,0,0,0
0.000175,0.000153,0.000207,0,0,0,0,0,0,0,0,0,0,0,0
0.19802,0.22187,0.24397,0,0,0,0,0,0,0,0,0,0,0,0
0.001287,0.001319,0.001338,0,0,0,0,0,0,0,0,0,0,0,0
0.001173,0.001059,0.001165,0,0,0,0,0,0,0,0,0,0,0,0
0.001275,0.001236,0.001259,0,0,0,0,0,0,0,0,0,0,0,0
0.001283,0.001109,0.001284,0,0,0,0,0,0,0,0,0,0,0,0
0.001157,0.001154,0.001392,0,0,0,0,0,0,0,0,0,0,0,0
0.001253,0.001227,0.001276,0,0,0,0,0,0,0,0,0,0,0,0
0.001157,0.001075,0.001387,0,0,0,0,0,0,0,0,0,0,0,0
NaN,NaN,NaN,0,0,0,0,0,0,0,0,0,0,0,0
NaN,NaN,NaN,0,0,0,0,0,0,0,0,0,0,0,0
NaN,NaN,NaN,0,0,0,0,0,0,0,0,0,0,0,0
NaN,NaN,NaN,0,0,0,0,0,0,0,0,0,0,0,0
0.000152,0.000137,0.000146,0,0,0,0,0,0,0,0,0,0,0,0
0.22522,0.19807,0.21826,0,0,0,0,0,0,0,0,0,0,0,0
0.000954,0.00103,0.001108,0,0,0,0,0,0,0,0,0,0,0,0
0.000992,0.000913,0.000996,0,0,0,0,0,0,0,0,0,0,0,0
0.000904,0.000868,0.000957,0,0,0,0,0,0,0,0,0,0,0,0
NaN,NaN,NaN,0,0,0,0,0,0,0,0,0,0,0,0
NaN,NaN,NaN,0,0,0,0,0,0,0,0,0,0,0,0
NaN,NaN,NaN,0,0,0,0,0,0,0,0,0,0,0,0
NaN,NaN,NaN,0,0,0,0,0,0,0,0,0,0,0,0
0.00015,0.000171,0.000177,0,0,0,0,0,0,0,0,0,0,0,0
0.20228,0.22269,0.21122,0,0,0,0,0,0,0,0,0,0,0,0
0.000972,0.000927,0.001061,0,0,0,0,0,0,0,0,0,0,0,0
0.000914,0.000907,0.000894,0,0,0,0,0,0,0,0,0,0,0,0
NaN,NaN,NaN,0,0,0,0,0,0,0,0,0,0,0,0
NaN,NaN,NaN,0,0,0,0,0,0,0,0,0,0,0,0
NaN,NaN,NaN,0,0,0,0,0,0,0,0,0,0,0,0
NaN,NaN,NaN,0,0,0,0,0,0,0,0,0,0,0,0
0.000225,0.000175,0.000154,0,0,0,0,0,0,0,0,0,0,0,0
0.20714,0.21098,0.21728,0,0,0,0,0,0,0,0,0,0,0,0
0.000956,0.000958,0.001121,0,0,0,0,0,0,0,0,0,0,0,0
0.001027,0.00095,0.001155,0,0,0,0,0,0,0,0,0,0,0,0
0.000884,0.00086,0.000979,0,0,0,0,0,0,0,0,0,0,0,0
0.000946,0.000935,0.001205,0,0,0,0,0,0,0,0,0,0,0,0
0.000936,0.000929,0.000974,0,0,0,0,0,0,0,0,0,0,0,0
0.000862,0.000847,0.001306,0,0,0,0,0,0,0,0,0,0,0,0
0.000854,0.000923,0.001004,0,0,0,0,0,0,0,0,0,0,0,0
0.000939,0.000875,0.000935,0,0,0,0,0,0,0,0,0,0,0,0
0.000716,0.000713,0.00103,0,0,0,0,0,0,0,0,0,0,0,0
0.000927,0.000916,0.001172,0,0,0,0,0,0,0,0,0,0,0,0
NaN,NaN,NaN,0,0,0,0,0,0,0,0,0,0,0,0
NaN,NaN,NaN,0,0,0,0,0,0,0,0,0,0,0,0
NaN,NaN,NaN,0,0,0,0,0,0,0,0,0,0,0,0
NaN,NaN,NaN,0,0,0,0,0,0,0,0,0,0,0,0
0.000183,0.000174,0.000217,0,0,0,0,0,0,0,0,0,0,0,0
0.20951,0.22845,0.21771,0,0,0,0,0,0,0,0,0,0,0,0
0.001017,0.000974,0.000995,0,0,0,0,0,0,0,0,0,0,0,0
0.000926,0.000897,0.000982,0,0,0,0,0,0,0,0,0,0,0,0
0.001039,0.000905,0.000969,0,0,0,0,0,0,0,0,0,0,0,0
0.000959,0.000914,0.000913,0,0,0,0,0,0,0,0,0,0,0,0
0.00095,0.000954,0.001023,0,0,0,0,0,0,0,0,0,0,0,0
0.001126,0.001029,0.000939,0,0,0,0,0,0,0,0,0,0,0,0
0.000945,0.00095,0.000948,0,0,0,0,0,0,0,0,0,0,0,0
0.000947,0.000916,0.001041,0,0,0,0,0,0,0,0,0,0,0,0
0.00098,0.000971,0.00095,0,0,0,0,0,0,0,0,0,0,0,0
0.000956,0.000937,0.000954,0,0,0,0,0,0,0,0,0,0,0,0
0.001167,0.000976,0.001113,0,0,0,0,0,0,0,0,0,0,0,0
0.001047,0.001014,0.001024,0,0,0,0,0,0,0,0,0,0,0,0
0.001101,0.000944,0.001048,0,0,0,0,0,0,0,0,0,0,0,0
0.001585,0.000993,0.001043,0,0,0,0,0,0,0,0,0,0,0,0
0.000968,0.001076,0.000984,0,0,0,0,0,0,0,0,0,0,0,0
0.001339,0.001007,0.00102,0,0,0,0,0,0,0,0,0,0,0,0
NaN,NaN,NaN,0,0,0,0,0,0,0,0,0,0,0,0
NaN,NaN,NaN,0,0,0,0,0,0,0,0,0,0,0,0
NaN,NaN,NaN,0,0,0,0,0,0,0,0,0,0,0,0
NaN,NaN,NaN,0,0,0,0,0,0,0,0,0,0,0,0
0.000158,0.000213,0.000165,0,0,0,0,0,0,0,0,0,0,0,0
0.20419,0.21327,0.20619,0,0,0,0,0,0,0,0,0,0,0,0
0.001044,0.000969,0.001008,0,0,0,0,0,0,0,0,0,0,0,0
0.000902,0.000923,0.000914,0,0,0,0,0,0,0,0,0,0,0,0
0.0009,0.000878,0.000965,0,0,0,0,0,0,0,0,0,0,0,0
0.000906,0.000932,0.00098,0,0,0,0,0,0,0,0,0,0,0,0
0.000886,0.000928,0.00103,0,0,0,0,0,0,0,0,0,0,0,0
0.000914,0.000878,0.000907,0,0,0,0,0,0,0,0,0,0,0,0
0.000956,0.000927,0.000912,0,0,0,0,0,0,0,0,0,0,0,0
0.000961,0.000998,0.000907,0,0,0,0,0,0,0,0,0,0,0,0
0.001021,0.00097,0.001051,0,0,0,0,0,0,0,0,0,0,0,0
0.00097,0.00101,0.000945,0,0,0,0,0,0,0,0,0,0,0,0
0.001018,0.001003,0.000962,0,0,0,0,0,0,0,0,0,0,0,0
0.000993,0.00096,0.001092,0,0,0,0,0,0,0,0,0,0,0,0
0.000975,0.001008,0.001071,0,0,0,0,0,0,0,0,0,0,0,0
0.00095,0.000974,0.001011,0,0,0,0,0,0,0,0,0,0,0,0
NaN,NaN,NaN,0,0,0,0,0,0,0,0,0,0,0,0
NaN,NaN,NaN,0,0,0,0,0,0,0,0,0,0,0,0
NaN,NaN,NaN,0,0,0,0,0,0,0,0,0,0,0,0
NaN,NaN,NaN,0,0,0,0,0,0,0,0,0,0,0,0
0.00019,0.000166,0.000169,0,0,0,0,0,0,0,0,0,0,0,0
0.2105,0.21125,0.23257,0,0,0,0,0,0,0,0,0,0,0,0
0.001007,0.000965,0.001188,0,0,0,0,0,0,0,0,0,0,0,0
0.000961,0.000922,0.001156,0,0,0,0,0,0,0,0,0,0,0,0
0.000928,0.001002,0.000963,0,0,0,0,0,0,0,0,0,0,0,0
0.000931,0.000969,0.000918,0,0,0,0,0,0,0,0,0,0,0,0
0.000988,0.001005,0.000959,0,0,0,0,0,0,0,0,0,0,0,0
0.000946,0.000974,0.000915,0,0,0,0,0,0,0,0,0,0,0,0
0.001015,0.000921,0.000943,0,0,0,0,0,0,0,0,0,0,0,0
0.000968,0.001049,0.000961,0,0,0,0,0,0,0,0,0,0,0,0
0.00096,0.000979,0.000949,0,0,0,0,0,0,0,0,0,0,0,0
0.00095,0.00096,0.000967,0,0,0,0,0,0,0,0,0,0,0,0
0.000956,0.001039,0.001003,0,0,0,0,0,0,0,0,0,0,0,0
0.000954,0.000997,0.000992,0,0,0,0,0,0,0,0,0,0,0,0
0.000953,0.000975,0.001031,0,0,0,0,0,0,0,0,0,0,0,0
0.000974,0.001041,0.000972,0,0,0,0,0,0,0,0,0,0,0,0
0.00099,0.001023,0.000965,0,0,0,0,0,0,0,0,0,0,0,0
0.001042,0.000985,0.001217,0,0,0,0,0,0,0,0,0,0,0,0
0.000994,0.001042,0.001148,0,0,0,0,0,0,0,0,0,0,0,0
0.001154,0.00099,0.001159,0,0,0,0,0,0,0,0,0,0,0,0
0.001027,0.001022,0.001031,0,0,0,0,0,0,0,0,0,0,0,0
0.000998,0.00099,0.001009,0,0,0,0,0,0,0,0,0,0,0,0
0.000998,0.000972,0.001016,0,0,0,0,0,0,0,0,0,0,0,0
0.001024,0.001011,0.000993,0,0,0,0,0,0,0,0,0,0,0,0
0.000979,0.000991,0.001049,0,0,0,0,0,0,0,0,0,0,0,0
0.00099,0.000988,0.000993,0,0,0,0,0,0,0,0,0,0,0,0
0.001011,0.001032,0.000991,0,0,0,0,0,0,0,0,0,0,0,0
0.000989,0.00096,0.000991,0,0,0,0,0,0,0,0,0,0,0,0
0.000995,0.00097,0.000969,0,0,0,0,0,0,0,0,0,0,0,0
0.000967,0.000983,0.001145,0,0,0,0,0,0,0,0,0,0,0,0
0.000945,0.000977,0.001232,0,0,0,0,0,0,0,0,0,0,0,0
0.00102,0.000961,0.000986,0,0,0,0,0,0,0,0,0,0,0,0
0.000971,0.000984,0.000968,0,0,0,0,0,0,0,0,0,0,0,0
0.00095,0.000943,0.000989,0,0,0,0,0,0,0,0,0,0,0,0
0.000982,0.000978,0.00095,0,0,0,0,0,0,0,0,0,0,0,0
0.000968,0.000932,0.001174,0,0,0,0,0,0,0,0,0,0,0,0
0.001002,0.000993,0.000944,0,0,0,0,0,0,0,0,0,0,0,0
0.001005,0.000909,0.000928,0,0,0,0,0,0,0,0,0,0,0,0
0.000955,0.000901,0.001003,0,0,0,0,0,0,0,0,0,0,0,0
0.000947,0.000917,0.000945,0,0,0,0,0,0,0,0,0,0,0,0
0.00112,0.001049,0.001137,0,0,0,0,0,0,0,0,0,0,0,0
0.000926,0.001021,0.00101,0,0,0,0,0,0,0,0,0,0,0,0
0.001063,0.000991,0.000955,0,0,0,0,0,0,0,0,0,0,0,0
0.000956,0.001006,0.000939,0,0,0,0,0,0,0,0,0,0,0,0
0.000937,0.000936,0.001015,0,0,0,0,0,0,0,0,0,0,0,0
0.000981,0.001285,0.000997,0,0,0,0,0,0,0,0,0,0,0,0
0.000981,0.001468,0.000963,0,0,0,0,0,0,0,0,0,0,0,0
0.00093,0.001409,0.000966,0,0,0,0,0,0,0,0,0,0,0,0
0.001531,0.001453,0.000932,0,0,0,0,0,0,0,0,0,0,0,0
0.002157,0.001404,0.000943,0,0,0,0,0,0,0,0,0,0,0,0
0.00217,0.001728,0.000928,0,0,0,0,0,0,0,0,0,0,0,0
0.002422,0.001285,0.000941,0,0,0,0,0,0,0,0,0,0,0,0
0.002181,0.001519,0.001173,0,0,0,0,0,0,0,0,0,0,0,0
0.002091,0.001593,0.001048,0,0,0,0,0,0,0,0,0,0,0,0
0.002147,0.001455,0.001025,0,0,0,0,0,0,0,0,0,0,0,0
0.001912,0.001384,0.001053,0,0,0,0,0,0,0,0,0,0,0,0
0.001961,0.001501,0.001009,0,0,0,0,0,0,0,0,0,0,0,0
0.002062,0.001535,0.000995,0,0,0,0,0,0,0,0,0,0,0,0
0.001744,0.001319,0.001061,0,0,0,0,0,0,0,0,0,0,0,0
0.001749,0.001242,0.000945,0,0,0,0,0,0,0,0,0,0,0,0
0.001659,0.001361,0.000951,0,0,0,0,0,0,0,0,0,0,0,0
0.001643,0.001158,0.001042,0,0,0,0,0,0,0,0,0,0,0,0
0.001839,0.000903,0.000944,0,0,0,0,0,0,0,0,0,0,0,0
0.001433,0.001001,0.001016,0,0,0,0,0,0,0,0,0,0,0,0
0.001514,0.000913,0.001111,0,0,0,0,0,0,0,0,0,0,0,0
0.001548,0.000891,0.001056,0,0,0,0,0,0,0,0,0,0,0,0
0.001984,0.000941,0.001099,0,0,0,0,0,0,0,0,0,0,0,0
0.00159,0.000887,0.001006,0,0,0,0,0,0,0,0,0,0,0,0
0.001394,0.001002,0.000983,0,0,0,0,0,0,0,0,0,0,0,0
0.001373,0.000959,0.000995,0,0,0,0,0,0,0,0,0,0,0,0
0.001473,0.000961,0.000959,0,0,0,0,0,0,0,0,0,0,0,0
NaN,NaN,NaN,0,0,0,0,0,0,0,0,0,0,0,0
NaN,NaN,NaN,0,0,0,0,0,0,0,0,0,0,0,0
NaN,NaN,NaN,0,0,0,0,0,0,0,0,0,0,0,0
NaN,NaN,NaN,0,0,0,0,0,0,0,0,0,0,0,0
0.00017,0.0002,0.000166,0,0,0,0,0,0,0,0,0,0,0,0
0.2116,0.20998,0.2138,0,0,0,0,0,0,0,0,0,0,0,0
0.001149,0.001033,0.001117,0,0,0,0,0,0,0,0,0,0,0,0
0.000939,0.000944,0.000985,0,0,0,0,0,0,0,0,0,0,0,0
0.000933,0.000974,0.000977,0,0,0,0,0,0,0,0,0,0,0,0
0.000974,0.000968,0.001019,0,0,0,0,0,0,0,0,0,0,0,0
0.000923,0.00092,0.000969,0,0,0,0,0,0,0,0,0,0,0,0
0.001002,0.000968,0.000985,0,0,0,0,0,0,0,0,0,0,0,0
0.000972,0.001012,0.001031,0,0,0,0,0,0,0,0,0,0,0,0
0.000803,0.000801,0.000866,0,0,0,0,0,0,0,0,0,0,0,0
0.001154,0.001081,0.001032,0,0,0,0,0,0,0,0,0,0,0,0
0.000965,0.001082,0.001123,0,0,0,0,0,0,0,0,0,0,0,0
0.001106,0.001057,0.001237,0,0,0,0,0,0,0,0,0,0,0,0
0.001102,0.001064,0.001265,0,0,0,0,0,0,0,0,0,0,0,0
0.001133,0.001056,0.001244,0,0,0,0,0,0,0,0,0,0,0,0
0.001234,0.001543,0.001266,0,0,0,0,0,0,0,0,0,0,0,0
0.001148,0.001628,0.00124,0,0,0,0,0,0,0,0,0,0,0,0
0.001226,0.001576,0.001253,0,0,0,0,0,0,0,0,0,0,0,0
0.001056,0.001498,0.001155,0,0,0,0,0,0,0,0,0,0,0,0
0.001039,0.001622,0.001153,0,0,0,0,0,0,0,0,0,0,0,0
0.001105,0.001655,0.001212,0,0,0,0,0,0,0,0,0,0,0,0
0.001034,0.001086,0.001363,0,0,0,0,0,0,0,0,0,0,0,0
0.001139,0.001597,0.001156,0,0,0,0,0,0,0,0,0,0,0,0
0.001057,0.001517,0.001131,0,0,0,0,0,0,0,0,0,0,0,0
0.001124,0.001441,0.001216,0,0,0,0,0,0,0,0,0,0,0,0
0.001342,0.00146,0.001246,0,0,0,0,0,0,0,0,0,0,0,0
0.001849,0.001438,0.001292,0,0,0,0,0,0,0,0,0,0,0,0
0.001453,0.00189,0.001227,0,0,0,0,0,0,0,0,0,0,0,0
0.001052,0.00148,0.001385,0,0,0,0,0,0,0,0,0,0,0,0
0.001099,0.00125,0.001336,0,0,0,0,0,0,0,0,0,0,0,0
0.001047,0.001341,0.001424,0,0,0,0,0,0,0,0,0,0,0,0
0.000965,0.00097,0.001239,0,0,0,0,0,0,0,0,0,0,0,0
0.000994,0.000999,0.001344,0,0,0,0,0,0,0,0,0,0,0,0
0.001012,0.001022,0.001234,0,0,0,0,0,0,0,0,0,0,0,0
0.001145,0.000987,0.001205,0,0,0,0,0,0,0,0,0,0,0,0
0.001018,0.001039,0.001127,0,0,0,0,0,0,0,0,0,0,0,0
0.001494,0.001024,0.001117,0,0,0,0,0,0,0,0,0,0,0,0
0.001024,0.001012,0.001208,0,0,0,0,0,0,0,0,0,0,0,0
0.001039,0.001341,0.001164,0,0,0,0,0,0,0,0,0,0,0,0
0.000962,0.001282,0.001361,0,0,0,0,0,0,0,0,0,0,0,0
0.000946,0.001317,0.001256,0,0,0,0,0,0,0,0,0,0,0,0
0.000987,0.001391,0.001352,0,0,0,0,0,0,0,0,0,0,0,0
0.001027,0.001006,0.00129,0,0,0,0,0,0,0,0,0,0,0,0
0.000993,0.001053,0.001292,0,0,0,0,0,0,0,0,0,0,0,0
0.001023,0.001016,0.001288,0,0,0,0,0,0,0,0,0,0,0,0
0.001054,0.001009,0.001294,0,0,0,0,0,0,0,0,0,0,0,0
0.001007,0.001024,0.001253,0,0,0,0,0,0,0,0,0,0,0,0
0.001008,0.001013,0.001244,0,0,0,0,0,0,0,0,0,0,0,0
0.001221,0.00115,0.001397,0,0,0,0,0,0,0,0,0,0,0,0
0.001005,0.001001,0.001246,0,0,0,0,0,0,0,0,0,0,0,0
