1.2356
0.15997
0.08674
0.07199
0.098298
NaN
0.080106
NaN
0.050451
0.049223
0.048211
0.024894
0.022889
0.021734
0.021902
0.029537
0.048794
0.024219
0.025062
0.024127
0.020724
0.022515
0.04509
0.031888
0.021317
0.022369
0.022526
0.022597
0.05346
0.023595
0.024168
0.037177
0.030858
0.024526
0.050977
0.037301
0.029584
0.029659
0.021084
0.032539
0.054461
0.025525
0.029365
0.034426
0.033089
0.023953
0.073423
NaN
0.024315
0.023934
0.025326
0.029251
0.023864
0.054555
0.023717
0.02405
0.023172
0.024206
0.023459
0.057191
0.030244
0.02166
0.023142
0.022863
0.021951
0.046968
0.022027
0.023013
0.022585
0.023513
0.021033
0.052402
0.026356
0.023842
0.021289
0.021009
0.021676
0.055178
0.023234
0.021147
0.022359
0.021418
0.0334
0.047311
0.025517
0.026864
0.02414
0.03304
0.02489
0.047779
0.023608
0.022203
0.020858
0.022133
0.021543
0.046278
0.020487
0.021561
0.02203
0.021533
0.023238
0.046021
0.021436
0.023083
0.022823
0.023495
0.023472
0.047312
0.023156
0.026178
0.022065
0.02182
0.02186
0.047828
0.021882
0.022866
0.022037
0.021591
0.022375
0.047416
0.021556
0.032405
0.024559
0.022999
0.023253
0.047633
0.027802
0.023787
0.024078
0.023571
0.023086
0.046696
0.022351
0.021407
0.022432
0.033877
0.022202
0.046863
0.022175
0.029045
0.035966
0.022549
0.022902
0.049109
0.023374
0.026042
0.022178
0.022257
0.022475
0.044623
0.021181
0.022197
0.025345
0.022317
0.025396
0.054474
0.028512
0.027946
0.022495
0.024049
0.025465
0.053775
0.032321
0.023867
0.024521
0.030528
0.022953
0.055218
0.023886
0.023893
0.024258
0.022666
0.024146
0.053258
0.023019
0.024367
0.023303
0.043211
0.022624
0.045253
0.022657
0.035531
0.024822
0.023585
0.024083
0.05211
0.023363
0.023988
0.024265
0.024051
0.024791
0.052811
0.023695
0.024331
0.024642
0.025143
0.022429
0.047913
0.025409
0.024342
0.023495
0.028833
0.023592
0.055433
NaN
0.024094
0.026933
0.022802
0.02096
0.030804
0.049532
0.036831
0.021673
0.021792
0.028346
0.022236
0.046845
0.021685
0.028633
0.021388
0.026132
0.022767
0.04875
0.023469
0.021579
0.028894
0.020178
0.021503
0.042603
0.020166
0.020697
0.021907
0.021222
0.022121
0.048945
0.021711
0.023249
0.023009
0.020972
0.022493
0.045367
0.022004
0.022136
0.021117
0.020521
0.022093
0.046265
0.022661
0.023808
0.031275
0.032935
0.021092
0.04566
0.020836
0.021933
0.024657
0.032969
0.024107
0.047439
0.022478
0.03215
0.024246
0.03105
0.024608
0.056211
0.022911
0.023989
0.02441
0.022377
0.023698
0.060123
0.023738
0.021164
0.022271
0.029355
0.023689
0.047782
0.025583
0.023065
0.025306
0.031801
0.023912
0.052962
0.022472
0.023349
0.025879
0.022988
0.022955
0.063122
0.02327
0.024023
0.035638
0.022815
0.021493
0.044187
0.021558
0.021013
0.020278
0.028265
0.021274
0.043558
0.02045
0.021145
0.020963
0.021145
0.023104
0.043271
0.021188
0.02121
0.022425
0.021646
0.021814
0.043342
0.028591
0.021254
0.022113
0.023982
0.027421
0.046165
0.022234
0.021747
0.02235
0.021365
0.021768
0.045681
0.021944
0.021595
0.033914
0.0216
0.023297
0.046505
0.023515
0.022609
0.021747
0.022243
0.020888
0.044793
0.021015
0.024974
0.030867
0.022064
0.022064
0.043233
0.032291
0.022198
0.025613
0.021944
0.022772
0.045687
0.033584
0.022044
0.023214
0.022945
0.020884
0.046137
0.020227
0.022145
0.023331
0.023467
0.036326
0.052508
0.023718
0.023911
0.024372
0.02387
