0.000157,0.000133,0.000133,0,0,0,0,0,0,0,0,0,0,0,0
0.3006,0.30679,0.22213,0,0,0,0,0,0,0,0,0,0,0,0
0.008452,0.009193,0.008416,0,0,0,0,0,0,0,0,0,0,0,0
NaN,NaN,NaN,0,0,0,0,0,0,0,0,0,0,0,0
NaN,NaN,NaN,0,0,0,0,0,0,0,0,0,0,0,0
NaN,NaN,NaN,0,0,0,0,0,0,0,0,0,0,0,0
NaN,NaN,NaN,0,0,0,0,0,0,0,0,0,0,0,0
0.000158,0.000176,0.000166,0,0,0,0,0,0,0,0,0,0,0,0
0.25018,0.26909,0.23207,0,0,0,0,0,0,0,0,0,0,0,0
0.008338,0.009998,0.008365,0,0,0,0,0,0,0,0,0,0,0,0
0.007393,0.008626,0.007386,0,0,0,0,0,0,0,0,0,0,0,0
0.007438,0.009761,0.007441,0,0,0,0,0,0,0,0,0,0,0,0
0.007442,0.008645,0.007437,0,0,0,0,0,0,0,0,0,0,0,0
0.007368,0.008997,0.007481,0,0,0,0,0,0,0,0,0,0,0,0
0.007457,0.008404,0.007433,0,0,0,0,0,0,0,0,0,0,0,0
0.007464,0.008637,0.007482,0,0,0,0,0,0,0,0,0,0,0,0
0.007512,0.00859,0.007415,0,0,0,0,0,0,0,0,0,0,0,0
0.007484,0.008424,0.007336,0,0,0,0,0,0,0,0,0,0,0,0
0.007511,0.008432,0.007641,0,0,0,0,0,0,0,0,0,0,0,0
0.007452,0.008346,0.007397,0,0,0,0,0,0,0,0,0,0,0,0
0.007404,0.016084,0.007403,0,0,0,0,0,0,0,0,0,0,0,0
0.007565,0.010547,0.007428,0,0,0,0,0,0,0,0,0,0,0,0
0.007539,0.008321,0.007652,0,0,0,0,0,0,0,0,0,0,0,0
0.007537,0.007415,0.007459,0,0,0,0,0,0,0,0,0,0,0,0
0.007553,0.00862,0.007621,0,0,0,0,0,0,0,0,0,0,0,0
0.007609,0.007776,0.007638,0,0,0,0,0,0,0,0,0,0,0,0
0.007621,0.007615,0.007496,0,0,0,0,0,0,0,0,0,0,0,0
0.007499,0.007425,0.007682,0,0,0,0,0,0,0,0,0,0,0,0
0.007505,0.008636,0.008105,0,0,0,0,0,0,0,0,0,0,0,0
0.007354,0.016153,0.007433,0,0,0,0,0,0,0,0,0,0,0,0
0.00756,0.010246,0.007462,0,0,0,0,0,0,0,0,0,0,0,0
0.00757,0.007931,0.007395,0,0,0,0,0,0,0,0,0,0,0,0
0.007554,0.008067,0.00751,0,0,0,0,0,0,0,0,0,0,0,0
0.007446,0.007697,0.007361,0,0,0,0,0,0,0,0,0,0,0,0
0.007447,0.007644,0.007419,0,0,0,0,0,0,0,0,0,0,0,0
0.007508,0.008053,0.007822,0,0,0,0,0,0,0,0,0,0,0,0
0.007597,0.007626,0.00759,0,0,0,0,0,0,0,0,0,0,0,0
0.007542,0.007542,0.007662,0,0,0,0,0,0,0,0,0,0,0,0
0.00738,0.007412,0.007437,0,0,0,0,0,0,0,0,0,0,0,0
0.007515,0.007986,0.007533,0,0,0,0,0,0,0,0,0,0,0,0
0.00757,0.007523,0.007362,0,0,0,0,0,0,0,0,0,0,0,0
0.007472,0.007744,0.007435,0,0,0,0,0,0,0,0,0,0,0,0
0.007572,0.007668,0.007489,0,0,0,0,0,0,0,0,0,0,0,0
0.008054,0.008134,0.010571,0,0,0,0,0,0,0,0,0,0,0,0
0.007758,0.00787,0.009424,0,0,0,0,0,0,0,0,0,0,0,0
0.007978,0.0081,0.008216,0,0,0,0,0,0,0,0,0,0,0,0
0.008073,0.008867,0.007944,0,0,0,0,0,0,0,0,0,0,0,0
NaN,NaN,NaN,0,0,0,0,0,0,0,0,0,0,0,0
NaN,NaN,NaN,0,0,0,0,0,0,0,0,0,0,0,0
NaN,NaN,NaN,0,0,0,0,0,0,0,0,0,0,0,0
NaN,NaN,NaN,0,0,0,0,0,0,0,0,0,0,0,0
0.000164,0.000137,0.00017,0,0,0,0,0,0,0,0,0,0,0,0
0.24654,0.22594,0.24416,0,0,0,0,0,0,0,0,0,0,0,0
0.008119,0.008288,0.008047,0,0,0,0,0,0,0,0,0,0,0,0
0.007278,0.008019,0.007235,0,0,0,0,0,0,0,0,0,0,0,0
0.007486,0.007494,0.008197,0,0,0,0,0,0,0,0,0,0,0,0
0.007527,0.007506,0.007334,0,0,0,0,0,0,0,0,0,0,0,0
0.007391,0.007447,0.007272,0,0,0,0,0,0,0,0,0,0,0,0
0.007508,0.007375,0.007181,0,0,0,0,0,0,0,0,0,0,0,0
0.007472,0.007499,0.007199,0,0,0,0,0,0,0,0,0,0,0,0
NaN,NaN,NaN,0,0,0,0,0,0,0,0,0,0,0,0
NaN,NaN,NaN,0,0,0,0,0,0,0,0,0,0,0,0
NaN,NaN,NaN,0,0,0,0,0,0,0,0,0,0,0,0
NaN,NaN,NaN,0,0,0,0,0,0,0,0,0,0,0,0
0.000176,0.000172,0.000182,0,0,0,0,0,0,0,0,0,0,0,0
0.23631,0.24663,0.23595,0,0,0,0,0,0,0,0,0,0,0,0
0.008211,0.015638,0.008205,0,0,0,0,0,0,0,0,0,0,0,0
0.008424,0.010791,0.007258,0,0,0,0,0,0,0,0,0,0,0,0
0.008206,0.008032,0.007273,0,0,0,0,0,0,0,0,0,0,0,0
0.007128,0.008094,0.007212,0,0,0,0,0,0,0,0,0,0,0,0
0.007156,0.007426,0.007235,0,0,0,0,0,0,0,0,0,0,0,0
0.007881,0.00722,0.007027,0,0,0,0,0,0,0,0,0,0,0,0
0.008273,0.00721,0.007241,0,0,0,0,0,0,0,0,0,0,0,0
0.00727,0.007536,0.007109,0,0,0,0,0,0,0,0,0,0,0,0
0.00736,0.007268,0.007179,0,0,0,0,0,0,0,0,0,0,0,0
0.008161,0.007174,0.007106,0,0,0,0,0,0,0,0,0,0,0,0
0.007611,0.007215,0.007622,0,0,0,0,0,0,0,0,0,0,0,0
0.008172,0.007084,0.007296,0,0,0,0,0,0,0,0,0,0,0,0
0.007101,0.007144,0.007424,0,0,0,0,0,0,0,0,0,0,0,0
0.007969,0.007355,0.007246,0,0,0,0,0,0,0,0,0,0,0,0
0.008253,0.007233,0.007587,0,0,0,0,0,0,0,0,0,0,0,0
0.007869,0.007294,0.007247,0,0,0,0,0,0,0,0,0,0,0,0
0.0074,0.007475,0.007712,0,0,0,0,0,0,0,0,0,0,0,0
0.007954,0.007615,0.007313,0,0,0,0,0,0,0,0,0,0,0,0
0.007232,0.007621,0.007564,0,0,0,0,0,0,0,0,0,0,0,0
0.007362,0.008609,0.007326,0,0,0,0,0,0,0,0,0,0,0,0
0.007615,0.007266,0.007581,0,0,0,0,0,0,0,0,0,0,0,0
0.007848,0.007836,0.007469,0,0,0,0,0,0,0,0,0,0,0,0
0.007202,0.007216,0.007268,0,0,0,0,0,0,0,0,0,0,0,0
0.008064,0.007445,0.007429,0,0,0,0,0,0,0,0,0,0,0,0
0.007654,0.00785,0.0077,0,0,0,0,0,0,0,0,0,0,0,0
0.007278,0.007434,0.007558,0,0,0,0,0,0,0,0,0,0,0,0
0.008728,0.007262,0.007548,0,0,0,0,0,0,0,0,0,0,0,0
0.007831,0.007952,0.007239,0,0,0,0,0,0,0,0,0,0,0,0
0.008121,0.00731,0.007186,0,0,0,0,0,0,0,0,0,0,0,0
0.009249,0.007136,0.007641,0,0,0,0,0,0,0,0,0,0,0,0
0.008678,0.007078,0.007348,0,0,0,0,0,0,0,0,0,0,0,0
0.007367,0.007235,0.007275,0,0,0,0,0,0,0,0,0,0,0,0
0.007785,0.007234,0.007661,0,0,0,0,0,0,0,0,0,0,0,0
0.009036,0.007096,0.007376,0,0,0,0,0,0,0,0,0,0,0,0
0.008878,0.006982,0.007545,0,0,0,0,0,0,0,0,0,0,0,0
0.007672,0.007001,0.007461,0,0,0,0,0,0,0,0,0,0,0,0
0.008886,0.00706,0.007608,0,0,0,0,0,0,0,0,0,0,0,0
0.007196,0.007962,0.007208,0,0,0,0,0,0,0,0,0,0,0,0
0.007632,0.01637,0.007718,0,0,0,0,0,0,0,0,0,0,0,0
0.00699,0.010887,0.007375,0,0,0,0,0,0,0,0,0,0,0,0
0.008771,0.008158,0.007419,0,0,0,0,0,0,0,0,0,0,0,0
0.014723,0.006999,0.007592,0,0,0,0,0,0,0,0,0,0,0,0
0.01143,0.00698,0.007423,0,0,0,0,0,0,0,0,0,0,0,0
0.016852,0.007159,0.007574,0,0,0,0,0,0,0,0,0,0,0,0
0.009598,0.007613,0.007415,0,0,0,0,0,0,0,0,0,0,0,0
0.008494,0.007461,0.007719,0,0,0,0,0,0,0,0,0,0,0,0
0.017062,0.007561,0.016448,0,0,0,0,0,0,0,0,0,0,0,0
0.010677,0.015768,0.010906,0,0,0,0,0,0,0,0,0,0,0,0
0.009092,0.010535,0.00855,0,0,0,0,0,0,0,0,0,0,0,0
0.00764,0.008089,0.00803,0,0,0,0,0,0,0,0,0,0,0,0
0.00732,0.007419,0.007665,0,0,0,0,0,0,0,0,0,0,0,0
0.007339,0.007411,0.007228,0,0,0,0,0,0,0,0,0,0,0,0
0.007556,0.00771,0.007145,0,0,0,0,0,0,0,0,0,0,0,0
0.007763,0.0072,0.007176,0,0,0,0,0,0,0,0,0,0,0,0
0.00701,0.007437,0.007183,0,0,0,0,0,0,0,0,0,0,0,0
0.007225,0.015729,0.007311,0,0,0,0,0,0,0,0,0,0,0,0
0.008032,0.011474,0.007172,0,0,0,0,0,0,0,0,0,0,0,0
0.007954,0.008087,0.007118,0,0,0,0,0,0,0,0,0,0,0,0
0.007398,0.007515,0.007076,0,0,0,0,0,0,0,0,0,0,0,0
0.00717,0.007104,0.007711,0,0,0,0,0,0,0,0,0,0,0,0
0.007874,0.007651,0.007309,0,0,0,0,0,0,0,0,0,0,0,0
0.007535,0.007298,0.007464,0,0,0,0,0,0,0,0,0,0,0,0
0.007142,0.007685,0.007796,0,0,0,0,0,0,0,0,0,0,0,0
0.007027,0.007285,0.015422,0,0,0,0,0,0,0,0,0,0,0,0
0.007599,0.007185,0.010257,0,0,0,0,0,0,0,0,0,0,0,0
0.007652,0.007433,0.008326,0,0,0,0,0,0,0,0,0,0,0,0
0.007224,0.00957,0.007814,0,0,0,0,0,0,0,0,0,0,0,0
0.007477,0.007761,0.007652,0,0,0,0,0,0,0,0,0,0,0,0
0.007371,0.007245,0.007807,0,0,0,0,0,0,0,0,0,0,0,0
0.007595,0.007623,0.007608,0,0,0,0,0,0,0,0,0,0,0,0
0.007519,0.007198,0.00764,0,0,0,0,0,0,0,0,0,0,0,0
0.007327,0.007127,0.007345,0,0,0,0,0,0,0,0,0,0,0,0
0.00779,0.007223,0.007553,0,0,0,0,0,0,0,0,0,0,0,0
0.007515,0.007266,0.00718,0,0,0,0,0,0,0,0,0,0,0,0
0.007631,0.007127,0.007387,0,0,0,0,0,0,0,0,0,0,0,0
0.007608,0.007221,0.00719,0,0,0,0,0,0,0,0,0,0,0,0
0.00752,0.007473,0.007083,0,0,0,0,0,0,0,0,0,0,0,0
0.007431,0.007198,0.007365,0,0,0,0,0,0,0,0,0,0,0,0
0.007413,0.007035,0.007713,0,0,0,0,0,0,0,0,0,0,0,0
0.007178,0.00732,0.007268,0,0,0,0,0,0,0,0,0,0,0,0
0.008146,0.007082,0.007555,0,0,0,0,0,0,0,0,0,0,0,0
0.008966,0.007769,0.00742,0,0,0,0,0,0,0,0,0,0,0,0
0.007335,0.015279,0.007795,0,0,0,0,0,0,0,0,0,0,0,0
0.007111,0.009975,0.01536,0,0,0,0,0,0,0,0,0,0,0,0
0.007345,0.008191,0.010056,0,0,0,0,0,0,0,0,0,0,0,0
0.007508,0.007693,0.007928,0,0,0,0,0,0,0,0,0,0,0,0
0.007462,0.007586,0.007236,0,0,0,0,0,0,0,0,0,0,0,0
0.007406,0.00773,0.007176,0,0,0,0,0,0,0,0,0,0,0,0
0.007897,0.007458,0.007208,0,0,0,0,0,0,0,0,0,0,0,0
0.008831,0.007504,0.007171,0,0,0,0,0,0,0,0,0,0,0,0
0.007712,0.007373,0.00723,0,0,0,0,0,0,0,0,0,0,0,0
0.007156,0.007629,0.00728,0,0,0,0,0,0,0,0,0,0,0,0
0.007676,0.007401,0.007243,0,0,0,0,0,0,0,0,0,0,0,0
0.008117,0.00764,0.00713,0,0,0,0,0,0,0,0,0,0,0,0
0.008328,0.007523,0.007185,0,0,0,0,0,0,0,0,0,0,0,0
0.007189,0.015305,0.007166,0,0,0,0,0,0,0,0,0,0,0,0
0.007176,0.011532,0.007316,0,0,0,0,0,0,0,0,0,0,0,0
0.007246,0.007727,0.007604,0,0,0,0,0,0,0,0,0,0,0,0
0.007334,0.007348,0.007341,0,0,0,0,0,0,0,0,0,0,0,0
0.007213,0.007274,0.007768,0,0,0,0,0,0,0,0,0,0,0,0
0.007368,0.007647,0.00724,0,0,0,0,0,0,0,0,0,0,0,0
0.007263,0.007587,0.007266,0,0,0,0,0,0,0,0,0,0,0,0
0.007454,0.008471,0.007222,0,0,0,0,0,0,0,0,0,0,0,0
0.007145,0.007459,0.007747,0,0,0,0,0,0,0,0,0,0,0,0
0.007332,0.007251,0.016484,0,0,0,0,0,0,0,0,0,0,0,0
0.007663,0.007249,0.010542,0,0,0,0,0,0,0,0,0,0,0,0
0.007384,0.007377,0.008159,0,0,0,0,0,0,0,0,0,0,0,0
0.007316,0.007158,0.007257,0,0,0,0,0,0,0,0,0,0,0,0
0.00776,0.007198,0.007773,0,0,0,0,0,0,0,0,0,0,0,0
0.015977,0.008522,0.008181,0,0,0,0,0,0,0,0,0,0,0,0
0.01074,0.007582,0.007714,0,0,0,0,0,0,0,0,0,0,0,0
0.008707,0.00751,0.007386,0,0,0,0,0,0,0,0,0,0,0,0
0.010228,0.008417,0.007806,0,0,0,0,0,0,0,0,0,0,0,0
0.007391,0.014823,0.008275,0,0,0,0,0,0,0,0,0,0,0,0
0.007545,0.009824,0.008027,0,0,0,0,0,0,0,0,0,0,0,0
0.007284,0.008146,0.007613,0,0,0,0,0,0,0,0,0,0,0,0
0.007383,0.007375,0.007351,0,0,0,0,0,0,0,0,0,0,0,0
0.007386,0.007205,0.007449,0,0,0,0,0,0,0,0,0,0,0,0
0.007448,0.007552,0.007645,0,0,0,0,0,0,0,0,0,0,0,0
0.007529,0.007208,0.007994,0,0,0,0,0,0,0,0,0,0,0,0
0.007541,0.007175,0.007385,0,0,0,0,0,0,0,0,0,0,0,0
0.015913,0.007644,0.007125,0,0,0,0,0,0,0,0,0,0,0,0
0.010954,0.007204,0.007358,0,0,0,0,0,0,0,0,0,0,0,0
0.00834,0.007092,0.007583,0,0,0,0,0,0,0,0,0,0,0,0
0.008576,0.007085,0.007331,0,0,0,0,0,0,0,0,0,0,0,0
0.007142,0.007341,0.007421,0,0,0,0,0,0,0,0,0,0,0,0
0.007281,0.007608,0.007673,0,0,0,0,0,0,0,0,0,0,0,0
0.00724,0.007413,0.0075,0,0,0,0,0,0,0,0,0,0,0,0
0.007361,0.007353,0.007478,0,0,0,0,0,0,0,0,0,0,0,0
0.007301,0.007692,0.007614,0,0,0,0,0,0,0,0,0,0,0,0
0.007215,0.007301,0.007404,0,0,0,0,0,0,0,0,0,0,0,0
0.00739,0.007855,0.007435,0,0,0,0,0,0,0,0,0,0,0,0
0.008,0.01536,0.007479,0,0,0,0,0,0,0,0,0,0,0,0
0.007117,0.016269,0.007577,0,0,0,0,0,0,0,0,0,0,0,0
0.007216,0.010727,0.007512,0,0,0,0,0,0,0,0,0,0,0,0
0.007205,0.008218,0.007546,0,0,0,0,0,0,0,0,0,0,0,0
0.007107,0.007224,0.007337,0,0,0,0,0,0,0,0,0,0,0,0
0.006967,0.008328,0.007557,0,0,0,0,0,0,0,0,0,0,0,0
0.007095,0.00721,0.00737,0,0,0,0,0,0,0,0,0,0,0,0
0.007609,0.008309,0.007623,0,0,0,0,0,0,0,0,0,0,0,0
0.007677,0.007097,0.007336,0,0,0,0,0,0,0,0,0,0,0,0
0.015814,0.007197,0.007638,0,0,0,0,0,0,0,0,0,0,0,0
0.010617,0.007212,0.007466,0,0,0,0,0,0,0,0,0,0,0,0
0.008179,0.007078,0.007916,0,0,0,0,0,0,0,0,0,0,0,0
0.008033,0.007158,0.00727,0,0,0,0,0,0,0,0,0,0,0,0
0.00719,0.007115,0.007006,0,0,0,0,0,0,0,0,0,0,0,0
0.015619,0.007394,0.007667,0,0,0,0,0,0,0,0,0,0,0,0
0.010373,0.007592,0.007476,0,0,0,0,0,0,0,0,0,0,0,0
0.008526,0.007522,0.00754,0,0,0,0,0,0,0,0,0,0,0,0
0.007178,0.007515,0.007342,0,0,0,0,0,0,0,0,0,0,0,0
0.007441,0.007426,0.008008,0,0,0,0,0,0,0,0,0,0,0,0
0.007196,0.007471,0.016076,0,0,0,0,0,0,0,0,0,0,0,0
0.007401,0.007526,0.010809,0,0,0,0,0,0,0,0,0,0,0,0
0.007265,0.007445,0.007695,0,0,0,0,0,0,0,0,0,0,0,0
NaN,NaN,NaN,0,0,0,0,0,0,0,0,0,0,0,0
NaN,NaN,NaN,0,0,0,0,0,0,0,0,0,0,0,0
NaN,NaN,NaN,0,0,0,0,0,0,0,0,0,0,0,0
NaN,NaN,NaN,0,0,0,0,0,0,0,0,0,0,0,0
0.000148,0.000147,0.000179,0,0,0,0,0,0,0,0,0,0,0,0
0.24998,0.2238,0.22737,0,0,0,0,0,0,0,0,0,0,0,0
0.008168,0.008397,0.008774,0,0,0,0,0,0,0,0,0,0,0,0
0.007073,0.007959,0.007919,0,0,0,0,0,0,0,0,0,0,0,0
0.007051,0.007043,0.007245,0,0,0,0,0,0,0,0,0,0,0,0
0.006978,0.007511,0.007047,0,0,0,0,0,0,0,0,0,0,0,0
NaN,NaN,NaN,0,0,0,0,0,0,0,0,0,0,0,0
NaN,NaN,NaN,0,0,0,0,0,0,0,0,0,0,0,0
NaN,NaN,NaN,0,0,0,0,0,0,0,0,0,0,0,0
NaN,NaN,NaN,0,0,0,0,0,0,0,0,0,0,0,0
0.000154,0.00021,0.000167,0,0,0,0,0,0,0,0,0,0,0,0
0.24259,0.25102,0.22628,0,0,0,0,0,0,0,0,0,0,0,0
0.008466,0.010224,0.008142,0,0,0,0,0,0,0,0,0,0,0,0
0.007517,0.007848,0.007528,0,0,0,0,0,0,0,0,0,0,0,0
0.007432,0.007457,0.007444,0,0,0,0,0,0,0,0,0,0,0,0
0.007451,0.007374,0.007421,0,0,0,0,0,0,0,0,0,0,0,0
0.00768,0.007361,0.007459,0,0,0,0,0,0,0,0,0,0,0,0
0.007567,0.007353,0.007429,0,0,0,0,0,0,0,0,0,0,0,0
0.007508,0.007296,0.007434,0,0,0,0,0,0,0,0,0,0,0,0
0.007398,0.007338,0.007496,0,0,0,0,0,0,0,0,0,0,0,0
0.007445,0.007377,0.007421,0,0,0,0,0,0,0,0,0,0,0,0
0.007568,0.007383,0.007509,0,0,0,0,0,0,0,0,0,0,0,0
0.007378,0.007388,0.007421,0,0,0,0,0,0,0,0,0,0,0,0
0.007448,0.007539,0.007481,0,0,0,0,0,0,0,0,0,0,0,0
0.007455,0.007536,0.007691,0,0,0,0,0,0,0,0,0,0,0,0
0.00725,0.007395,0.007523,0,0,0,0,0,0,0,0,0,0,0,0
0.007451,0.007377,0.00756,0,0,0,0,0,0,0,0,0,0,0,0
0.007227,0.007414,0.00757,0,0,0,0,0,0,0,0,0,0,0,0
0.007339,0.007507,0.007577,0,0,0,0,0,0,0,0,0,0,0,0
0.007352,0.007327,0.007537,0,0,0,0,0,0,0,0,0,0,0,0
0.007358,0.008067,0.015562,0,0,0,0,0,0,0,0,0,0,0,0
0.007558,0.009048,0.010226,0,0,0,0,0,0,0,0,0,0,0,0
0.007688,0.00748,0.008264,0,0,0,0,0,0,0,0,0,0,0,0
0.007523,0.007355,0.007512,0,0,0,0,0,0,0,0,0,0,0,0
0.007429,0.007337,0.007453,0,0,0,0,0,0,0,0,0,0,0,0
0.007525,0.007406,0.007561,0,0,0,0,0,0,0,0,0,0,0,0
0.00745,0.007563,0.007564,0,0,0,0,0,0,0,0,0,0,0,0
0.007613,0.007423,0.007453,0,0,0,0,0,0,0,0,0,0,0,0
0.007525,0.00754,0.007434,0,0,0,0,0,0,0,0,0,0,0,0
0.007338,0.007496,0.007381,0,0,0,0,0,0,0,0,0,0,0,0
0.007372,0.008893,0.007671,0,0,0,0,0,0,0,0,0,0,0,0
0.007322,0.007442,0.007528,0,0,0,0,0,0,0,0,0,0,0,0
0.007513,0.007844,0.007633,0,0,0,0,0,0,0,0,0,0,0,0
0.007811,0.007596,0.008042,0,0,0,0,0,0,0,0,0,0,0,0
0.007843,0.007852,0.007716,0,0,0,0,0,0,0,0,0,0,0,0
0.007808,0.008041,0.00786,0,0,0,0,0,0,0,0,0,0,0,0
0.008219,0.007842,0.007859,0,0,0,0,0,0,0,0,0,0,0,0
0.007846,0.007513,0.007833,0,0,0,0,0,0,0,0,0,0,0,0
0.007512,0.007614,0.007443,0,0,0,0,0,0,0,0,0,0,0,0
0.00762,0.007406,0.007449,0,0,0,0,0,0,0,0,0,0,0,0
0.00751,0.008185,0.007561,0,0,0,0,0,0,0,0,0,0,0,0
0.007537,0.007894,0.007477,0,0,0,0,0,0,0,0,0,0,0,0
NaN,NaN,NaN,0,0,0,0,0,0,0,0,0,0,0,0
NaN,NaN,NaN,0,0,0,0,0,0,0,0,0,0,0,0
NaN,NaN,NaN,0,0,0,0,0,0,0,0,0,0,0,0
NaN,NaN,NaN,0,0,0,0,0,0,0,0,0,0,0,0
0.000173,0.000177,0.00019,0,0,0,0,0,0,0,0,0,0,0,0
0.23873,0.23677,0.23067,0,0,0,0,0,0,0,0,0,0,0,0
0.00928,0.008424,0.009547,0,0,0,0,0,0,0,0,0,0,0,0
0.008714,0.007942,0.01659,0,0,0,0,0,0,0,0,0,0,0,0
0.008027,0.007536,0.010531,0,0,0,0,0,0,0,0,0,0,0,0
0.016601,0.007552,0.008271,0,0,0,0,0,0,0,0,0,0,0,0
NaN,NaN,NaN,0,0,0,0,0,0,0,0,0,0,0,0
NaN,NaN,NaN,0,0,0,0,0,0,0,0,0,0,0,0
NaN,NaN,NaN,0,0,0,0,0,0,0,0,0,0,0,0
NaN,NaN,NaN,0,0,0,0,0,0,0,0,0,0,0,0
0.000164,0.000147,0.000169,0,0,0,0,0,0,0,0,0,0,0,0
0.24212,0.22984,0.24306,0,0,0,0,0,0,0,0,0,0,0,0
0.016941,0.008424,0.008494,0,0,0,0,0,0,0,0,0,0,0,0
0.011051,0.008335,0.007414,0,0,0,0,0,0,0,0,0,0,0,0
0.008705,0.007512,0.007234,0,0,0,0,0,0,0,0,0,0,0,0
0.00778,0.007504,0.007411,0,0,0,0,0,0,0,0,0,0,0,0
0.00777,0.00764,0.007383,0,0,0,0,0,0,0,0,0,0,0,0
0.00764,0.007431,0.007453,0,0,0,0,0,0,0,0,0,0,0,0
0.008472,0.007432,0.007415,0,0,0,0,0,0,0,0,0,0,0,0
0.008575,0.007587,0.007454,0,0,0,0,0,0,0,0,0,0,0,0
0.016493,0.007875,0.007426,0,0,0,0,0,0,0,0,0,0,0,0
0.01087,0.007751,0.007319,0,0,0,0,0,0,0,0,0,0,0,0
0.008471,0.007619,0.007701,0,0,0,0,0,0,0,0,0,0,0,0
0.007621,0.007679,0.007604,0,0,0,0,0,0,0,0,0,0,0,0
0.007571,0.007763,0.0074,0,0,0,0,0,0,0,0,0,0,0,0
0.00757,0.007789,0.007472,0,0,0,0,0,0,0,0,0,0,0,0
0.007462,0.007486,0.007432,0,0,0,0,0,0,0,0,0,0,0,0
NaN,NaN,NaN,0,0,0,0,0,0,0,0,0,0,0,0
NaN,NaN,NaN,0,0,0,0,0,0,0,0,0,0,0,0
NaN,NaN,NaN,0,0,0,0,0,0,0,0,0,0,0,0
NaN,NaN,NaN,0,0,0,0,0,0,0,0,0,0,0,0
8.9e-05,0.000163,0.000183,0,0,0,0,0,0,0,0,0,0,0,0
0.22352,0.24354,0.23195,0,0,0,0,0,0,0,0,0,0,0,0
0.009317,0.008439,0.008496,0,0,0,0,0,0,0,0,0,0,0,0
0.008518,0.012195,0.008722,0,0,0,0,0,0,0,0,0,0,0,0
0.00795,0.011443,0.008082,0,0,0,0,0,0,0,0,0,0,0,0
0.007565,0.008051,0.008155,0,0,0,0,0,0,0,0,0,0,0,0
0.007589,0.007379,0.007645,0,0,0,0,0,0,0,0,0,0,0,0
0.007507,0.007249,0.007469,0,0,0,0,0,0,0,0,0,0,0,0
0.007921,0.007411,0.007552,0,0,0,0,0,0,0,0,0,0,0,0
0.008016,0.007842,0.007391,0,0,0,0,0,0,0,0,0,0,0,0
0.007298,0.015577,0.008108,0,0,0,0,0,0,0,0,0,0,0,0
0.009126,0.010671,0.007504,0,0,0,0,0,0,0,0,0,0,0,0
0.00823,0.008125,0.007534,0,0,0,0,0,0,0,0,0,0,0,0
0.008359,0.007509,0.007472,0,0,0,0,0,0,0,0,0,0,0,0
0.007439,0.007341,0.00761,0,0,0,0,0,0,0,0,0,0,0,0
0.008039,0.007481,0.007669,0,0,0,0,0,0,0,0,0,0,0,0
0.008849,0.007785,0.007668,0,0,0,0,0,0,0,0,0,0,0,0
0.009648,0.00748,0.007551,0,0,0,0,0,0,0,0,0,0,0,0
0.009904,0.007426,0.00752,0,0,0,0,0,0,0,0,0,0,0,0
0.012514,0.007416,0.007565,0,0,0,0,0,0,0,0,0,0,0,0
0.012663,0.007374,0.007543,0,0,0,0,0,0,0,0,0,0,0,0
0.008105,0.007317,0.007534,0,0,0,0,0,0,0,0,0,0,0,0
0.007971,0.007284,0.00752,0,0,0,0,0,0,0,0,0,0,0,0
0.007612,0.007372,0.007454,0,0,0,0,0,0,0,0,0,0,0,0
NaN,NaN,NaN,0,0,0,0,0,0,0,0,0,0,0,0
NaN,NaN,NaN,0,0,0,0,0,0,0,0,0,0,0,0
NaN,NaN,NaN,0,0,0,0,0,0,0,0,0,0,0,0
NaN,NaN,NaN,0,0,0,0,0,0,0,0,0,0,0,0
0.000239,0.000176,0.000155,0,0,0,0,0,0,0,0,0,0,0,0
0.23791,0.22299,0.2247,0,0,0,0,0,0,0,0,0,0,0,0
0.008487,0.008433,0.008379,0,0,0,0,0,0,0,0,0,0,0,0
0.007762,0.007492,0.007365,0,0,0,0,0,0,0,0,0,0,0,0
0.007622,0.007355,0.007338,0,0,0,0,0,0,0,0,0,0,0,0
0.007954,0.007429,0.007279,0,0,0,0,0,0,0,0,0,0,0,0
0.015747,0.007472,0.007336,0,0,0,0,0,0,0,0,0,0,0,0
0.0108,0.007483,0.007315,0,0,0,0,0,0,0,0,0,0,0,0
0.008636,0.007473,0.007368,0,0,0,0,0,0,0,0,0,0,0,0
0.008288,0.007377,0.007247,0,0,0,0,0,0,0,0,0,0,0,0
0.007532,0.007496,0.007619,0,0,0,0,0,0,0,0,0,0,0,0
0.007295,0.00749,0.007289,0,0,0,0,0,0,0,0,0,0,0,0
0.00727,0.007804,0.007203,0,0,0,0,0,0,0,0,0,0,0,0
0.007282,0.007444,0.007315,0,0,0,0,0,0,0,0,0,0,0,0
0.007349,0.007559,0.007417,0,0,0,0,0,0,0,0,0,0,0,0
0.007349,0.007557,0.007701,0,0,0,0,0,0,0,0,0,0,0,0
0.007488,0.007478,0.007434,0,0,0,0,0,0,0,0,0,0,0,0
0.007324,0.007537,0.007437,0,0,0,0,0,0,0,0,0,0,0,0
0.00742,0.007713,0.007644,0,0,0,0,0,0,0,0,0,0,0,0
0.007476,0.008993,0.007674,0,0,0,0,0,0,0,0,0,0,0,0
0.008834,0.017635,0.008661,0,0,0,0,0,0,0,0,0,0,0,0
0.007716,0.0106,0.009855,0,0,0,0,0,0,0,0,0,0,0,0
0.008445,0.008809,0.008375,0,0,0,0,0,0,0,0,0,0,0,0
0.007843,0.007441,0.00746,0,0,0,0,0,0,0,0,0,0,0,0
0.007869,0.008339,0.00741,0,0,0,0,0,0,0,0,0,0,0,0
0.007402,0.00876,0.008364,0,0,0,0,0,0,0,0,0,0,0,0
0.007815,0.007273,0.007391,0,0,0,0,0,0,0,0,0,0,0,0
0.007548,0.00753,0.007346,0,0,0,0,0,0,0,0,0,0,0,0
0.007492,0.007495,0.007365,0,0,0,0,0,0,0,0,0,0,0,0
0.007538,0.008283,0.007358,0,0,0,0,0,0,0,0,0,0,0,0
0.007574,0.0081,0.007336,0,0,0,0,0,0,0,0,0,0,0,0
0.007462,0.009451,0.007459,0,0,0,0,0,0,0,0,0,0,0,0
0.008632,0.015229,0.007461,0,0,0,0,0,0,0,0,0,0,0,0
0.0077,0.010963,0.007409,0,0,0,0,0,0,0,0,0,0,0,0
0.007407,0.007795,0.007365,0,0,0,0,0,0,0,0,0,0,0,0
0.008615,0.007562,0.007368,0,0,0,0,0,0,0,0,0,0,0,0
0.008187,0.007412,0.007309,0,0,0,0,0,0,0,0,0,0,0,0
0.00746,0.007447,0.007548,0,0,0,0,0,0,0,0,0,0,0,0
0.007441,0.007384,0.007312,0,0,0,0,0,0,0,0,0,0,0,0
0.00756,0.007522,0.007441,0,0,0,0,0,0,0,0,0,0,0,0
0.009093,0.007415,0.007332,0,0,0,0,0,0,0,0,0,0,0,0
0.015418,0.007502,0.007309,0,0,0,0,0,0,0,0,0,0,0,0
0.010617,0.007462,0.007401,0,0,0,0,0,0,0,0,0,0,0,0
0.008199,0.007493,0.007603,0,0,0,0,0,0,0,0,0,0,0,0
0.007521,0.007498,0.007531,0,0,0,0,0,0,0,0,0,0,0,0
0.007497,0.007546,0.007379,0,0,0,0,0,0,0,0,0,0,0,0
0.007459,0.007513,0.007416,0,0,0,0,0,0,0,0,0,0,0,0
0.007321,0.007582,0.007448,0,0,0,0,0,0,0,0,0,0,0,0
0.007546,0.007407,0.0074,0,0,0,0,0,0,0,0,0,0,0,0
0.007619,0.007436,0.007519,0,0,0,0,0,0,0,0,0,0,0,0
0.007427,0.007441,0.00743,0,0,0,0,0,0,0,0,0,0,0,0
0.007644,0.007475,0.008936,0,0,0,0,0,0,0,0,0,0,0,0
0.007507,0.007382,0.00758,0,0,0,0,0,0,0,0,0,0,0,0
0.007312,0.007875,0.007452,0,0,0,0,0,0,0,0,0,0,0,0
0.007447,0.008316,0.007485,0,0,0,0,0,0,0,0,0,0,0,0
0.007401,0.00743,0.007422,0,0,0,0,0,0,0,0,0,0,0,0
0.007527,0.007457,0.007328,0,0,0,0,0,0,0,0,0,0,0,0
0.007431,0.007464,0.007498,0,0,0,0,0,0,0,0,0,0,0,0
0.00751,0.007434,0.007511,0,0,0,0,0,0,0,0,0,0,0,0
0.007433,0.007505,0.00746,0,0,0,0,0,0,0,0,0,0,0,0
0.007644,0.00752,0.00735,0,0,0,0,0,0,0,0,0,0,0,0
0.00748,0.008194,0.007421,0,0,0,0,0,0,0,0,0,0,0,0
0.007284,0.007683,0.007362,0,0,0,0,0,0,0,0,0,0,0,0
0.007604,0.007979,0.007566,0,0,0,0,0,0,0,0,0,0,0,0
0.00798,0.008099,0.007876,0,0,0,0,0,0,0,0,0,0,0,0
0.008844,0.007803,0.017273,0,0,0,0,0,0,0,0,0,0,0,0
0.00843,0.007845,0.011402,0,0,0,0,0,0,0,0,0,0,0,0
0.008086,0.007695,0.008408,0,0,0,0,0,0,0,0,0,0,0,0
0.007701,0.007411,0.007311,0,0,0,0,0,0,0,0,0,0,0,0
0.007289,0.007456,0.007294,0,0,0,0,0,0,0,0,0,0,0,0
0.008051,0.007408,0.007397,0,0,0,0,0,0,0,0,0,0,0,0
0.00826,0.007426,0.007382,0,0,0,0,0,0,0,0,0,0,0,0
0.007563,0.007517,0.00741,0,0,0,0,0,0,0,0,0,0,0,0
0.007402,0.007539,0.007504,0,0,0,0,0,0,0,0,0,0,0,0
0.00919,0.007536,0.008055,0,0,0,0,0,0,0,0,0,0,0,0
0.008547,0.00751,0.007943,0,0,0,0,0,0,0,0,0,0,0,0
0.008541,0.007476,0.007461,0,0,0,0,0,0,0,0,0,0,0,0
0.00784,0.007353,0.007522,0,0,0,0,0,0,0,0,0,0,0,0
0.008472,0.007398,0.007411,0,0,0,0,0,0,0,0,0,0,0,0
0.007952,0.007418,0.007328,0,0,0,0,0,0,0,0,0,0,0,0
0.008571,0.00733,0.007369,0,0,0,0,0,0,0,0,0,0,0,0
0.007965,0.007373,0.007391,0,0,0,0,0,0,0,0,0,0,0,0
0.008254,0.007572,0.007399,0,0,0,0,0,0,0,0,0,0,0,0
0.007761,0.007553,0.007474,0,0,0,0,0,0,0,0,0,0,0,0
0.007975,0.007804,0.007385,0,0,0,0,0,0,0,0,0,0,0,0
0.00764,0.007873,0.007331,0,0,0,0,0,0,0,0,0,0,0,0
0.007364,0.007438,0.00739,0,0,0,0,0,0,0,0,0,0,0,0
0.007539,0.007631,0.007308,0,0,0,0,0,0,0,0,0,0,0,0
0.00742,0.007509,0.007533,0,0,0,0,0,0,0,0,0,0,0,0
0.00739,0.007552,0.007371,0,0,0,0,0,0,0,0,0,0,0,0
0.007701,0.007478,0.007436,0,0,0,0,0,0,0,0,0,0,0,0
0.008111,0.00747,0.007399,0,0,0,0,0,0,0,0,0,0,0,0
0.007388,0.007438,0.007318,0,0,0,0,0,0,0,0,0,0,0,0
0.007981,0.007461,0.007217,0,0,0,0,0,0,0,0,0,0,0,0
NaN,NaN,NaN,0,0,0,0,0,0,0,0,0,0,0,0
NaN,NaN,NaN,0,0,0,0,0,0,0,0,0,0,0,0
NaN,NaN,NaN,0,0,0,0,0,0,0,0,0,0,0,0
NaN,NaN,NaN,0,0,0,0,0,0,0,0,0,0,0,0
0.000149,0.000171,0.000163,0,0,0,0,0,0,0,0,0,0,0,0
0.23561,0.28514,0.23282,0,0,0,0,0,0,0,0,0,0,0,0
0.009676,0.010657,0.008446,0,0,0,0,0,0,0,0,0,0,0,0
0.009139,0.007976,0.007393,0,0,0,0,0,0,0,0,0,0,0,0
0.008174,0.008281,0.007538,0,0,0,0,0,0,0,0,0,0,0,0
0.007899,0.009016,0.008016,0,0,0,0,0,0,0,0,0,0,0,0
0.00838,0.007921,0.008554,0,0,0,0,0,0,0,0,0,0,0,0
0.008175,0.008116,0.007456,0,0,0,0,0,0,0,0,0,0,0,0
0.008865,0.007982,0.007538,0,0,0,0,0,0,0,0,0,0,0,0
0.007768,0.007939,0.007521,0,0,0,0,0,0,0,0,0,0,0,0
0.009338,0.007647,0.007447,0,0,0,0,0,0,0,0,0,0,0,0
0.007934,0.008993,0.007662,0,0,0,0,0,0,0,0,0,0,0,0
0.008216,0.008935,0.008984,0,0,0,0,0,0,0,0,0,0,0,0
0.007778,0.016963,0.007778,0,0,0,0,0,0,0,0,0,0,0,0
0.008875,0.011572,0.007819,0,0,0,0,0,0,0,0,0,0,0,0
0.00895,0.00791,0.007415,0,0,0,0,0,0,0,0,0,0,0,0
0.007701,0.008045,0.007454,0,0,0,0,0,0,0,0,0,0,0,0
0.008159,0.008725,0.008008,0,0,0,0,0,0,0,0,0,0,0,0
0.007991,0.008464,0.007687,0,0,0,0,0,0,0,0,0,0,0,0
0.007695,0.00813,0.00765,0,0,0,0,0,0,0,0,0,0,0,0
0.007599,0.008095,0.007668,0,0,0,0,0,0,0,0,0,0,0,0
0.007869,0.007982,0.008198,0,0,0,0,0,0,0,0,0,0,0,0
0.008331,0.008152,0.007803,0,0,0,0,0,0,0,0,0,0,0,0
0.007493,0.008661,0.007699,0,0,0,0,0,0,0,0,0,0,0,0
0.0072,0.016324,0.007575,0,0,0,0,0,0,0,0,0,0,0,0
0.007715,0.011097,0.007442,0,0,0,0,0,0,0,0,0,0,0,0
0.007862,0.007909,0.007643,0,0,0,0,0,0,0,0,0,0,0,0
0.00884,0.008709,0.007607,0,0,0,0,0,0,0,0,0,0,0,0
0.008268,0.009021,0.007502,0,0,0,0,0,0,0,0,0,0,0,0
0.00839,0.007552,0.007516,0,0,0,0,0,0,0,0,0,0,0,0
0.008461,0.007532,0.008413,0,0,0,0,0,0,0,0,0,0,0,0
0.008519,0.008999,0.007481,0,0,0,0,0,0,0,0,0,0,0,0
0.007966,0.008003,0.007452,0,0,0,0,0,0,0,0,0,0,0,0
0.009812,0.008229,0.007431,0,0,0,0,0,0,0,0,0,0,0,0
0.008429,0.007558,0.007451,0,0,0,0,0,0,0,0,0,0,0,0
0.007689,0.008166,0.007506,0,0,0,0,0,0,0,0,0,0,0,0
0.008895,0.007516,0.008502,0,0,0,0,0,0,0,0,0,0,0,0
0.008835,0.008023,0.007784,0,0,0,0,0,0,0,0,0,0,0,0
NaN,NaN,NaN,0,0,0,0,0,0,0,0,0,0,0,0
NaN,NaN,NaN,0,0,0,0,0,0,0,0,0,0,0,0
NaN,NaN,NaN,0,0,0,0,0,0,0,0,0,0,0,0
NaN,NaN,NaN,0,0,0,0,0,0,0,0,0,0,0,0
0.000182,0.000171,0.000193,0,0,0,0,0,0,0,0,0,0,0,0
0.23344,0.26584,0.23536,0,0,0,0,0,0,0,0,0,0,0,0
0.008377,0.009238,0.008626,0,0,0,0,0,0,0,0,0,0,0,0
0.00753,0.008097,0.007806,0,0,0,0,0,0,0,0,0,0,0,0
0.007481,0.015935,0.008895,0,0,0,0,0,0,0,0,0,0,0,0
0.007406,0.010928,0.008794,0,0,0,0,0,0,0,0,0,0,0,0
0.007908,0.007753,0.007666,0,0,0,0,0,0,0,0,0,0,0,0
0.00756,0.008397,0.007693,0,0,0,0,0,0,0,0,0,0,0,0
0.007457,0.008062,0.007713,0,0,0,0,0,0,0,0,0,0,0,0
0.00753,0.008942,0.00788,0,0,0,0,0,0,0,0,0,0,0,0
0.007493,0.009184,0.008,0,0,0,0,0,0,0,0,0,0,0,0
0.007309,0.017533,0.007866,0,0,0,0,0,0,0,0,0,0,0,0
0.007794,0.01111,0.007918,0,0,0,0,0,0,0,0,0,0,0,0
0.007368,0.010115,0.00957,0,0,0,0,0,0,0,0,0,0,0,0
0.007601,0.016354,0.009947,0,0,0,0,0,0,0,0,0,0,0,0
0.007816,0.010505,0.008752,0,0,0,0,0,0,0,0,0,0,0,0
0.007651,0.009444,0.009522,0,0,0,0,0,0,0,0,0,0,0,0
0.007645,0.017389,0.007959,0,0,0,0,0,0,0,0,0,0,0,0
0.008079,0.012265,0.007918,0,0,0,0,0,0,0,0,0,0,0,0
0.007855,0.016456,0.008374,0,0,0,0,0,0,0,0,0,0,0,0
0.007778,0.011566,0.007922,0,0,0,0,0,0,0,0,0,0,0,0
0.007187,0.009235,0.007954,0,0,0,0,0,0,0,0,0,0,0,0
0.007547,0.008175,0.008162,0,0,0,0,0,0,0,0,0,0,0,0
0.01006,0.008814,0.008657,0,0,0,0,0,0,0,0,0,0,0,0
0.007842,0.017691,0.008392,0,0,0,0,0,0,0,0,0,0,0,0
0.008621,0.011784,0.008026,0,0,0,0,0,0,0,0,0,0,0,0
0.008234,0.010961,0.008076,0,0,0,0,0,0,0,0,0,0,0,0
0.007443,0.007664,0.009722,0,0,0,0,0,0,0,0,0,0,0,0
0.007589,0.007872,0.008198,0,0,0,0,0,0,0,0,0,0,0,0
0.008197,0.010176,0.007999,0,0,0,0,0,0,0,0,0,0,0,0
0.007897,0.008959,0.009072,0,0,0,0,0,0,0,0,0,0,0,0
0.007442,0.008464,0.008495,0,0,0,0,0,0,0,0,0,0,0,0
0.007567,0.009208,0.008132,0,0,0,0,0,0,0,0,0,0,0,0
0.008282,0.010403,0.008084,0,0,0,0,0,0,0,0,0,0,0,0
0.007743,0.007906,0.008392,0,0,0,0,0,0,0,0,0,0,0,0
0.008173,0.007921,0.008391,0,0,0,0,0,0,0,0,0,0,0,0
0.008257,0.009727,0.008013,0,0,0,0,0,0,0,0,0,0,0,0
0.008571,0.007857,0.00794,0,0,0,0,0,0,0,0,0,0,0,0
0.008546,0.007787,0.008051,0,0,0,0,0,0,0,0,0,0,0,0
0.007789,0.009068,0.008073,0,0,0,0,0,0,0,0,0,0,0,0
0.008124,0.009388,0.008684,0,0,0,0,0,0,0,0,0,0,0,0
0.007758,0.007993,0.008159,0,0,0,0,0,0,0,0,0,0,0,0
0.008714,0.008045,0.008152,0,0,0,0,0,0,0,0,0,0,0,0
0.007936,0.010302,0.008615,0,0,0,0,0,0,0,0,0,0,0,0
0.008044,0.015615,0.008559,0,0,0,0,0,0,0,0,0,0,0,0
0.008132,0.011174,0.008337,0,0,0,0,0,0,0,0,0,0,0,0
NaN,NaN,NaN,0,0,0,0,0,0,0,0,0,0,0,0
NaN,NaN,NaN,0,0,0,0,0,0,0,0,0,0,0,0
NaN,NaN,NaN,0,0,0,0,0,0,0,0,0,0,0,0
NaN,NaN,NaN,0,0,0,0,0,0,0,0,0,0,0,0
0.000455,0.000183,0.000214,0,0,0,0,0,0,0,0,0,0,0,0
0.25689,0.24714,0.25262,0,0,0,0,0,0,0,0,0,0,0,0
0.008334,0.009071,0.008857,0,0,0,0,0,0,0,0,0,0,0,0
0.008095,0.007826,0.007524,0,0,0,0,0,0,0,0,0,0,0,0
0.007223,0.007714,0.008417,0,0,0,0,0,0,0,0,0,0,0,0
0.007194,0.008193,0.008275,0,0,0,0,0,0,0,0,0,0,0,0
0.007982,0.008204,0.007619,0,0,0,0,0,0,0,0,0,0,0,0
0.008207,0.008472,0.008075,0,0,0,0,0,0,0,0,0,0,0,0
0.007349,0.008029,0.008381,0,0,0,0,0,0,0,0,0,0,0,0
0.007593,0.008509,0.009172,0,0,0,0,0,0,0,0,0,0,0,0
0.007497,0.008137,0.007754,0,0,0,0,0,0,0,0,0,0,0,0
0.007631,0.007597,0.007553,0,0,0,0,0,0,0,0,0,0,0,0
0.007853,0.007458,0.008455,0,0,0,0,0,0,0,0,0,0,0,0
0.008104,0.008391,0.007674,0,0,0,0,0,0,0,0,0,0,0,0
0.007402,0.007834,0.00751,0,0,0,0,0,0,0,0,0,0,0,0
0.008235,0.007293,0.007587,0,0,0,0,0,0,0,0,0,0,0,0
0.007287,0.007685,0.007961,0,0,0,0,0,0,0,0,0,0,0,0
0.014508,0.010954,0.007606,0,0,0,0,0,0,0,0,0,0,0,0
0.010289,0.007,0.007567,0,0,0,0,0,0,0,0,0,0,0,0
0.008292,0.007335,0.007839,0,0,0,0,0,0,0,0,0,0,0,0
0.008107,0.008531,0.008486,0,0,0,0,0,0,0,0,0,0,0,0
0.008032,0.008166,0.007427,0,0,0,0,0,0,0,0,0,0,0,0
0.007404,0.007799,0.007674,0,0,0,0,0,0,0,0,0,0,0,0
0.007076,0.007494,0.007735,0,0,0,0,0,0,0,0,0,0,0,0
0.006999,0.008728,0.008469,0,0,0,0,0,0,0,0,0,0,0,0
0.007221,0.007448,0.007517,0,0,0,0,0,0,0,0,0,0,0,0
0.00755,0.007164,0.007478,0,0,0,0,0,0,0,0,0,0,0,0
0.007189,0.007747,0.007821,0,0,0,0,0,0,0,0,0,0,0,0
0.007141,0.01546,0.008814,0,0,0,0,0,0,0,0,0,0,0,0
0.00717,0.010258,0.007559,0,0,0,0,0,0,0,0,0,0,0,0
0.007945,0.008527,0.007458,0,0,0,0,0,0,0,0,0,0,0,0
0.007286,0.008811,0.007982,0,0,0,0,0,0,0,0,0,0,0,0
0.007556,0.008002,0.008013,0,0,0,0,0,0,0,0,0,0,0,0
0.008296,0.007533,0.007479,0,0,0,0,0,0,0,0,0,0,0,0
0.008568,0.012816,0.007975,0,0,0,0,0,0,0,0,0,0,0,0
0.008834,0.007705,0.008005,0,0,0,0,0,0,0,0,0,0,0,0
0.016249,0.007401,0.007941,0,0,0,0,0,0,0,0,0,0,0,0
0.011162,0.007579,0.008122,0,0,0,0,0,0,0,0,0,0,0,0
0.009345,0.008337,0.007201,0,0,0,0,0,0,0,0,0,0,0,0
0.010976,0.008078,0.007981,0,0,0,0,0,0,0,0,0,0,0,0
NaN,NaN,NaN,0,0,0,0,0,0,0,0,0,0,0,0
NaN,NaN,NaN,0,0,0,0,0,0,0,0,0,0,0,0
NaN,NaN,NaN,0,0,0,0,0,0,0,0,0,0,0,0
NaN,NaN,NaN,0,0,0,0,0,0,0,0,0,0,0,0
0.000186,0.000293,0.000136,0,0,0,0,0,0,0,0,0,0,0,0
0.24472,0.23546,0.23186,0,0,0,0,0,0,0,0,0,0,0,0
0.010127,0.008861,0.008279,0,0,0,0,0,0,0,0,0,0,0,0
0.008896,0.008184,0.00723,0,0,0,0,0,0,0,0,0,0,0,0
0.007426,0.007515,0.007209,0,0,0,0,0,0,0,0,0,0,0,0
0.017028,0.007886,0.007262,0,0,0,0,0,0,0,0,0,0,0,0
