1.2769,1.2378,1.1964,0,0,0,0,0,0,0,0,0,0,0,0
0.16603,0.1496,0.15291,0,0,0,0,0,0,0,0,0,0,0,0
0.10331,0.086968,0.084719,0,0,0,0,0,0,0,0,0,0,0,0
0.076045,0.067881,0.067515,0,0,0,0,0,0,0,0,0,0,0,0
0.093306,0.092707,0.098623,0,0,0,0,0,0,0,0,0,0,0,0
0.080329,0.083366,0.082426,0,0,0,0,0,0,0,0,0,0,0,0
0.065337,0.057289,0.056219,0,0,0,0,0,0,0,0,0,0,0,0
0.077194,0.052064,0.057846,0,0,0,0,0,0,0,0,0,0,0,0
0.05383,0.050614,0.050169,0,0,0,0,0,0,0,0,0,0,0,0
0.048034,0.028317,0.035096,0,0,0,0,0,0,0,0,0,0,0,0
0.035823,0.02985,0.02498,0,0,0,0,0,0,0,0,0,0,0,0
0.027912,0.025884,0.034535,0,0,0,0,0,0,0,0,0,0,0,0
0.027573,0.026081,0.034775,0,0,0,0,0,0,0,0,0,0,0,0
0.027163,0.038815,0.025724,0,0,0,0,0,0,0,0,0,0,0,0
0.061406,0.057804,0.05296,0,0,0,0,0,0,0,0,0,0,0,0
0.029871,0.030212,0.032664,0,0,0,0,0,0,0,0,0,0,0,0
0.065928,0.025875,0.024824,0,0,0,0,0,0,0,0,0,0,0,0
0.056582,0.031921,0.02509,0,0,0,0,0,0,0,0,0,0,0,0
0.0264,0.035672,0.02464,0,0,0,0,0,0,0,0,0,0,0,0
0.031729,0.027628,0.034224,0,0,0,0,0,0,0,0,0,0,0,0
0.056121,0.055565,0.053036,0,0,0,0,0,0,0,0,0,0,0,0
0.036584,0.028828,0.029417,0,0,0,0,0,0,0,0,0,0,0,0
0.03589,0.026591,0.027866,0,0,0,0,0,0,0,0,0,0,0,0
0.024916,0.027342,0.026337,0,0,0,0,0,0,0,0,0,0,0,0
0.027192,0.026921,0.026013,0,0,0,0,0,0,0,0,0,0,0,0
0.045593,0.027433,0.026498,0,0,0,0,0,0,0,0,0,0,0,0
0.0587,0.053429,0.056272,0,0,0,0,0,0,0,0,0,0,0,0
0.039943,0.029943,0.035336,0,0,0,0,0,0,0,0,0,0,0,0
0.026316,0.036271,0.03559,0,0,0,0,0,0,0,0,0,0,0,0
0.027075,0.036854,0.028544,0,0,0,0,0,0,0,0,0,0,0,0
0.055122,0.048203,0.035217,0,0,0,0,0,0,0,0,0,0,0,0
0.026763,0.036509,0.044277,0,0,0,0,0,0,0,0,0,0,0,0
0.058566,0.061047,0.070912,0,0,0,0,0,0,0,0,0,0,0,0
0.028514,0.028641,0.031349,0,0,0,0,0,0,0,0,0,0,0,0
0.032722,0.032722,0.032219,0,0,0,0,0,0,0,0,0,0,0,0
0.030125,0.03153,0.033646,0,0,0,0,0,0,0,0,0,0,0,0
0.053945,0.03869,0.02617,0,0,0,0,0,0,0,0,0,0,0,0
0.036143,0.035561,0.028849,0,0,0,0,0,0,0,0,0,0,0,0
0.054089,0.0547,0.050818,0,0,0,0,0,0,0,0,0,0,0,0
0.030697,0.027595,0.025685,0,0,0,0,0,0,0,0,0,0,0,0
0.030742,0.027877,0.027709,0,0,0,0,0,0,0,0,0,0,0,0
0.042739,0.034918,0.030096,0,0,0,0,0,0,0,0,0,0,0,0
0.026059,0.025305,0.036427,0,0,0,0,0,0,0,0,0,0,0,0
0.025056,0.035302,0.024507,0,0,0,0,0,0,0,0,0,0,0,0
0.057689,0.04938,0.049506,0,0,0,0,0,0,0,0,0,0,0,0
0.025478,0.026435,0.02529,0,0,0,0,0,0,0,0,0,0,0,0
0.024007,0.025853,0.025865,0,0,0,0,0,0,0,0,0,0,0,0
0.025315,0.030095,0.024406,0,0,0,0,0,0,0,0,0,0,0,0
0.03716,0.02501,0.024746,0,0,0,0,0,0,0,0,0,0,0,0
0.024272,0.035135,0.025704,0,0,0,0,0,0,0,0,0,0,0,0
0.047537,0.048571,0.055231,0,0,0,0,0,0,0,0,0,0,0,0
0.025587,0.037183,0.024557,0,0,0,0,0,0,0,0,0,0,0,0
0.024498,0.026156,0.026215,0,0,0,0,0,0,0,0,0,0,0,0
0.030541,0.033839,0.024931,0,0,0,0,0,0,0,0,0,0,0,0
0.035431,0.028424,0.033086,0,0,0,0,0,0,0,0,0,0,0,0
0.037946,0.044063,0.025358,0,0,0,0,0,0,0,0,0,0,0,0
0.059385,0.05668,0.051136,0,0,0,0,0,0,0,0,0,0,0,0
0.035537,0.040404,0.026354,0,0,0,0,0,0,0,0,0,0,0,0
0.036317,0.027755,0.027408,0,0,0,0,0,0,0,0,0,0,0,0
0.024778,0.03022,0.025687,0,0,0,0,0,0,0,0,0,0,0,0
0.034749,0.028072,0.025911,0,0,0,0,0,0,0,0,0,0,0,0
0.048206,0.029833,0.025184,0,0,0,0,0,0,0,0,0,0,0,0
0.048783,0.051782,0.049665,0,0,0,0,0,0,0,0,0,0,0,0
0.037299,0.028098,0.027196,0,0,0,0,0,0,0,0,0,0,0,0
0.050681,0.026959,0.026718,0,0,0,0,0,0,0,0,0,0,0,0
0.035814,0.027761,0.025136,0,0,0,0,0,0,0,0,0,0,0,0
0.02742,0.039103,0.025785,0,0,0,0,0,0,0,0,0,0,0,0
0.031535,0.027737,0.025966,0,0,0,0,0,0,0,0,0,0,0,0
0.074102,0.051494,0.052425,0,0,0,0,0,0,0,0,0,0,0,0
0.025675,0.029219,0.031921,0,0,0,0,0,0,0,0,0,0,0,0
0.026122,0.028662,0.027245,0,0,0,0,0,0,0,0,0,0,0,0
0.02534,0.028699,0.027235,0,0,0,0,0,0,0,0,0,0,0,0
0.026636,0.027614,0.028145,0,0,0,0,0,0,0,0,0,0,0,0
0.025233,0.029128,0.027287,0,0,0,0,0,0,0,0,0,0,0,0
0.053012,0.057789,0.060169,0,0,0,0,0,0,0,0,0,0,0,0
0.027528,0.030568,0.026137,0,0,0,0,0,0,0,0,0,0,0,0
0.026809,0.028368,0.033502,0,0,0,0,0,0,0,0,0,0,0,0
0.02962,0.028029,0.026703,0,0,0,0,0,0,0,0,0,0,0,0
0.029625,0.030916,0.027634,0,0,0,0,0,0,0,0,0,0,0,0
0.051589,0.027782,0.026245,0,0,0,0,0,0,0,0,0,0,0,0
0.048134,0.050752,0.049754,0,0,0,0,0,0,0,0,0,0,0,0
0.026858,0.042172,0.026974,0,0,0,0,0,0,0,0,0,0,0,0
0.02835,0.030455,0.02921,0,0,0,0,0,0,0,0,0,0,0,0
0.032052,0.030041,0.03058,0,0,0,0,0,0,0,0,0,0,0,0
0.027307,0.030363,0.036351,0,0,0,0,0,0,0,0,0,0,0,0
0.026491,0.035514,0.027681,0,0,0,0,0,0,0,0,0,0,0,0
0.06122,0.057726,0.050798,0,0,0,0,0,0,0,0,0,0,0,0
0.027711,0.034534,0.026552,0,0,0,0,0,0,0,0,0,0,0,0
0.027982,0.028087,0.026641,0,0,0,0,0,0,0,0,0,0,0,0
0.027853,0.030535,0.027345,0,0,0,0,0,0,0,0,0,0,0,0
0.032877,0.028885,0.027287,0,0,0,0,0,0,0,0,0,0,0,0
0.026822,0.030445,0.031326,0,0,0,0,0,0,0,0,0,0,0,0
0.071509,0.053793,0.062116,0,0,0,0,0,0,0,0,0,0,0,0
0.02857,0.031431,0.028397,0,0,0,0,0,0,0,0,0,0,0,0
0.026599,0.02966,0.031678,0,0,0,0,0,0,0,0,0,0,0,0
0.045773,0.031188,0.041544,0,0,0,0,0,0,0,0,0,0,0,0
0.030178,0.031596,0.032065,0,0,0,0,0,0,0,0,0,0,0,0
0.037223,0.030767,0.027469,0,0,0,0,0,0,0,0,0,0,0,0
0.067702,0.051461,0.051911,0,0,0,0,0,0,0,0,0,0,0,0
0.035821,0.029075,0.030479,0,0,0,0,0,0,0,0,0,0,0,0
0.03017,0.026197,0.0258,0,0,0,0,0,0,0,0,0,0,0,0
0.024879,0.029278,0.026164,0,0,0,0,0,0,0,0,0,0,0,0
0.025446,0.027661,0.027684,0,0,0,0,0,0,0,0,0,0,0,0
0.024893,0.027643,0.026932,0,0,0,0,0,0,0,0,0,0,0,0
0.046646,0.050884,0.055377,0,0,0,0,0,0,0,0,0,0,0,0
0.027332,0.028677,0.027138,0,0,0,0,0,0,0,0,0,0,0,0
0.025674,0.027164,0.02665,0,0,0,0,0,0,0,0,0,0,0,0
0.027334,0.029877,0.027006,0,0,0,0,0,0,0,0,0,0,0,0
0.025959,0.027995,0.02728,0,0,0,0,0,0,0,0,0,0,0,0
0.025759,0.032713,0.030368,0,0,0,0,0,0,0,0,0,0,0,0
0.050002,0.067814,0.050762,0,0,0,0,0,0,0,0,0,0,0,0
0.026226,0.040239,0.025489,0,0,0,0,0,0,0,0,0,0,0,0
0.027732,0.027262,0.025705,0,0,0,0,0,0,0,0,0,0,0,0
0.025297,0.029423,0.025153,0,0,0,0,0,0,0,0,0,0,0,0
0.039504,0.035297,0.025786,0,0,0,0,0,0,0,0,0,0,0,0
0.026468,0.02989,0.025387,0,0,0,0,0,0,0,0,0,0,0,0
0.065927,0.055064,0.049571,0,0,0,0,0,0,0,0,0,0,0,0
0.027781,0.027859,0.024921,0,0,0,0,0,0,0,0,0,0,0,0
0.048654,0.026835,0.025837,0,0,0,0,0,0,0,0,0,0,0,0
0.050369,0.028869,0.027398,0,0,0,0,0,0,0,0,0,0,0,0
0.03067,0.039931,0.025282,0,0,0,0,0,0,0,0,0,0,0,0
0.027375,0.02986,0.02598,0,0,0,0,0,0,0,0,0,0,0,0
0.071436,0.051841,0.051597,0,0,0,0,0,0,0,0,0,0,0,0
0.026898,0.029225,0.027296,0,0,0,0,0,0,0,0,0,0,0,0
0.026854,0.02804,0.02617,0,0,0,0,0,0,0,0,0,0,0,0
0.036081,0.028588,0.026121,0,0,0,0,0,0,0,0,0,0,0,0
0.026302,0.033284,0.026328,0,0,0,0,0,0,0,0,0,0,0,0
0.047051,0.036946,0.026459,0,0,0,0,0,0,0,0,0,0,0,0
0.05072,0.057258,0.04816,0,0,0,0,0,0,0,0,0,0,0,0
0.03545,0.039941,0.027441,0,0,0,0,0,0,0,0,0,0,0,0
0.027009,0.02817,0.032458,0,0,0,0,0,0,0,0,0,0,0,0
