0.000158,0.000125,0.000126,0,0,0,0,0,0,0,0,0,0,0,0
0.22041,0.22234,0.23607,0,0,0,0,0,0,0,0,0,0,0,0
0.003403,0.003169,0.003779,0,0,0,0,0,0,0,0,0,0,0,0
0.003357,0.003536,0.004188,0,0,0,0,0,0,0,0,0,0,0,0
0.003075,0.003022,0.003869,0,0,0,0,0,0,0,0,0,0,0,0
0.003119,0.003143,0.003439,0,0,0,0,0,0,0,0,0,0,0,0
0.003153,0.003109,0.003901,0,0,0,0,0,0,0,0,0,0,0,0
0.003139,0.003172,0.00356,0,0,0,0,0,0,0,0,0,0,0,0
0.004016,0.00327,0.004982,0,0,0,0,0,0,0,0,0,0,0,0
0.005924,0.003455,0.003229,0,0,0,0,0,0,0,0,0,0,0,0
0.005328,0.003435,0.003196,0,0,0,0,0,0,0,0,0,0,0,0
0.005274,0.003216,0.003486,0,0,0,0,0,0,0,0,0,0,0,0
0.004262,0.003562,0.003301,0,0,0,0,0,0,0,0,0,0,0,0
0.004323,0.003289,0.003369,0,0,0,0,0,0,0,0,0,0,0,0
0.003663,0.003323,0.003485,0,0,0,0,0,0,0,0,0,0,0,0
0.003526,0.003379,0.004069,0,0,0,0,0,0,0,0,0,0,0,0
0.00353,0.003319,0.005588,0,0,0,0,0,0,0,0,0,0,0,0
0.003185,0.00351,0.006339,0,0,0,0,0,0,0,0,0,0,0,0
NaN,NaN,NaN,0,0,0,0,0,0,0,0,0,0,0,0
NaN,NaN,NaN,0,0,0,0,0,0,0,0,0,0,0,0
NaN,NaN,NaN,0,0,0,0,0,0,0,0,0,0,0,0
NaN,NaN,NaN,0,0,0,0,0,0,0,0,0,0,0,0
0.000166,0.000173,0.000147,0,0,0,0,0,0,0,0,0,0,0,0
0.22625,0.22265,0.22873,0,0,0,0,0,0,0,0,0,0,0,0
0.004662,0.005088,0.005092,0,0,0,0,0,0,0,0,0,0,0,0
0.00491,0.004732,0.005047,0,0,0,0,0,0,0,0,0,0,0,0
0.004798,0.004699,0.005628,0,0,0,0,0,0,0,0,0,0,0,0
NaN,NaN,NaN,0,0,0,0,0,0,0,0,0,0,0,0
NaN,NaN,NaN,0,0,0,0,0,0,0,0,0,0,0,0
NaN,NaN,NaN,0,0,0,0,0,0,0,0,0,0,0,0
NaN,NaN,NaN,0,0,0,0,0,0,0,0,0,0,0,0
0.000152,0.000153,0.00023,0,0,0,0,0,0,0,0,0,0,0,0
0.23638,0.23052,0.39416,0,0,0,0,0,0,0,0,0,0,0,0
0.004242,0.004445,0.004417,0,0,0,0,0,0,0,0,0,0,0,0
0.004359,0.00414,0.00424,0,0,0,0,0,0,0,0,0,0,0,0
0.004342,0.004101,0.006375,0,0,0,0,0,0,0,0,0,0,0,0
0.004077,0.004326,0.007677,0,0,0,0,0,0,0,0,0,0,0,0
0.004326,0.004679,0.006722,0,0,0,0,0,0,0,0,0,0,0,0
0.00415,0.004373,0.005672,0,0,0,0,0,0,0,0,0,0,0,0
0.004659,0.004241,0.005366,0,0,0,0,0,0,0,0,0,0,0,0
0.004354,0.00614,0.004691,0,0,0,0,0,0,0,0,0,0,0,0
0.004114,0.008011,0.004573,0,0,0,0,0,0,0,0,0,0,0,0
0.004078,0.006759,0.004152,0,0,0,0,0,0,0,0,0,0,0,0
0.004478,0.006091,0.004414,0,0,0,0,0,0,0,0,0,0,0,0
0.004221,0.004779,0.004524,0,0,0,0,0,0,0,0,0,0,0,0
0.004223,0.005602,0.004197,0,0,0,0,0,0,0,0,0,0,0,0
0.005043,0.004331,0.00454,0,0,0,0,0,0,0,0,0,0,0,0
0.004796,0.005023,0.004381,0,0,0,0,0,0,0,0,0,0,0,0
0.004111,0.004178,0.006535,0,0,0,0,0,0,0,0,0,0,0,0
0.005038,0.004491,0.008185,0,0,0,0,0,0,0,0,0,0,0,0
0.004427,0.004167,0.006582,0,0,0,0,0,0,0,0,0,0,0,0
0.004133,0.006011,0.005909,0,0,0,0,0,0,0,0,0,0,0,0
0.004192,0.008032,0.00502,0,0,0,0,0,0,0,0,0,0,0,0
0.004696,0.005752,0.005324,0,0,0,0,0,0,0,0,0,0,0,0
0.004235,0.005149,0.004372,0,0,0,0,0,0,0,0,0,0,0,0
0.004241,0.004583,0.004307,0,0,0,0,0,0,0,0,0,0,0,0
0.004144,0.00482,0.004166,0,0,0,0,0,0,0,0,0,0,0,0
0.004123,0.004225,0.004698,0,0,0,0,0,0,0,0,0,0,0,0
0.00415,0.004361,0.004047,0,0,0,0,0,0,0,0,0,0,0,0
0.004079,0.00403,0.004066,0,0,0,0,0,0,0,0,0,0,0,0
0.003978,0.004001,0.004466,0,0,0,0,0,0,0,0,0,0,0,0
NaN,NaN,NaN,0,0,0,0,0,0,0,0,0,0,0,0
NaN,NaN,NaN,0,0,0,0,0,0,0,0,0,0,0,0
NaN,NaN,NaN,0,0,0,0,0,0,0,0,0,0,0,0
NaN,NaN,NaN,0,0,0,0,0,0,0,0,0,0,0,0
0.000194,0.000149,0.000152,0,0,0,0,0,0,0,0,0,0,0,0
0.21838,0.21665,0.26162,0,0,0,0,0,0,0,0,0,0,0,0
0.002596,0.002868,0.002552,0,0,0,0,0,0,0,0,0,0,0,0
0.002473,0.002311,0.003491,0,0,0,0,0,0,0,0,0,0,0,0
0.002531,0.00257,0.002747,0,0,0,0,0,0,0,0,0,0,0,0
0.002709,0.002689,0.002829,0,0,0,0,0,0,0,0,0,0,0,0
0.003493,0.002517,0.004535,0,0,0,0,0,0,0,0,0,0,0,0
0.002532,0.003284,0.004122,0,0,0,0,0,0,0,0,0,0,0,0
0.002521,0.003344,0.003316,0,0,0,0,0,0,0,0,0,0,0,0
0.002623,0.003295,0.003184,0,0,0,0,0,0,0,0,0,0,0,0
0.002569,0.002576,0.003299,0,0,0,0,0,0,0,0,0,0,0,0
0.003288,0.004558,0.003007,0,0,0,0,0,0,0,0,0,0,0,0
0.004878,0.004774,0.003455,0,0,0,0,0,0,0,0,0,0,0,0
0.004852,0.004602,0.002502,0,0,0,0,0,0,0,0,0,0,0,0
0.004369,0.004528,0.003058,0,0,0,0,0,0,0,0,0,0,0,0
0.004277,0.00417,0.003131,0,0,0,0,0,0,0,0,0,0,0,0
0.003894,0.003841,0.002773,0,0,0,0,0,0,0,0,0,0,0,0
0.003593,0.003799,0.004722,0,0,0,0,0,0,0,0,0,0,0,0
0.003574,0.003725,0.002821,0,0,0,0,0,0,0,0,0,0,0,0
0.003033,0.003502,0.002974,0,0,0,0,0,0,0,0,0,0,0,0
0.003155,0.003656,0.002554,0,0,0,0,0,0,0,0,0,0,0,0
0.002903,0.002806,0.003116,0,0,0,0,0,0,0,0,0,0,0,0
0.002894,0.003115,0.003742,0,0,0,0,0,0,0,0,0,0,0,0
0.003447,0.002943,0.002812,0,0,0,0,0,0,0,0,0,0,0,0
0.003273,0.002534,0.002767,0,0,0,0,0,0,0,0,0,0,0,0
0.002968,0.002778,0.002946,0,0,0,0,0,0,0,0,0,0,0,0
0.002731,0.002606,0.002424,0,0,0,0,0,0,0,0,0,0,0,0
0.002881,0.002448,0.002994,0,0,0,0,0,0,0,0,0,0,0,0
0.002799,0.002681,0.00311,0,0,0,0,0,0,0,0,0,0,0,0
0.002605,0.002736,0.003713,0,0,0,0,0,0,0,0,0,0,0,0
0.002887,0.00283,0.002999,0,0,0,0,0,0,0,0,0,0,0,0
NaN,NaN,NaN,0,0,0,0,0,0,0,0,0,0,0,0
NaN,NaN,NaN,0,0,0,0,0,0,0,0,0,0,0,0
NaN,NaN,NaN,0,0,0,0,0,0,0,0,0,0,0,0
NaN,NaN,NaN,0,0,0,0,0,0,0,0,0,0,0,0
0.000158,0.000166,0.000156,0,0,0,0,0,0,0,0,0,0,0,0
0.23212,0.22385,0.22201,0,0,0,0,0,0,0,0,0,0,0,0
0.006722,0.004082,0.003853,0,0,0,0,0,0,0,0,0,0,0,0
0.006731,0.003938,0.003646,0,0,0,0,0,0,0,0,0,0,0,0
NaN,NaN,NaN,0,0,0,0,0,0,0,0,0,0,0,0
NaN,NaN,NaN,0,0,0,0,0,0,0,0,0,0,0,0
NaN,NaN,NaN,0,0,0,0,0,0,0,0,0,0,0,0
NaN,NaN,NaN,0,0,0,0,0,0,0,0,0,0,0,0
0.000153,0.000333,0.000189,0,0,0,0,0,0,0,0,0,0,0,0
0.21675,0.21317,0.2337,0,0,0,0,0,0,0,0,0,0,0,0
0.00257,0.002755,0.00274,0,0,0,0,0,0,0,0,0,0,0,0
0.002894,0.002607,0.002799,0,0,0,0,0,0,0,0,0,0,0,0
0.002507,0.002657,0.002725,0,0,0,0,0,0,0,0,0,0,0,0
0.002776,0.003109,0.002882,0,0,0,0,0,0,0,0,0,0,0,0
0.002701,0.002911,0.002904,0,0,0,0,0,0,0,0,0,0,0,0
0.002505,0.002474,0.002581,0,0,0,0,0,0,0,0,0,0,0,0
0.002474,0.003078,0.002993,0,0,0,0,0,0,0,0,0,0,0,0
0.002526,0.004729,0.002834,0,0,0,0,0,0,0,0,0,0,0,0
NaN,NaN,NaN,0,0,0,0,0,0,0,0,0,0,0,0
NaN,NaN,NaN,0,0,0,0,0,0,0,0,0,0,0,0
NaN,NaN,NaN,0,0,0,0,0,0,0,0,0,0,0,0
NaN,NaN,NaN,0,0,0,0,0,0,0,0,0,0,0,0
0.000171,0.000163,0.00016,0,0,0,0,0,0,0,0,0,0,0,0
0.23456,0.2315,0.28582,0,0,0,0,0,0,0,0,0,0,0,0
0.003257,0.003392,0.007209,0,0,0,0,0,0,0,0,0,0,0,0
0.003236,0.003271,0.005017,0,0,0,0,0,0,0,0,0,0,0,0
0.003566,0.003098,0.004764,0,0,0,0,0,0,0,0,0,0,0,0
0.003986,0.003043,0.003864,0,0,0,0,0,0,0,0,0,0,0,0
0.005814,0.003188,0.003589,0,0,0,0,0,0,0,0,0,0,0,0
0.005723,0.003134,0.003682,0,0,0,0,0,0,0,0,0,0,0,0
0.004929,0.003051,0.00352,0,0,0,0,0,0,0,0,0,0,0,0
0.004714,0.003117,0.003122,0,0,0,0,0,0,0,0,0,0,0,0
0.004212,0.003141,0.003082,0,0,0,0,0,0,0,0,0,0,0,0
0.004317,0.003153,0.003032,0,0,0,0,0,0,0,0,0,0,0,0
0.003657,0.003538,0.003353,0,0,0,0,0,0,0,0,0,0,0,0
0.004097,0.003471,0.003231,0,0,0,0,0,0,0,0,0,0,0,0
0.004044,0.003616,0.003611,0,0,0,0,0,0,0,0,0,0,0,0
0.003455,0.003161,0.003145,0,0,0,0,0,0,0,0,0,0,0,0
0.003292,0.003192,0.004475,0,0,0,0,0,0,0,0,0,0,0,0
0.003115,0.002994,0.009668,0,0,0,0,0,0,0,0,0,0,0,0
0.003592,0.004105,0.009204,0,0,0,0,0,0,0,0,0,0,0,0
0.003477,0.00322,0.004678,0,0,0,0,0,0,0,0,0,0,0,0
0.003963,0.003507,0.003763,0,0,0,0,0,0,0,0,0,0,0,0
0.005766,0.003539,0.00379,0,0,0,0,0,0,0,0,0,0,0,0
0.005811,0.003318,0.003461,0,0,0,0,0,0,0,0,0,0,0,0
0.004785,0.004053,0.003432,0,0,0,0,0,0,0,0,0,0,0,0
0.005014,0.004107,0.003588,0,0,0,0,0,0,0,0,0,0,0,0
0.004108,0.003134,0.00345,0,0,0,0,0,0,0,0,0,0,0,0
0.003979,0.00315,0.00331,0,0,0,0,0,0,0,0,0,0,0,0
0.003374,0.003177,0.003047,0,0,0,0,0,0,0,0,0,0,0,0
0.00345,0.003285,0.003995,0,0,0,0,0,0,0,0,0,0,0,0
