0.000151
0.21709
0.003563
0.003275
0.003499
0.003321
0.00371
0.003385
0.00354
0.003663
0.003159
0.004349
0.006228
0.005836
0.005142
0.004744
0.004549
0.004222
0.003977
0.004705
0.003482
0.003511
0.003476
0.003504
0.003538
0.003368
0.003431
0.003602
0.004258
0.00615
0.005641
0.005001
0.00479
0.004111
0.003948
0.003757
0.003639
0.003583
0.003388
0.003446
0.003242
0.00339
0.003187
0.003274
0.003295
0.003309
0.003555
0.003975
0.004387
0.003375
0.003637
0.003909
0.003076
0.003273
0.003205
0.004563
0.006133
0.005936
0.005311
0.004744
0.005566
0.00407
0.003996
0.003954
0.003789
0.003527
0.003465
0.003353
0.003241
0.003362
0.003395
0.003586
0.003411
0.003227
0.003257
0.003296
0.003218
0.003604
0.003623
0.003641
0.003367
0.003551
0.003604
0.003563
0.00353
0.003574
0.003405
0.003594
0.003525
0.003487
0.004296
0.006336
0.005201
0.005172
0.004962
0.004103
0.00351
0.003562
0.003284
0.003314
0.003354
0.003221
0.00372
0.003353
0.003785
0.003348
0.003576
0.00342
0.003717
0.00334
0.003795
0.003497
0.003693
0.00398
0.006209
0.005556
0.005428
0.005042
0.005445
0.003673
0.003426
0.003372
0.003523
0.003452
0.003203
0.00323
0.003162
0.003951
0.0063
0.006206
0.004989
0.004604
0.003961
0.003895
0.003532
0.00353
0.003734
0.003149
0.003201
0.003591
0.003361
0.003212
0.003357
0.003508
0.003321
0.003198
0.003346
0.003262
0.003312
0.003238
0.003345
0.00336
0.003421
0.003217
0.003659
0.003719
0.003726
0.003089
0.003581
0.003662
0.003599
0.003779
0.003169
0.003812
0.003324
0.003611
0.003456
0.003661
0.003441
0.003654
0.003425
0.00372
0.003434
0.003495
0.003644
0.003569
0.00347
0.003457
0.004334
0.006448
0.006459
0.005225
0.005014
0.004057
0.003753
0.003592
0.003409
0.003419
0.00349
0.003032
0.00318
0.00333
0.003391
0.003197
0.003066
0.003077
0.003644
0.003736
0.003334
0.003479
0.003392
0.003368
0.003035
0.002987
0.002937
0.003036
0.003044
0.002988
0.003018
0.003467
0.003384
0.003479
0.003051
0.002956
0.003127
0.00338
0.003208
0.003137
0.003255
0.003279
0.00346
0.003214
0.003261
0.003756
0.003442
0.003588
0.003342
0.003738
0.003433
0.003418
0.003417
0.003675
0.003462
0.003555
0.003719
0.003483
0.00347
0.003466
0.003549
0.003746
0.00339
0.003595
0.003594
0.003439
0.003727
0.003308
0.003648
0.003379
0.003569
0.003514
0.003779
0.003362
0.003628
0.003481
0.003572
0.004098
0.006166
0.005752
0.004776
0.005054
0.003964
0.004062
0.003503
0.004522
0.00342
0.003383
0.00354
0.003411
0.003367
0.004505
0.006461
0.006217
0.005969
0.005196
0.004201
0.004177
0.00355
0.00356
0.003577
0.003319
0.003304
0.003365
0.004043
0.006359
0.006943
0.005116
0.005197
0.004033
0.004115
0.003609
0.003498
0.003323
0.00324
0.003317
0.003457
0.003623
0.00334
0.003885
0.003299
0.003466
0.003611
0.003436
0.003697
0.003536
0.003485
0.003429
0.004211
0.00684
0.005631
0.006561
