0.000151
0.21256
0.005961
0.00569
0.005667
0.005806
0.005782
0.005667
0.006424
0.006063
0.00599
0.005923
0.006381
0.005697
0.005872
0.005945
0.00639
0.005828
0.006339
0.006535
0.005769
0.005765
0.006221
0.00581
0.005926
0.005486
0.005962
0.00571
0.006283
0.005492
0.00567
0.005557
0.005643
0.005762
0.005481
0.005756
0.005912
0.005657
0.005603
0.005678
0.005912
0.006613
0.005661
0.006217
0.006228
0.006586
0.005923
0.005821
0.006054
0.005718
0.005726
0.005659
0.005594
0.005662
0.006028
0.005908
0.005841
0.006039
0.005716
0.005698
0.005606
0.005753
0.005608
0.005888
0.005743
0.006065
0.005729
0.005538
0.005659
0.005708
0.006009
0.005925
0.005676
0.006183
0.005652
0.00589
0.006438
0.005704
0.005801
0.006116
0.005723
0.005948
0.006414
0.005817
0.006115
0.006377
0.006967
0.006707
0.007162
0.007039
0.006277
0.005793
0.005812
0.006342
0.006435
0.005947
0.005952
0.006391
0.005794
0.005723
0.006716
0.005869
0.005687
0.0059
0.005711
0.008434
0.00958
0.007559
0.006534
0.005504
0.005609
0.005476
0.005397
0.005374
0.005475
0.005587
0.005881
0.005339
0.005187
0.005514
0.005454
0.005352
0.005204
0.005237
0.005515
0.005422
0.005351
0.005405
0.00552
0.005519
0.005482
0.005608
0.005571
0.005328
0.00554
0.005391
0.005813
0.005269
0.00526
0.005242
0.005135
0.005295
0.00528
0.005643
0.005711
0.005169
0.005346
0.005297
0.005691
0.005653
0.005399
0.005483
0.0054
0.005103
0.005068
0.005425
0.005557
0.006258
0.005887
0.005361
0.005044
0.005082
0.00557
0.005172
0.005098
0.005252
0.005229
0.005035
0.005513
0.005131
0.005476
0.005392
0.005566
0.005586
0.005607
0.005676
0.005581
0.006017
0.005308
0.005606
0.006189
0.006017
0.005737
0.005555
0.005475
0.005434
0.005404
0.005463
0.005423
0.005653
0.005581
0.005353
0.005248
0.005158
0.005146
0.005301
0.005098
0.005431
0.007983
0.009934
0.009385
0.00922
0.007557
0.006488
0.005748
0.005685
0.008244
0.010473
0.008214
0.007151
0.005956
0.006
0.005641
0.006129
0.005985
0.006076
0.005709
0.005799
0.009261
0.009924
0.008041
0.006725
0.005846
0.006203
0.005909
0.005693
0.005929
0.005501
0.005301
0.005204
0.005488
0.005423
0.005287
0.005703
0.005155
0.005265
0.005114
0.005064
0.005187
0.005105
0.004907
0.005338
0.004909
0.005491
0.00503
0.005129
0.005073
0.005358
0.004892
0.005512
0.004908
0.005377
0.005019
0.005449
0.00507
0.005717
0.005535
0.005662
0.005936
0.006326
0.006842
0.006138
0.005721
0.005379
0.005477
0.005341
0.005515
0.00533
0.005489
0.005974
0.00557
0.005601
0.005547
0.005569
0.005517
0.005543
0.005894
0.005423
0.005574
0.005445
0.005519
0.005414
0.005533
0.005581
0.005648
0.005731
0.005717
0.005644
0.005678
0.005536
0.005617
0.005423
0.005504
0.005743
0.005622
0.005765
0.005507
0.005361
0.005494
0.005503
0.008584
0.008699
NaN
NaN
NaN
NaN
0.000168
0.22132
0.004893
0.004956
0.004562
0.004619
0.004495
0.004874
0.004563
0.004594
0.004619
0.004891
0.004842
0.004765
0.005206
0.004886
0.004994
0.004534
0.004628
0.004811
0.004793
0.004565
0.005051
0.004634
0.004687
0.005219
0.004654
0.00479
0.004939
0.005056
0.004796
0.004617
0.004806
0.00491
0.004635
0.004474
0.004661
0.004711
0.004746
0.005266
0.005428
0.004768
0.005151
0.005007
0.004708
0.004737
0.004659
0.004726
0.004509
0.004732
0.004675
0.004811
0.004595
0.004522
0.004529
0.005094
0.004707
0.004726
0.005106
0.004837
0.004606
0.004739
0.004785
0.004893
0.004565
0.004523
0.00502
0.004667
0.004532
0.005417
0.005073
0.004655
0.005041
0.005064
0.004561
0.004675
0.004631
0.005125
0.005024
0.004869
0.004602
0.004964
0.00505
0.004936
0.005747
0.006926
0.008755
0.007242
0.006446
0.005843
0.005077
0.004772
0.003868
0.003835
0.003526
0.003579
0.003904
0.003597
0.003855
0.003718
0.004932
0.003576
0.003698
0.003497
0.00339
0.003516
0.003392
0.003516
0.003544
0.003498
0.006183
0.00651
0.005047
0.00464
0.004273
0.004099
0.003548
0.003696
0.003573
0.003505
0.003438
0.003511
0.003648
0.003605
0.003582
0.003913
0.004415
0.00353
0.003585
0.004058
0.003962
0.004603
0.005341
0.004627
0.004563
0.004701
0.0047
0.004695
0.004433
0.004864
0.005537
0.004559
0.004665
0.00514
0.004728
0.004675
0.003949
0.003615
0.003626
0.003888
0.003736
0.003633
0.003762
0.003757
0.003617
0.003676
0.004714
0.004767
0.004614
0.004708
0.004558
0.00458
0.004668
0.004545
0.004622
0.004771
0.004655
0.004923
0.004977
0.004655
0.004911
0.005237
0.004734
0.004809
0.004797
0.004758
0.004818
0.00482
0.004704
0.004601
0.004616
0.004782
0.004617
0.005942
0.004663
0.00477
0.005122
0.004951
0.004656
0.00465
0.004677
0.004624
0.004723
0.004678
0.004688
0.004897
0.004787
0.004568
0.004665
0.004639
0.004664
0.004899
0.005862
0.005002
0.004904
0.005357
0.004699
0.005212
0.004757
0.004727
0.004961
0.005072
0.005263
0.004796
0.004797
0.004804
0.004818
0.004741
0.00464
0.004596
0.004677
0.004616
0.004794
0.004624
0.004707
0.00471
0.004746
0.004878
0.004913
0.005001
0.004646
0.004745
0.00557
0.004867
0.006741
NaN
NaN
NaN
NaN
0.000175
0.24311
0.002866
0.003358
0.003096
0.003362
0.003196
0.005002
0.004925
0.004899
0.004156
0.005186
0.004932
0.005096
0.004953
0.004009
0.003458
0.003601
0.003224
0.00302
0.003353
0.003269
0.002994
0.003434
0.003356
0.003198
0.00249
0.002713
0.002929
0.00291
0.003051
0.003063
0.003864
0.003616
0.003289
0.003112
0.002977
0.002624
0.002459
0.002706
0.002715
0.005926
0.004561
0.004691
0.003978
0.003519
0.003575
0.002959
0.003219
0.003477
0.002693
0.002787
0.002738
0.002589
0.002656
0.002641
0.002692
0.002712
0.002848
0.002783
0.002617
0.002661
0.003013
0.003241
0.004235
0.004967
0.00299
0.003057
0.002933
0.003231
0.003946
0.005437
0.004931
0.004583
0.004916
0.004205
0.003816
0.00372
0.003231
0.003213
0.003345
0.005383
0.005361
0.005111
0.006232
0.004843
0.005347
0.006096
0.004061
NaN
NaN
NaN
NaN
0.000165
0.21217
0.002975
0.005197
0.00502
0.005772
0.004652
0.003886
0.003788
0.003769
0.003942
0.003514
0.003483
0.003347
0.003136
0.002583
0.002616
0.002917
0.002703
0.002611
0.003056
0.002747
0.002605
0.002677
0.002671
0.002744
0.003185
0.002779
0.002803
0.002574
0.002615
0.00269
0.003068
0.002579
0.002512
0.002647
0.002633
0.003086
0.003402
0.003381
0.002901
0.002596
0.002597
0.002698
0.002643
0.002992
0.002981
0.002818
0.002792
0.005572
0.004956
0.005112
0.004372
0.004354
0.003608
0.003566
0.003073
0.003448
0.002991
0.002869
0.003337
0.00328
0.002614
0.002542
0.002815
0.002643
0.002638
0.002669
0.002442
0.002564
