0.000142
0.22216
0.004924
0.005107
0.004355
0.005185
0.004771
0.004457
0.004593
0.005023
0.005502
0.004718
0.004732
0.004523
0.004652
0.004915
0.004705
0.004889
0.004478
0.004659
0.005183
0.004696
0.004431
0.004703
0.004722
0.004506
0.004658
0.005217
0.004401
0.004917
0.005068
0.004458
0.004661
0.004989
0.004401
0.004711
0.005588
0.009418
0.009246
0.007447
0.005388
0.00571
0.005639
0.009452
NaN
NaN
NaN
NaN
0.00018
0.22111
0.005179
0.004658
0.004811
0.004617
0.004571
0.005056
0.00443
0.00477
0.005249
0.004435
0.004606
0.004527
0.004549
0.004662
0.0045
0.004763
0.004699
0.004848
0.004744
0.004721
0.006301
0.005479
0.005155
0.004865
0.004803
0.005073
0.005258
0.004967
0.00478
0.004629
0.005564
0.004485
0.005185
0.009602
0.009641
0.007305
0.005784
0.005399
0.004882
0.005198
0.004764
0.004982
0.005203
0.004948
0.005349
0.009492
0.009396
0.007344
0.005448
0.005215
0.004797
0.00462
0.005157
NaN
NaN
NaN
NaN
0.000142
0.23488
0.005607
0.005092
0.005665
0.0104
0.009037
0.007273
0.006384
0.005518
0.005371
0.005072
0.005598
0.005635
0.005088
0.005113
0.00579
0.005318
0.005971
0.005767
0.005453
0.005244
0.004998
0.004992
0.005634
0.005158
0.005576
0.005742
0.005107
0.005206
0.005227
0.00511
0.005605
0.005211
0.005487
0.005312
0.005273
0.00543
0.005378
0.00522
0.00558
0.005051
0.005684
0.006028
0.005561
0.005011
0.005054
0.005183
0.005547
0.004944
0.005476
0.005044
0.005047
0.00508
0.00514
0.006098
0.010683
0.008967
0.008229
0.00606
0.005485
0.005091
0.006696
0.005508
0.005057
0.005011
0.005093
0.004814
0.005507
0.005143
0.005027
0.005243
0.005007
0.006617
0.010881
0.008838
0.006974
0.005879
0.005111
0.005673
0.004882
0.005002
0.004927
0.004915
0.005609
0.005105
0.005306
0.004885
0.005083
0.004952
0.004972
0.005061
0.004883
0.005202
0.004904
0.004942
0.005318
0.005192
0.004975
0.004877
0.004891
0.005041
0.005156
0.005494
0.005251
0.005063
0.005079
0.005062
0.005468
0.005095
0.005011
0.004945
0.005116
0.00543
0.004917
0.005373
0.005314
0.005275
0.005397
0.005213
0.005018
0.005437
0.005229
0.005028
0.005538
0.004834
0.007633
0.006598
0.007112
0.009936
0.008527
0.007517
0.005895
0.005697
0.005097
0.004869
0.007812
0.006258
0.005054
0.005538
0.005168
0.005319
0.005219
NaN
NaN
NaN
NaN
0.000163
0.22035
0.005517
0.004958
0.00451
0.004534
0.004336
0.0046
0.00521
0.004686
0.005406
0.005088
0.004908
0.004663
0.005511
0.009565
0.0079
0.007145
0.005464
0.005087
0.004818
0.004855
0.005024
0.004811
0.005941
0.005109
0.004989
0.004468
0.004407
0.00463
0.004884
0.004434
0.004514
0.005283
0.004456
0.004724
0.005305
0.004367
0.004658
0.004735
0.004271
0.005288
0.004571
0.004341
0.004414
0.004503
0.004439
0.00449
0.004449
0.004462
0.004856
0.004467
0.004451
0.0046
0.004759
0.004369
0.004393
0.00534
0.004578
0.004746
0.004898
0.004696
0.004874
0.004642
0.004564
0.004805
0.004824
0.004723
0.004881
0.004522
0.004468
0.004534
0.005023
0.004425
0.004512
0.004554
0.004534
0.004406
0.004397
0.004506
0.004472
0.004502
0.004318
0.004632
0.004427
0.004403
NaN
NaN
NaN
NaN
0.000177
0.22785
0.006004
0.005058
0.00482
0.009264
0.007577
0.006471
0.005641
0.004523
0.004563
0.004158
0.004206
0.004522
0.006072
0.004253
0.004445
0.004437
0.004606
0.004209
0.00438
0.004447
0.00471
0.004938
0.004759
0.004414
0.004594
0.004398
0.004426
0.00471
0.00424
0.004393
0.004235
0.00468
0.004135
0.004479
0.004414
0.004618
0.004108
0.004179
0.00446
0.00444
0.004522
0.004293
0.00431
0.004635
0.004811
0.009045
0.007533
0.006562
0.006366
0.004703
0.004678
0.004926
0.004298
0.00426
0.004277
0.004796
0.004291
0.004548
0.004455
0.004476
0.004457
0.00433
0.004396
0.004442
0.004246
0.00435
0.004697
0.004198
0.004281
0.004295
0.004246
0.004837
0.004344
0.004555
0.004454
0.004361
0.00423
0.004644
0.004381
0.004403
0.004251
0.004343
0.004398
0.004976
0.004463
0.004409
0.00458
0.004424
0.004322
0.0049
0.009632
0.00796
0.007158
0.006145
0.004706
0.004557
0.004944
0.00422
0.006598
0.005928
0.005189
0.004435
0.004334
0.004241
0.004448
0.00445
0.004252
0.004591
0.004512
0.004381
0.004154
0.004456
0.00456
0.004231
0.004631
0.006443
0.004573
0.005124
0.004444
0.004323
0.004314
0.004964
0.004334
0.005188
0.005118
0.004395
0.004444
0.004749
0.00428
0.004237
0.004403
0.004651
0.004402
0.009041
0.007304
0.005929
0.005738
0.005049
0.009104
0.008079
0.00691
0.005717
0.005012
0.004638
0.004371
0.004358
0.004377
0.004376
0.004637
0.00455
0.004464
0.004477
0.004283
0.004455
0.004298
0.004355
0.004667
0.004223
0.004182
0.004283
0.004591
0.004219
0.004376
0.004366
0.004386
0.004475
0.004384
0.0043
0.00442
0.004894
0.004444
0.004534
0.004823
0.004335
0.004351
0.004328
0.004666
0.009216
0.007873
0.006503
0.005991
0.005331
0.004681
0.00508
0.004763
0.004752
0.004697
0.004295
0.004396
0.00445
0.004933
0.004861
0.004251
0.005206
0.004739
0.004839
0.005361
0.004176
0.004633
0.005028
0.004502
0.00475
0.004389
0.004487
0.005441
0.005343
0.009548
0.009454
0.007835
0.006764
0.005364
0.004949
