1.079
0.13265
0.064063
0.050404
0.077567
0.075355
0.035662
0.035997
0.034061
0.01792
0.015388
0.015563
0.015557
0.023034
0.032862
0.015583
0.015279
0.015489
0.015468
0.015923
0.036944
0.017232
0.016305
0.015851
0.015632
0.015808
0.035379
0.016044
0.016433
0.02021
0.025017
0.018595
0.04161
0.023623
0.023165
0.024887
0.015099
0.015006
0.031219
0.014285
0.015227
0.014757
0.025996
0.014987
0.032794
0.01565
0.020411
0.01483
0.015455
0.016003
0.033154
0.015012
0.0261
0.015557
0.015263
0.016622
0.036915
0.026814
0.015516
0.01613
0.014478
0.025232
0.032601
0.016391
0.015889
0.019244
0.025726
0.017042
0.032886
0.024056
0.015082
0.015547
0.015565
0.017713
0.041479
0.027668
0.015741
0.015978
0.015248
0.015633
0.032089
0.01443
0.017256
0.015896
0.015478
0.01495
0.041075
0.014787
0.015124
0.015088
0.014336
0.014529
0.032464
0.014779
0.01525
0.01544
0.019869
0.015636
0.03586
0.016131
0.028499
0.017873
0.016195
0.015258
0.032244
0.020208
0.01866
0.015288
0.0237
0.014384
0.034906
0.022987
0.015174
0.014837
0.014878
0.027648
0.035834
0.024212
0.016468
0.015912
0.015745
0.015037
0.031136
0.016039
0.016172
0.017034
0.016201
0.015625
0.035798
0.015942
0.015819
0.016504
0.016586
0.015835
0.035547
0.016144
0.018562
0.024437
0.016692
0.017435
0.035565
0.015835
0.015836
0.016216
0.016127
0.018011
0.035521
0.015695
0.015704
0.01599
0.015593
0.016934
0.037725
0.02261
0.016921
0.017332
0.016282
0.016463
0.036147
0.017306
0.015246
0.015312
0.01648
0.015248
0.032812
0.015631
0.015044
0.019182
0.015446
0.016428
0.03164
0.015377
0.015471
0.015826
0.016296
0.016849
0.038979
0.017976
0.016947
0.01639
0.017533
0.016379
0.035345
0.015985
0.017528
0.015101
0.015156
0.014405
0.031741
0.023055
0.01812
0.016355
0.015572
0.015314
0.032063
0.023172
0.015478
0.01606
0.015831
0.01547
0.032205
0.026971
0.015979
0.015471
0.01849
0.017349
0.035256
0.016963
0.017078
0.015906
0.015766
0.015437
0.031146
0.026798
0.016148
0.015699
0.01574
0.015297
0.035885
0.015126
0.015661
0.015396
0.015555
0.021707
0.035906
0.015508
0.01641
0.015635
0.016504
0.01614
0.037317
0.016257
0.018666
0.016958
0.026892
0.015886
0.036148
0.015749
0.015325
0.015527
0.015884
0.01537
0.035634
0.015898
0.016614
0.019503
0.017156
0.015974
0.031251
0.020112
0.023583
0.015988
0.017187
0.016325
0.035037
0.016104
0.015316
0.015601
0.015478
0.015891
0.03093
0.024851
0.015375
0.015688
0.01618
0.016228
0.032136
0.015686
0.016024
0.01547
0.027159
0.015899
0.029711
0.015949
0.023752
0.015613
0.015761
0.01598
0.030859
0.014296
0.017055
0.02368
0.014397
0.014107
0.034255
0.021907
0.015434
0.016568
0.016561
0.014757
0.03329
0.014764
0.014873
0.01957
0.023358
0.014975
0.034548
0.015507
0.015537
0.01606
0.024737
0.016424
0.044369
0.023974
0.01642
0.015916
0.015556
0.015684
0.036115
0.016187
0.026807
0.017237
0.015423
0.016304
0.031104
0.015189
0.015646
0.015286
0.015602
0.015311
0.030778
0.016041
0.015737
0.015986
0.015456
0.015727
0.0377
0.016944
0.015221
0.015514
0.01567
0.015452
0.03988
0.015256
0.015567
0.015474
0.0165
0.017554
0.03214
0.020088
0.016341
0.016521
0.015334
0.016388
0.029781
0.02615
0.015329
0.01577
0.015166
0.015736
0.031252
0.028112
0.018899
0.015655
0.015484
0.015822
0.032779
0.022032
0.023836
0.015635
0.016113
0.01615
0.037178
0.016452
0.017731
0.017153
0.016411
0.026785
0.04852
0.017181
0.017047
0.017462
0.016096
0.016694
0.037154
0.016132
0.015782
0.017376
0.01569
0.017491
0.036399
0.024068
0.015779
0.016
0.015471
0.016309
0.031178
0.015032
0.015605
0.029203
0.02606
0.015774
0.03495
0.017882
0.025963
0.017291
0.015949
0.01559
0.030644
0.01612
0.016994
0.015871
0.01721
0.01633
0.031452
0.023613
0.015706
0.02095
0.024813
0.015875
0.029288
0.015574
0.015039
0.015788
0.015369
0.015891
0.030482
0.015705
0.015687
0.015522
0.015973
0.017176
0.035788
0.016186
0.015861
0.015301
0.016078
0.015846
0.035345
0.024378
0.017474
0.016533
0.01625
0.016522
0.040946
0.026052
0.020771
0.015813
0.01587
0.015096
0.040447
0.015697
0.015994
0.017278
0.017691
0.018173
0.036267
0.024211
0.018615
0.01742
0.017224
0.016396
0.04982
0.016426
0.015882
0.016624
0.016793
0.016117
0.031579
0.017025
0.016922
0.017129
0.027356
0.018019
0.043496
0.017093
0.017882
0.017178
0.016377
0.016172
0.030976
0.015555
0.015053
0.015894
0.015621
0.015712
0.036183
0.014997
0.015047
0.015697
0.015394
0.01566
0.03533
0.015291
0.016148
0.015664
0.015727
0.01544
0.031529
0.017443
0.014767
0.014554
0.016558
0.024345
0.030323
0.014917
0.014633
0.014942
0.0249
0.015097
0.030158
0.01634
0.020959
0.015433
0.020051
0.015374
0.031039
0.015782
0.015357
0.01725
0.024004
0.015853
0.029684
0.026994
0.014608
0.015164
0.01598
0.01541
0.034438
0.015826
0.015348
0.015577
0.015452
0.015596
0.030763
0.016388
0.015577
0.017496
0.025251
0.01503
0.031713
0.025773
0.016722
0.015552
0.01578
0.015459
0.029404
0.01549
0.015013
0.015019
0.015726
0.014614
0.031434
0.015338
0.015486
0.015395
0.015486
0.015411
0.034965
0.015402
0.015583
0.015556
0.015596
0.015413
0.029044
0.014798
0.015402
0.015713
0.015434
0.015519
0.029118
0.014665
0.014808
0.015372
0.015277
0.014979
0.029667
0.015343
0.014926
0.014812
0.016069
0.014793
0.031107
0.015477
0.015393
0.016023
0.016086
0.022493
0.029647
0.01578
0.017452
0.021748
0.016181
0.016567
0.032505
0.017945
0.016401
0.0158
0.028684
0.016019
0.030476
0.016084
0.015567
0.015379
0.02631
0.016185
0.030862
0.015619
0.016183
0.01572
0.016202
0.01823
0.030701
0.016298
0.015672
0.015998
0.015282
0.015742
0.038348
0.019865
0.015936
0.016259
0.017277
0.016294
0.030662
0.015854
0.015671
0.015947
0.016378
0.017326
0.0319
0.016551
0.015675
0.016278
0.017667
0.016244
0.030868
0.01705
0.018257
0.016785
0.0162
0.017336
0.035998
0.016792
0.017328
0.032306
0.035744
0.019373
0.042685
0.016436
0.016136
0.016243
0.017891
0.016248
0.030982
0.018893
0.023892
0.016699
0.01698
0.016982
0.038129
0.018364
0.01696
0.017102
0.018253
0.016896
0.033214
0.016717
0.015565
0.014899
0.015322
0.015287
0.029992
0.01484
0.0181
0.015781
0.015445
0.014923
0.028659
0.014835
0.015714
0.027236
0.015076
0.015332
0.028222
0.015805
0.033766
0.016667
0.017058
0.017694
0.03303
0.017988
0.018481
0.016221
0.016547
0.016487
0.031577
0.015478
0.01809
0.018951
0.016385
0.018065
0.032305
0.016992
0.017668
0.016202
0.016556
0.016211
0.031123
0.030944
0.015831
0.016228
0.017023
0.01625
0.042567
0.017608
0.017757
0.016509
0.018017
0.016885
0.030857
0.016377
0.017123
0.01711
0.016242
0.015917
0.030541
0.016134
0.017785
0.016597
0.016355
0.016682
0.031403
0.016686
0.016668
0.01759
0.016694
0.015844
0.034275
0.016334
0.017358
0.017122
0.01679
0.017718
0.031964
0.016457
0.016204
0.0175
0.016722
0.016902
0.032023
0.016217
0.016442
0.01617
0.017895
0.016366
0.031132
0.015047
0.01569
0.015579
0.024945
0.015176
0.030273
0.015695
0.015513
0.019711
0.015497
0.015705
0.030697
0.017017
0.018132
0.016294
0.01593
0.016896
0.037076
0.017169
0.016552
0.015721
0.015644
0.016387
0.031176
0.028
0.017902
0.01647
0.015934
0.015981
0.030317
0.022577
0.015574
0.016251
0.015943
0.022902
0.036339
0.02428
0.015783
0.016626
0.016474
0.016205
0.038351
0.015363
0.015183
0.015943
0.015331
0.016269
0.030323
0.015617
0.023228
0.015977
0.016013
0.015934
0.031078
0.016287
0.015846
0.015226
0.015208
0.016577
0.029573
0.025242
0.023941
0.017268
0.016085
0.015595
0.048188
0.017998
0.016956
0.017187
0.01651
0.019148
0.035832
0.016335
0.016856
0.017184
0.020199
0.018137
0.036104
0.019238
0.022963
0.017883
0.017433
0.017523
0.036703
0.017018
0.017661
0.01666
0.016858
0.016746
0.035939
0.018057
0.016753
0.017165
0.017996
0.018153
0.041153
0.015739
