0.000123
0.22853
0.005917
0.005474
0.005428
0.005656
0.004965
0.005099
0.005032
0.005001
0.005414
0.005332
0.005335
0.004994
0.005141
0.00496
0.005322
0.005866
0.005084
0.005574
0.005187
0.005465
0.005029
0.005331
0.004995
0.005242
0.005729
0.005054
0.005609
0.005139
0.005931
0.005249
0.005998
0.005418
0.006184
0.01138
0.007921
0.006868
0.006111
0.005148
0.005188
0.006013
0.005241
0.005402
0.00522
0.005918
0.005202
0.00571
0.005296
0.005859
0.005277
0.005441
0.004991
0.005064
0.004987
0.005017
0.005282
0.005183
0.004918
0.005277
0.004764
0.005214
0.004896
