1.2055,1.3604,1.2762,0,0,0,0,0,0,0,0,0,0,0,0
0.14562,0.14732,0.15341,0,0,0,0,0,0,0,0,0,0,0,0
0.091596,0.077451,0.088508,0,0,0,0,0,0,0,0,0,0,0,0
0.064895,0.062336,0.071837,0,0,0,0,0,0,0,0,0,0,0,0
0.092022,0.094245,0.10585,0,0,0,0,0,0,0,0,0,0,0,0
0.081778,0.078326,0.091235,0,0,0,0,0,0,0,0,0,0,0,0
0.058423,0.049072,0.056639,0,0,0,0,0,0,0,0,0,0,0,0
0.049969,0.055061,0.058386,0,0,0,0,0,0,0,0,0,0,0,0
0.047999,0.058114,0.055618,0,0,0,0,0,0,0,0,0,0,0,0
0.022211,0.023155,0.02437,0,0,0,0,0,0,0,0,0,0,0,0
0.023241,0.021883,0.023252,0,0,0,0,0,0,0,0,0,0,0,0
0.026076,0.021686,0.023513,0,0,0,0,0,0,0,0,0,0,0,0
0.023122,0.023207,0.0236,0,0,0,0,0,0,0,0,0,0,0,0
0.022099,0.021879,0.023147,0,0,0,0,0,0,0,0,0,0,0,0
0.048974,0.045159,0.048259,0,0,0,0,0,0,0,0,0,0,0,0
0.023189,0.023064,0.02425,0,0,0,0,0,0,0,0,0,0,0,0
0.025427,0.023067,0.023605,0,0,0,0,0,0,0,0,0,0,0,0
0.023141,0.021625,0.021819,0,0,0,0,0,0,0,0,0,0,0,0
0.022907,0.022107,0.02179,0,0,0,0,0,0,0,0,0,0,0,0
0.023532,0.022317,0.02233,0,0,0,0,0,0,0,0,0,0,0,0
0.049304,0.046359,0.043794,0,0,0,0,0,0,0,0,0,0,0,0
0.021926,0.021166,0.024251,0,0,0,0,0,0,0,0,0,0,0,0
0.020743,0.022037,0.021475,0,0,0,0,0,0,0,0,0,0,0,0
0.021865,0.021283,0.020969,0,0,0,0,0,0,0,0,0,0,0,0
0.021853,0.04115,0.02083,0,0,0,0,0,0,0,0,0,0,0,0
0.021779,0.021145,0.021615,0,0,0,0,0,0,0,0,0,0,0,0
0.047143,0.044991,0.045215,0,0,0,0,0,0,0,0,0,0,0,0
0.034059,0.021408,0.024589,0,0,0,0,0,0,0,0,0,0,0,0
0.025693,0.034237,0.021585,0,0,0,0,0,0,0,0,0,0,0,0
0.048577,0.023539,0.022438,0,0,0,0,0,0,0,0,0,0,0,0
0.032062,0.031511,0.041976,0,0,0,0,0,0,0,0,0,0,0,0
0.032882,0.024984,0.023866,0,0,0,0,0,0,0,0,0,0,0,0
0.056587,0.065601,0.062092,0,0,0,0,0,0,0,0,0,0,0,0
0.029592,0.027444,0.036716,0,0,0,0,0,0,0,0,0,0,0,0
0.033195,0.029972,0.028224,0,0,0,0,0,0,0,0,0,0,0,0
0.032959,0.024045,0.031347,0,0,0,0,0,0,0,0,0,0,0,0
0.024951,0.023698,0.022943,0,0,0,0,0,0,0,0,0,0,0,0
0.030359,0.023359,0.021956,0,0,0,0,0,0,0,0,0,0,0,0
0.067322,0.047187,0.04543,0,0,0,0,0,0,0,0,0,0,0,0
0.023385,0.023598,0.023398,0,0,0,0,0,0,0,0,0,0,0,0
0.02341,0.022265,0.020968,0,0,0,0,0,0,0,0,0,0,0,0
0.022847,0.020934,0.021614,0,0,0,0,0,0,0,0,0,0,0,0
0.025972,0.023419,0.023047,0,0,0,0,0,0,0,0,0,0,0,0
0.023339,0.024411,0.023185,0,0,0,0,0,0,0,0,0,0,0,0
0.050519,0.048972,0.044147,0,0,0,0,0,0,0,0,0,0,0,0
0.026066,0.021128,0.020536,0,0,0,0,0,0,0,0,0,0,0,0
0.031994,0.022066,0.021022,0,0,0,0,0,0,0,0,0,0,0,0
0.023032,0.023063,0.025395,0,0,0,0,0,0,0,0,0,0,0,0
0.022884,0.020784,0.020984,0,0,0,0,0,0,0,0,0,0,0,0
0.029164,0.020879,0.026615,0,0,0,0,0,0,0,0,0,0,0,0
0.060846,0.045573,0.048408,0,0,0,0,0,0,0,0,0,0,0,0
0.029753,0.02352,0.022784,0,0,0,0,0,0,0,0,0,0,0,0
0.022354,0.022132,0.021287,0,0,0,0,0,0,0,0,0,0,0,0
0.021678,0.030454,0.021406,0,0,0,0,0,0,0,0,0,0,0,0
0.035802,0.022252,0.022072,0,0,0,0,0,0,0,0,0,0,0,0
0.022199,0.021385,0.021863,0,0,0,0,0,0,0,0,0,0,0,0
0.049975,0.047515,0.047153,0,0,0,0,0,0,0,0,0,0,0,0
0.028384,0.029706,0.038275,0,0,0,0,0,0,0,0,0,0,0,0
0.032976,0.021964,0.023368,0,0,0,0,0,0,0,0,0,0,0,0
0.033794,0.025527,0.021664,0,0,0,0,0,0,0,0,0,0,0,0
0.024709,0.024251,0.021969,0,0,0,0,0,0,0,0,0,0,0,0
0.028148,0.024393,0.022257,0,0,0,0,0,0,0,0,0,0,0,0
0.061126,0.046773,0.044437,0,0,0,0,0,0,0,0,0,0,0,0
0.026164,0.024319,0.023194,0,0,0,0,0,0,0,0,0,0,0,0
0.023438,0.023505,0.021401,0,0,0,0,0,0,0,0,0,0,0,0
0.023141,0.02165,0.021363,0,0,0,0,0,0,0,0,0,0,0,0
0.022331,0.021864,0.021259,0,0,0,0,0,0,0,0,0,0,0,0
0.022377,0.022595,0.032772,0,0,0,0,0,0,0,0,0,0,0,0
0.071399,0.051503,0.049477,0,0,0,0,0,0,0,0,0,0,0,0
0.02925,0.024574,0.023759,0,0,0,0,0,0,0,0,0,0,0,0
0.024118,0.023221,0.020867,0,0,0,0,0,0,0,0,0,0,0,0
0.023371,0.023589,0.020844,0,0,0,0,0,0,0,0,0,0,0,0
0.024514,0.02272,0.021721,0,0,0,0,0,0,0,0,0,0,0,0
0.02312,0.031001,0.022362,0,0,0,0,0,0,0,0,0,0,0,0
0.052624,0.043855,0.045453,0,0,0,0,0,0,0,0,0,0,0,0
0.024845,0.029456,0.021991,0,0,0,0,0,0,0,0,0,0,0,0
0.02216,0.022122,0.021647,0,0,0,0,0,0,0,0,0,0,0,0
0.031152,0.034718,0.021784,0,0,0,0,0,0,0,0,0,0,0,0
0.021891,0.020809,0.021553,0,0,0,0,0,0,0,0,0,0,0,0
0.021921,0.03073,0.021886,0,0,0,0,0,0,0,0,0,0,0,0
0.053089,0.044639,0.051009,0,0,0,0,0,0,0,0,0,0,0,0
0.020095,0.021435,0.021374,0,0,0,0,0,0,0,0,0,0,0,0
0.027672,0.030704,0.02711,0,0,0,0,0,0,0,0,0,0,0,0
0.023805,0.020487,0.023715,0,0,0,0,0,0,0,0,0,0,0,0
0.022588,0.020461,0.020758,0,0,0,0,0,0,0,0,0,0,0,0
0.021359,0.030231,0.020395,0,0,0,0,0,0,0,0,0,0,0,0
0.04589,0.049546,0.045427,0,0,0,0,0,0,0,0,0,0,0,0
0.020097,0.020875,0.021266,0,0,0,0,0,0,0,0,0,0,0,0
0.02211,0.027958,0.021804,0,0,0,0,0,0,0,0,0,0,0,0
0.021017,0.021229,0.020349,0,0,0,0,0,0,0,0,0,0,0,0
0.022014,0.021197,0.021371,0,0,0,0,0,0,0,0,0,0,0,0
0.021265,0.020802,0.021345,0,0,0,0,0,0,0,0,0,0,0,0
0.044486,0.044525,0.045445,0,0,0,0,0,0,0,0,0,0,0,0
0.021675,0.020123,0.020322,0,0,0,0,0,0,0,0,0,0,0,0
0.022128,0.02052,0.021596,0,0,0,0,0,0,0,0,0,0,0,0
0.02158,0.021748,0.021269,0,0,0,0,0,0,0,0,0,0,0,0
0.032099,0.020437,0.020547,0,0,0,0,0,0,0,0,0,0,0,0
0.021969,0.021885,0.022062,0,0,0,0,0,0,0,0,0,0,0,0
0.047091,0.046135,0.043966,0,0,0,0,0,0,0,0,0,0,0,0
0.029891,0.021742,0.021411,0,0,0,0,0,0,0,0,0,0,0,0
0.021951,0.021414,0.02166,0,0,0,0,0,0,0,0,0,0,0,0
0.020715,0.021201,0.021795,0,0,0,0,0,0,0,0,0,0,0,0
0.020375,0.020929,0.021677,0,0,0,0,0,0,0,0,0,0,0,0
0.022241,0.021676,0.02133,0,0,0,0,0,0,0,0,0,0,0,0
0.043007,0.048366,0.044024,0,0,0,0,0,0,0,0,0,0,0,0
NaN,NaN,NaN,0,0,0,0,0,0,0,0,0,0,0,0
NaN,NaN,NaN,0,0,0,0,0,0,0,0,0,0,0,0
NaN,NaN,NaN,0,0,0,0,0,0,0,0,0,0,0,0
NaN,NaN,NaN,0,0,0,0,0,0,0,0,0,0,0,0
1.307,1.2326,1.3299,0,0,0,0,0,0,0,0,0,0,0,0
0.15555,0.15372,0.14489,0,0,0,0,0,0,0,0,0,0,0,0
0.076553,0.086139,0.080648,0,0,0,0,0,0,0,0,0,0,0,0
0.061769,0.064006,0.064433,0,0,0,0,0,0,0,0,0,0,0,0
0.094187,0.091342,0.091862,0,0,0,0,0,0,0,0,0,0,0,0
0.073977,0.076913,0.077058,0,0,0,0,0,0,0,0,0,0,0,0
0.047612,0.049547,0.04687,0,0,0,0,0,0,0,0,0,0,0,0
0.056815,0.046351,0.054469,0,0,0,0,0,0,0,0,0,0,0,0
NaN,NaN,NaN,0,0,0,0,0,0,0,0,0,0,0,0
NaN,NaN,NaN,0,0,0,0,0,0,0,0,0,0,0,0
NaN,NaN,NaN,0,0,0,0,0,0,0,0,0,0,0,0
NaN,NaN,NaN,0,0,0,0,0,0,0,0,0,0,0,0
1.2183,1.2351,1.4054,0,0,0,0,0,0,0,0,0,0,0,0
0.14391,0.14208,0.14413,0,0,0,0,0,0,0,0,0,0,0,0
0.092828,0.075086,0.075445,0,0,0,0,0,0,0,0,0,0,0,0
0.072247,0.063222,0.063651,0,0,0,0,0,0,0,0,0,0,0,0
NaN,NaN,NaN,0,0,0,0,0,0,0,0,0,0,0,0
NaN,NaN,NaN,0,0,0,0,0,0,0,0,0,0,0,0
NaN,NaN,NaN,0,0,0,0,0,0,0,0,0,0,0,0
NaN,NaN,NaN,0,0,0,0,0,0,0,0,0,0,0,0
1.2259,1.2747,1.3446,0,0,0,0,0,0,0,0,0,0,0,0
0.14705,0.14385,0.14589,0,0,0,0,0,0,0,0,0,0,0,0
0.084338,0.081871,0.080861,0,0,0,0,0,0,0,0,0,0,0,0
0.085414,0.066165,0.065136,0,0,0,0,0,0,0,0,0,0,0,0
0.10079,0.093394,0.096023,0,0,0,0,0,0,0,0,0,0,0,0
0.081218,0.085813,0.079551,0,0,0,0,0,0,0,0,0,0,0,0
0.0499,0.052257,0.05052,0,0,0,0,0,0,0,0,0,0,0,0
0.050957,0.047839,0.046986,0,0,0,0,0,0,0,0,0,0,0,0
0.05395,0.053325,0.050212,0,0,0,0,0,0,0,0,0,0,0,0
0.024782,0.023964,0.032143,0,0,0,0,0,0,0,0,0,0,0,0
0.031645,0.022633,0.022118,0,0,0,0,0,0,0,0,0,0,0,0
0.023433,0.022691,0.021591,0,0,0,0,0,0,0,0,0,0,0,0
0.023025,0.022048,0.028557,0,0,0,0,0,0,0,0,0,0,0,0
0.023129,0.023057,0.024848,0,0,0,0,0,0,0,0,0,0,0,0
0.051377,0.055755,0.054666,0,0,0,0,0,0,0,0,0,0,0,0
0.023895,0.02158,0.030124,0,0,0,0,0,0,0,0,0,0,0,0
0.030898,0.021583,0.022399,0,0,0,0,0,0,0,0,0,0,0,0
0.02276,0.021109,0.02118,0,0,0,0,0,0,0,0,0,0,0,0
0.025385,0.028341,0.021821,0,0,0,0,0,0,0,0,0,0,0,0
0.023459,0.020755,0.021529,0,0,0,0,0,0,0,0,0,0,0,0
0.047906,0.046786,0.048308,0,0,0,0,0,0,0,0,0,0,0,0
0.023386,0.0213,0.021229,0,0,0,0,0,0,0,0,0,0,0,0
0.026485,0.021152,0.020967,0,0,0,0,0,0,0,0,0,0,0,0
0.02346,0.020668,0.021721,0,0,0,0,0,0,0,0,0,0,0,0
0.02106,0.021688,0.021646,0,0,0,0,0,0,0,0,0,0,0,0
0.022037,0.022566,0.021225,0,0,0,0,0,0,0,0,0,0,0,0
0.045932,0.057701,0.047693,0,0,0,0,0,0,0,0,0,0,0,0
0.032839,0.02436,0.02676,0,0,0,0,0,0,0,0,0,0,0,0
0.023097,0.021786,0.023679,0,0,0,0,0,0,0,0,0,0,0,0
0.021372,0.022065,0.024474,0,0,0,0,0,0,0,0,0,0,0,0
0.030306,0.03956,0.037292,0,0,0,0,0,0,0,0,0,0,0,0
0.038867,0.035701,0.027872,0,0,0,0,0,0,0,0,0,0,0,0
0.054956,0.061289,0.061527,0,0,0,0,0,0,0,0,0,0,0,0
0.035823,0.03546,0.032784,0,0,0,0,0,0,0,0,0,0,0,0
0.030542,0.037121,0.029664,0,0,0,0,0,0,0,0,0,0,0,0
0.022225,0.023564,0.025948,0,0,0,0,0,0,0,0,0,0,0,0
0.02306,0.024516,0.024775,0,0,0,0,0,0,0,0,0,0,0,0
0.02195,0.022052,0.023873,0,0,0,0,0,0,0,0,0,0,0,0
0.04595,0.04494,0.054797,0,0,0,0,0,0,0,0,0,0,0,0
0.024246,0.026459,0.021359,0,0,0,0,0,0,0,0,0,0,0,0
0.02062,0.023672,0.021318,0,0,0,0,0,0,0,0,0,0,0,0
0.027954,0.027317,0.024865,0,0,0,0,0,0,0,0,0,0,0,0
0.022677,0.021851,0.021394,0,0,0,0,0,0,0,0,0,0,0,0
0.024186,0.021464,0.027726,0,0,0,0,0,0,0,0,0,0,0,0
0.04828,0.045883,0.047181,0,0,0,0,0,0,0,0,0,0,0,0
0.023086,0.021666,0.026298,0,0,0,0,0,0,0,0,0,0,0,0
