1.2193
0.15057
0.084615
0.066192
0.097688
0.081065
0.053573
0.053612
0.051487
0.024918
0.025252
0.024921
0.025151
0.02602
0.052465
0.026308
0.024419
0.026774
0.033183
0.025653
0.048231
0.026512
0.027203
0.024311
0.025288
0.025359
0.047921
0.027217
0.02741
0.02718
0.034898
0.027991
0.05486
0.02753
0.033066
0.029429
0.024925
0.026152
0.049174
0.030169
0.024062
0.024596
0.025927
0.026701
0.049035
0.026052
0.026096
0.025031
0.024575
0.027263
0.047997
0.024871
0.024973
0.042338
0.026755
0.024633
0.052461
0.026056
0.033553
0.024926
0.024417
0.025552
0.05101
0.024846
0.027103
0.027978
0.027079
0.02561
0.053734
0.027262
0.024606
0.026037
0.024993
0.025824
0.056116
0.0255
0.02513
0.02481
0.034209
0.023889
0.052217
0.024919
0.031944
0.024307
0.024627
0.036087
0.055978
0.025854
0.027204
0.025791
0.025677
0.033323
0.050073
0.035779
0.024516
0.036809
0.028015
0.03252
0.049383
0.036395
0.023748
0.024208
0.023778
0.024435
0.05005
0.024923
0.024086
0.024007
0.023732
0.024542
0.059228
0.036596
0.02496
0.025673
0.024137
0.025257
0.058578
0.025687
0.025119
0.026406
0.030566
0.035925
0.047364
0.037175
0.026651
0.03375
0.029401
0.027579
0.055633
0.038978
0.024111
0.027174
0.024016
0.025194
0.049622
0.025667
0.025307
0.028555
0.024166
0.032029
0.048631
0.027074
0.02599
0.025512
0.025419
0.025642
0.051644
0.025436
0.026956
0.034967
0.02647
0.047061
0.055965
0.026824
0.024625
0.02447
0.026367
0.024454
0.057225
0.038956
0.029459
0.027332
0.027049
0.035499
0.057287
0.026622
0.025123
0.027069
0.025247
0.024481
0.048861
0.024218
0.025828
0.023629
0.024064
0.025913
0.056341
0.03663
0.023893
0.024447
0.024621
0.024639
0.049134
0.02489
0.023958
0.024902
0.025331
0.026549
0.050266
0.024348
0.024544
0.040448
0.026137
0.025036
0.052784
0.027148
0.026319
0.026714
0.025023
0.026824
0.056644
0.027214
0.033355
0.024528
0.024699
0.034288
0.048657
0.025918
0.027621
0.024807
0.0309
0.02392
0.049584
0.024535
0.026715
0.025762
0.025513
0.024512
0.051007
0.024769
0.023511
0.023895
0.026318
0.027604
0.050876
0.034364
0.024419
0.024061
0.023541
0.023679
0.049426
0.027646
0.032202
0.023998
0.035136
0.031525
0.052946
0.035768
0.026261
0.025791
0.032664
0.036293
0.048786
0.02418
0.025581
0.024191
0.036389
0.026054
0.047646
0.024816
0.025174
0.03275
0.036686
0.026127
0.060261
0.023999
0.024241
0.024055
0.025828
0.026478
0.047279
0.025578
0.024202
0.023913
0.024152
0.02347
0.046664
0.03385
0.02387
0.024908
0.023289
0.024745
0.046804
0.024679
0.023484
0.025279
0.025119
0.024361
0.045409
0.024011
0.023103
0.02424
0.024111
0.023672
0.046795
0.030015
0.02566
0.02384
0.024215
0.02441
0.045918
0.022721
0.024153
0.023611
0.024385
0.023984
0.045998
0.030914
0.023554
0.023598
0.03634
0.023475
0.06074
0.025108
0.024042
0.024644
0.035162
0.035848
0.046784
0.025902
0.040503
0.024016
0.025376
0.024721
0.051513
0.024005
0.025837
0.026554
0.025782
0.031806
0.047058
0.023451
0.023636
0.023057
0.023309
0.024393
0.047499
0.023925
0.024622
0.025354
0.024522
0.024117
0.047478
0.024098
0.025855
0.037176
0.024192
0.023132
0.052387
0.028329
0.025571
0.028398
0.024903
0.027228
0.055036
0.02509
0.025162
0.028364
0.025721
0.025994
0.056562
0.038769
0.031688
0.025732
0.026915
0.027365
0.054548
0.02377
0.022918
0.029302
0.023646
0.0233
0.04581
0.023593
0.023144
0.023491
0.023629
0.02362
0.046671
0.03275
0.02325
0.023799
0.023451
0.02319
0.045937
0.022755
0.023295
0.022792
0.023155
0.023909
0.046517
0.027812
0.025458
0.025439
0.026185
0.024657
0.05484
0.025565
0.024927
0.025648
0.025126
0.025645
0.053223
0.025535
0.025323
0.034585
0.025158
0.032282
0.056426
0.026209
0.026244
0.024278
0.025089
0.024037
0.06702
0.026059
0.024789
0.033541
0.02521
0.026373
0.054745
0.024333
0.025515
0.025634
0.034777
0.030192
0.04645
0.023721
0.033718
0.024003
0.024103
0.024414
0.047413
0.024091
0.023916
0.024323
0.023407
0.022629
0.057323
0.023706
0.023415
0.023459
0.023759
0.024559
0.046587
0.028658
0.036775
0.022711
0.024141
0.023875
0.044969
0.024047
0.024677
0.023522
0.022511
0.031609
0.044579
0.039486
0.023409
0.024304
0.022857
0.024291
0.045774
0.024399
0.023255
0.023558
0.023307
0.023773
0.046513
0.022549
0.022728
0.02338
0.024054
0.022445
0.046534
0.031212
0.02423
0.025406
0.023657
0.024219
0.059773
0.023277
0.024167
0.024237
0.023066
0.023449
0.051718
0.025805
0.025114
0.025921
0.02448
0.023843
0.04656
0.022986
0.039013
0.023334
0.021936
0.022724
0.054578
0.023363
0.024695
0.024446
0.023891
0.023416
0.055092
0.023141
0.022985
0.022276
0.027729
0.032671
0.048675
0.042034
0.02702
0.039183
0.025672
0.029298
0.053354
0.02626
0.030616
0.036067
0.02493
0.025674
0.059563
0.036063
0.022749
0.022857
0.02288
0.022714
0.045764
0.032941
0.024417
0.024238
0.024676
0.02558
0.062932
0.024433
0.026419
0.024919
0.023347
0.025224
0.064837
0.035588
0.026341
0.03426
0.021983
0.023543
0.050769
0.02433
0.024671
0.023509
0.023787
0.023534
0.046529
0.029177
0.037985
0.023946
0.024475
0.022873
0.046676
0.024414
0.029199
0.022706
0.036086
0.035868
0.056526
0.022499
0.023798
0.0245
0.031925
0.023759
0.045261
0.024182
0.024484
0.024715
0.024289
0.027151
0.046806
0.024833
0.024372
0.03498
0.025918
0.023509
0.049436
0.023547
0.024726
0.035988
0.036075
0.022999
0.046591
0.023759
0.022742
0.024696
0.024274
0.024146
0.049025
0.028472
0.023649
0.024215
0.026316
0.022584
0.047543
0.026235
0.036294
0.022888
0.036184
0.028894
0.052526
0.028377
0.030659
0.030213
0.025126
0.025276
0.05456
0.02702
0.035775
0.036227
0.024348
0.025263
0.055041
0.025328
0.025108
0.024459
0.02511
0.029661
0.054872
0.025514
0.026139
0.023475
0.023673
0.023878
0.046693
0.023503
0.024058
0.029744
0.024385
0.035914
0.04835
0.023642
0.022732
0.026354
0.027388
0.025598
0.056097
0.025286
0.025762
0.02555
0.025787
0.02532
0.055782
0.026673
0.025691
0.025103
0.025592
0.027949
0.047778
0.023583
0.024363
0.024077
0.023025
0.023308
0.045487
0.023374
0.022993
0.034712
0.022639
0.023299
0.047998
0.025162
0.023855
0.023411
0.024013
0.022863
0.04671
0.023616
0.029094
0.024356
0.024952
0.035722
0.049225
0.02381
0.043462
0.023814
0.023319
0.023469
0.046287
0.023889
0.031265
0.023657
0.0235
0.023408
0.051381
0.024854
0.03537
0.023618
0.023159
0.023447
0.04621
0.023358
0.023771
0.023849
0.02332
0.023471
0.049249
0.036008
0.02306
0.024336
0.02384
0.024238
0.045617
0.023307
0.023419
0.023509
0.02304
0.023052
0.045481
0.023763
0.0232
0.023732
0.024566
0.02306
0.052183
0.022688
0.022539
0.022662
0.022872
0.023143
0.045044
0.023125
0.024029
0.034626
0.023739
0.024506
0.04796
0.036239
0.023104
0.024464
0.033815
0.02234
0.043746
0.03246
0.022665
0.023115
0.023407
0.023275
0.052555
0.024119
0.022907
0.02319
0.022669
0.022743
0.045742
0.031256
