0.000129
0.23649
0.005728
0.005632
0.005184
0.005301
0.005697
0.005276
0.005174
0.00519
0.005162
0.005199
0.005441
0.005317
0.00527
0.005477
0.005592
0.006035
0.005233
0.005199
0.005222
0.005278
0.005151
0.005276
0.005136
0.005838
0.005203
0.005213
0.005823
0.00516
0.005117
0.005209
0.00524
0.005327
0.005872
0.005314
0.005522
0.005334
0.005509
0.005368
0.005731
0.005234
0.005599
0.00537
0.005301
0.005484
0.006039
0.005271
0.005164
0.005188
0.005211
0.005313
0.006017
0.005274
0.005507
0.00552
0.005627
0.005764
0.00568
0.005472
0.005335
0.005297
0.005199
0.005398
0.005515
0.011552
0.011667
NaN
NaN
NaN
NaN
0.000172
0.23135
0.006162
0.00575
0.005352
0.005137
0.005036
0.005285
0.005341
0.005166
0.005082
0.005368
0.005035
0.005108
0.005274
0.005289
0.005333
0.005248
0.005854
0.005701
0.005267
0.00544
0.005448
0.005297
0.005261
0.005309
0.005293
0.005102
0.005918
0.005105
0.005861
0.006167
0.005088
0.005311
