1.1541
0.16131
0.089874
0.072321
0.099025
NaN
0.078936
NaN
NaN
NaN
NaN
NaN
1.224
0.15104
0.089538
0.070861
0.099025
NaN
0.083623
NaN
0.059967
0.057219
0.061575
NaN
0.027905
0.026408
0.024484
0.028388
0.037437
0.049542
0.035896
0.025304
0.026798
0.025776
0.028717
0.0498
0.025666
0.025835
0.024501
0.031958
0.037299
0.063682
0.034328
0.027248
0.032144
0.046126
0.038786
0.057506
0.028686
0.036127
0.02477
0.026987
0.02676
0.055653
0.031068
0.028308
0.036531
NaN
NaN
NaN
NaN
1.0109
0.14502
0.072844
0.059085
0.085127
NaN
0.071597
0.041774
0.040289
0.042252
0.022634
0.021767
0.024602
0.021647
0.029953
0.047972
0.021516
0.021625
0.021081
0.021437
0.024123
0.040885
0.02142
0.031275
0.021323
0.022017
0.022068
0.043943
0.021591
0.021668
0.028141
0.031955
0.025752
0.049015
0.023788
0.029389
0.022694
0.034531
0.037049
0.047393
0.024048
0.023629
0.024834
0.022666
0.022661
0.043306
0.023616
0.022556
0.023878
0.02094
0.022164
0.038449
0.024939
0.023187
0.023079
0.023319
0.024125
0.054335
0.023736
0.020794
0.026279
0.023326
0.022875
0.039794
0.024156
0.023222
0.035463
0.021619
0.021585
0.03924
0.021528
0.021935
0.023622
0.023909
0.023682
0.041551
0.021542
0.022909
0.020597
0.023579
0.021661
0.039162
0.022086
0.022828
0.022894
0.020724
