0.000173
0.24577
0.009359
0.007303
0.006811
0.007782
0.012381
0.009758
0.007999
0.014891
0.009731
0.008037
0.007322
NaN
NaN
NaN
NaN
0.000162
0.23495
0.008749
0.007583
0.007975
0.007565
0.007675
0.007598
0.008122
0.007667
0.007881
0.008037
0.008146
0.008087
0.008022
NaN
NaN
NaN
NaN
0.000171
0.22169
0.007258
0.007196
0.013028
0.010205
0.014871
0.013611
0.01055
0.008386
0.007016
0.006365
0.006973
0.006357
0.006413
0.00648
0.006607
0.006702
0.006738
0.007309
0.006902
0.006526
0.006407
0.006401
0.007426
0.014059
0.0104
0.007605
0.006785
0.006656
0.00646
0.006393
0.006395
0.006347
0.006585
0.006572
0.006313
0.00667
0.006526
NaN
NaN
NaN
NaN
0.000152
0.22817
0.007089
NaN
NaN
NaN
NaN
0.000159
0.23161
0.01457
0.011634
0.008332
0.00745
NaN
NaN
NaN
NaN
0.000171
0.22991
0.008606
0.008493
0.008824
0.007901
NaN
NaN
NaN
NaN
0.000148
0.22129
0.007805
0.007097
0.006691
0.00663
0.006543
0.006676
0.00651
0.007224
0.007468
0.006967
0.006578
0.006741
0.006556
0.006767
0.006663
0.007364
0.006671
0.006663
0.006646
0.006693
0.006783
0.006562
0.007495
0.006914
NaN
NaN
NaN
NaN
0.000152
0.22805
0.007991
0.006833
0.006594
0.006638
0.006644
0.006841
0.006598
0.006623
0.006544
0.006565
0.007016
0.006522
0.006583
0.006424
0.006639
0.007273
0.00653
0.006535
0.006726
0.006475
0.006776
0.00656
