0.000127,0.000154,0.000142,0.000149,9e-05,0.000156,0.000145,0.000226,0.000145,0.000133,0.000137,0.000195,0.00014,0.00024,9e-05
0.60647,0.63577,0.59699,0.62587,0.61321,0.61145,0.61914,0.6001,0.61841,0.60155,0.58883,0.61504,0.63798,0.62775,0.59729
0.017243,0.018021,0.016971,0.01723,0.017428,0.017219,0.01955,0.017669,0.0183,0.017275,0.016905,0.019745,0.017634,0.017291,0.017834
0.016622,0.017351,0.016899,0.016759,0.016747,0.016429,0.018161,0.016614,0.016682,0.016424,0.016747,0.017499,0.016457,0.016551,0.016105
0.017032,0.017348,0.016843,0.01707,0.016495,0.016777,0.017422,0.017192,0.016863,0.017198,0.016742,0.017537,0.016651,0.016962,0.016502
0.017068,0.017845,0.017016,0.018014,0.017148,0.017255,0.017278,0.01745,0.016741,0.017028,0.016988,0.019268,0.016923,0.016903,0.017084
0.01741,0.017911,0.017827,0.017602,0.017337,0.017353,0.017156,0.017906,0.017659,0.017336,0.017036,0.017521,0.017258,0.017706,0.017427
0.032899,0.029728,0.034229,0.034345,0.029636,0.030126,0.031708,0.033051,0.029477,0.033311,0.029383,0.033349,0.034798,0.033807,0.029079
0.033155,0.031947,0.03288,0.03436,0.033244,0.031989,0.032353,0.035175,0.032461,0.032504,0.032442,0.032387,0.032462,0.041404,0.031931
0.033415,0.033218,0.035831,0.03966,0.033461,0.031791,0.031493,0.035492,0.033035,0.036746,0.032346,0.031972,0.036092,0.033079,0.031746
0.030268,0.032445,0.030232,0.026122,0.029851,0.032792,0.032759,0.032991,0.031848,0.029572,0.031513,0.034546,0.029467,0.025684,0.032885
0.018984,0.021017,0.019521,0.018167,0.022316,0.019146,0.01932,0.01968,0.020587,0.019309,0.018877,0.019932,0.020083,0.020905,0.021344
0.073143,0.078089,0.075464,0.073203,0.074114,0.07949,0.078085,0.078521,0.076934,0.080379,0.077917,0.087372,0.076765,0.073117,0.083302
0.021376,0.022195,0.022202,0.021597,0.026735,0.024981,0.02183,0.022404,0.019179,0.024377,0.024005,0.020006,0.021058,0.027031,0.026724
0.018241,0.019314,0.018661,0.019274,0.018465,0.019166,0.018886,0.019043,0.01868,0.018763,0.018668,0.018549,0.018457,0.019025,0.018773
0.018574,0.019459,0.018346,0.019351,0.018733,0.019041,0.018652,0.0192,0.01905,0.019216,0.018371,0.018596,0.019075,0.018334,0.019484
0.018243,0.018192,0.018283,0.017839,0.018159,0.017919,0.018276,0.017826,0.018144,0.019367,0.017686,0.018152,0.01794,0.020456,0.018272
0.017862,0.018663,0.017782,0.017532,0.019991,0.018289,0.018491,0.01785,0.018046,0.01863,0.017821,0.018706,0.017883,0.019935,0.018205
0.017541,0.017777,0.017715,0.017941,0.018072,0.017908,0.018064,0.018062,0.017688,0.017577,0.017969,0.017848,0.017438,0.019243,0.017994
0.018064,0.018043,0.018278,0.018393,0.017282,0.017741,0.018264,0.018011,0.017938,0.02027,0.018185,0.018267,0.017958,0.017832,0.017846
0.018583,0.018461,0.018095,0.017923,0.017989,0.018234,0.017947,0.018264,0.017914,0.017895,0.01798,0.017816,0.018079,0.019365,0.017938
0.018234,0.018436,0.018247,0.018637,0.018369,0.018087,0.018455,0.017886,0.018352,0.017975,0.018391,0.018201,0.018274,0.018537,0.018497
0.017731,0.017965,0.017457,0.017599,0.017663,0.017477,0.017971,0.018138,0.018201,0.017788,0.018087,0.018068,0.017902,0.019353,0.018571
0.017207,0.017424,0.017791,0.017142,0.017751,0.01739,0.01734,0.017837,0.017258,0.017174,0.017066,0.017313,0.017129,0.017644,0.017931
0.01748,0.017763,0.017144,0.017372,0.019617,0.017582,0.01772,0.017496,0.01755,0.017368,0.018206,0.018286,0.017612,0.018883,0.018029
0.018739,0.018592,0.01879,0.018477,0.018613,0.018713,0.018748,0.020435,0.019,0.018517,0.018879,0.01922,0.01896,0.01835,0.018984
0.019361,0.020088,0.018954,0.019227,0.018996,0.018798,0.018614,0.022463,0.019143,0.020848,0.018381,0.019295,0.01901,0.018334,0.02155
0.019828,0.019533,0.018833,0.019888,0.019275,0.019282,0.019076,0.020034,0.019757,0.019544,0.018847,0.020158,0.019077,0.019165,0.019418
0.018257,0.018136,0.018672,0.018435,0.02074,0.018923,0.018539,0.018096,0.018945,0.018147,0.018637,0.018079,0.019099,0.018772,0.018043
0.018443,0.018528,0.018429,0.018607,0.017639,0.018178,0.018026,0.017736,0.018053,0.019578,0.018464,0.017555,0.019118,0.017785,0.018008
0.018578,0.018314,0.018363,0.018145,0.018312,0.02281,0.018345,0.018555,0.019009,0.018887,0.018507,0.018756,0.018199,0.018896,0.018659
0.019746,0.01956,0.018988,0.019284,0.018946,0.020846,0.01905,0.019046,0.019164,0.01915,0.018848,0.019069,0.019148,0.019436,0.019325
0.019302,0.02005,0.019135,0.019517,0.021366,0.019296,0.019198,0.019088,0.019645,0.019266,0.019406,0.020737,0.019192,0.019495,0.019435
0.019452,0.019554,0.019577,0.01923,0.022353,0.019665,0.019344,0.01933,0.01951,0.02199,0.019264,0.01978,0.019478,0.019364,0.019295
0.017623,0.018536,0.017981,0.018778,0.019759,0.017772,0.017782,0.017956,0.018207,0.019311,0.018256,0.018276,0.018197,0.018207,0.018397
0.019609,0.01799,0.017994,0.018208,0.018462,0.017812,0.018317,0.020078,0.018754,0.022623,0.017937,0.017896,0.018145,0.017926,0.018247
0.018068,0.018031,0.018919,0.01895,0.019087,0.017775,0.017738,0.017861,0.018136,0.018241,0.018402,0.017688,0.017916,0.019087,0.020122
0.020552,0.018992,0.019207,0.019128,0.01847,0.019144,0.019117,0.018677,0.019547,0.019366,0.018785,0.019681,0.019687,0.01913,0.01927
0.021012,0.019347,0.019356,0.019375,0.021946,0.019275,0.019321,0.01919,0.019054,0.018844,0.019315,0.019846,0.019511,0.019275,0.019503
0.019267,0.01935,0.019819,0.019336,0.019389,0.019528,0.019319,0.019675,0.01967,0.019234,0.019453,0.019118,0.019552,0.019244,0.01922
0.020796,0.018572,0.018698,0.019176,0.019724,0.018725,0.01819,0.01828,0.018919,0.019273,0.018711,0.018567,0.018391,0.018721,0.018527
0.018464,0.017672,0.018533,0.018834,0.018218,0.017922,0.017745,0.017789,0.018167,0.029963,0.017679,0.017573,0.018454,0.01804,0.018063
0.018348,0.018791,0.018169,0.018088,0.018307,0.017995,0.018371,0.020871,0.018214,0.025024,0.018252,0.018124,0.018574,0.018653,0.018283
0.019122,0.019403,0.018654,0.019265,0.019039,0.018848,0.019037,0.018699,0.019592,0.020016,0.018959,0.019737,0.019294,0.018759,0.021145
0.019287,0.018864,0.01978,0.019333,0.019154,0.019384,0.019169,0.019059,0.019668,0.019238,0.019372,0.01914,0.019879,0.019503,0.019223
0.019331,0.019424,0.01929,0.019988,0.019127,0.019644,0.019219,0.02247,0.019568,0.019159,0.019575,0.019223,0.019289,0.019569,0.019226
0.018715,0.017837,0.018454,0.01875,0.018074,0.017632,0.017717,0.017948,0.018591,0.018332,0.018776,0.018305,0.017757,0.018707,0.019437
0.018116,0.019273,0.017839,0.017912,0.017613,0.017469,0.017489,0.017277,0.017671,0.01767,0.01746,0.017718,0.017685,0.018584,0.018071
0.018069,0.01825,0.020577,0.018798,0.017374,0.017682,0.018226,0.01773,0.018282,0.017669,0.018321,0.017918,0.017811,0.018558,0.018049
0.019463,0.018474,0.018912,0.019153,0.018211,0.018376,0.018415,0.021853,0.018619,0.018473,0.019095,0.018502,0.018497,0.019076,0.018409
0.018793,0.018984,0.019095,0.019713,0.018676,0.018496,0.018399,0.019462,0.019102,0.018631,0.018852,0.019035,0.018924,0.01915,0.021596
0.019673,0.020053,0.020517,0.018994,0.019167,0.018899,0.019254,0.023321,0.019078,0.019099,0.018808,0.01895,0.018703,0.019097,0.019204
0.018764,0.018327,0.018135,0.017949,0.018039,0.019106,0.018504,0.01776,0.018146,0.01847,0.017904,0.018641,0.017954,0.018037,0.023162
0.018585,0.017866,0.018195,0.018468,0.01792,0.017603,0.017431,0.019764,0.018501,0.018021,0.01794,0.017788,0.017503,0.017984,0.017855
0.018784,0.018412,0.017818,0.018318,0.018063,0.018121,0.018099,0.018094,0.018819,0.017977,0.017694,0.017855,0.017706,0.018202,0.019202
0.018994,0.018309,0.018758,0.01935,0.018532,0.018631,0.018887,0.01946,0.018644,0.018458,0.018943,0.019151,0.018594,0.018422,0.018872
0.022863,0.018674,0.01877,0.019477,0.019117,0.01861,0.018735,0.020793,0.019512,0.01893,0.019241,0.01881,0.019197,0.018462,0.018688
0.019256,0.018902,0.018973,0.019916,0.019109,0.019188,0.018503,0.021099,0.019004,0.019276,0.019483,0.019345,0.018794,0.018679,0.022328
0.018263,0.018142,0.017878,0.019373,0.018262,0.018006,0.018584,0.019091,0.018051,0.018673,0.019052,0.019342,0.017946,0.01843,0.018883
0.017455,0.017589,0.017903,0.018376,0.01781,0.017707,0.018039,0.017791,0.018228,0.018187,0.018359,0.017753,0.017357,0.018639,0.018522
0.01834,0.017971,0.018014,0.018761,0.017893,0.018039,0.017917,0.018722,0.018041,0.018573,0.018925,0.017991,0.018072,0.017888,0.018376
0.018901,0.018465,0.018994,0.019644,0.017889,0.018077,0.019412,0.018895,0.01831,0.018643,0.020035,0.018884,0.018544,0.019573,0.018987
0.019133,0.018822,0.019327,0.019833,0.019217,0.018438,0.0186,0.019155,0.019142,0.019318,0.021893,0.018665,0.019058,0.020209,0.018973
0.018934,0.019575,0.018639,0.019935,0.018553,0.018708,0.018559,0.019281,0.019158,0.019305,0.020091,0.018211,0.019076,0.020161,0.018724
0.018343,0.017842,0.01825,0.018967,0.01867,0.019145,0.018636,0.018293,0.01834,0.019021,0.020963,0.01854,0.017997,0.019989,0.017977
0.017754,0.017861,0.0182,0.018933,0.018282,0.017943,0.018229,0.018025,0.018396,0.018367,0.020002,0.018423,0.017914,0.019308,0.017816
0.021156,0.017753,0.018111,0.018533,0.017956,0.018289,0.018373,0.0181,0.018114,0.018555,0.019103,0.018376,0.017767,0.019461,0.018314
0.019224,0.018663,0.02246,0.019356,0.018663,0.018669,0.018704,0.018494,0.018558,0.019163,0.019761,0.01903,0.018942,0.019165,0.019001
0.019125,0.018574,0.019239,0.02023,0.019067,0.021267,0.019318,0.019621,0.018874,0.020006,0.019394,0.019496,0.018757,0.020178,0.019014
0.01919,0.018938,0.018978,0.019808,0.018581,0.019128,0.019176,0.01943,0.019076,0.02001,0.019473,0.018893,0.018755,0.019603,0.019363
0.018045,0.018381,0.01785,0.018963,0.018152,0.018404,0.017964,0.018581,0.018463,0.019032,0.018788,0.018356,0.017915,0.018615,0.018491
0.017778,0.017875,0.018062,0.018613,0.01759,0.017755,0.017342,0.017963,0.017999,0.018013,0.01851,0.017834,0.0174,0.019351,0.017754
0.020143,0.017738,0.018414,0.018934,0.018292,0.018073,0.017802,0.017896,0.017869,0.01915,0.018311,0.017452,0.017511,0.018884,0.018171
0.01886,0.018443,0.01844,0.019126,0.019206,0.018416,0.018652,0.019003,0.019134,0.019527,0.019914,0.018648,0.018299,0.019973,0.018641
0.019067,0.019163,0.019417,0.019304,0.019201,0.018731,0.019138,0.019476,0.018994,0.019799,0.020025,0.01936,0.018589,0.01963,0.019097
0.018761,0.018746,0.019542,0.019357,0.018912,0.019472,0.019167,0.019682,0.018981,0.019095,0.020356,0.018688,0.018746,0.019413,0.019059
0.01992,0.018165,0.018551,0.018817,0.018344,0.018844,0.018195,0.019683,0.018031,0.018821,0.019535,0.018978,0.017957,0.018711,0.018429
0.017781,0.018337,0.021422,0.01928,0.018126,0.01892,0.019073,0.019017,0.017835,0.018513,0.019616,0.017684,0.022513,0.018297,0.01834
0.01764,0.017966,0.018164,0.019226,0.018388,0.018719,0.018463,0.018871,0.01794,0.01847,0.019276,0.018251,0.018439,0.019144,0.017683
0.018568,0.018611,0.019087,0.019557,0.018493,0.018887,0.019021,0.019669,0.018303,0.019607,0.01998,0.018615,0.018536,0.019597,0.018228
0.029061,0.019068,0.019234,0.019685,0.019239,0.019423,0.019131,0.019943,0.018652,0.019645,0.022463,0.018829,0.021554,0.019864,0.018815
0.026467,0.019457,0.019628,0.022656,0.019197,0.023084,0.019083,0.019548,0.019289,0.019098,0.020181,0.01944,0.018911,0.019888,0.019272
0.022565,0.020557,0.019246,0.018677,0.018467,0.022584,0.018616,0.018796,0.018655,0.018899,0.018539,0.018373,0.018068,0.018907,0.018419
0.019796,0.018675,0.020275,0.018627,0.018117,0.020352,0.018666,0.018036,0.019566,0.018059,0.018222,0.017878,0.018595,0.019444,0.017834
0.019039,0.018077,0.018712,0.020641,0.018019,0.018503,0.018245,0.018905,0.01821,0.018066,0.018196,0.018864,0.017792,0.019107,0.017996
0.021417,0.020847,0.019379,0.019309,0.018935,0.018947,0.019565,0.018913,0.01918,0.018551,0.019607,0.019297,0.018571,0.019516,0.019125
0.021457,0.019584,0.019372,0.019103,0.019141,0.019072,0.019221,0.020354,0.022185,0.018948,0.019462,0.018995,0.01933,0.020126,0.019622
0.019611,0.019494,0.029737,0.021481,0.018647,0.019063,0.019675,0.019426,0.019473,0.018604,0.019153,0.019265,0.018837,0.019664,0.01913
0.019327,0.018234,0.018014,0.018673,0.018328,0.018544,0.018299,0.018403,0.018721,0.017792,0.018292,0.018282,0.018895,0.018859,0.018229
0.018104,0.018113,0.017666,0.01831,0.018181,0.018263,0.017826,0.019025,0.018527,0.017823,0.018774,0.018152,0.018141,0.019287,0.017554
0.019559,0.018664,0.020333,0.018135,0.017797,0.017948,0.018247,0.018601,0.018444,0.017976,0.020512,0.018607,0.01817,0.020185,0.018035
0.019261,0.019189,0.018562,0.019039,0.018274,0.018273,0.019189,0.018387,0.019364,0.018482,0.018915,0.018503,0.018757,0.020688,0.019151
0.018909,0.019183,0.024838,0.019631,0.019306,0.019095,0.019558,0.019395,0.019402,0.019296,0.0194,0.019189,0.019306,0.020274,0.019414
0.020182,0.020189,0.018644,0.019914,0.019148,0.022722,0.020041,0.019219,0.019962,0.019051,0.020277,0.018911,0.020116,0.02075,0.018613
0.019185,0.01946,0.020956,0.019518,0.018452,0.01907,0.019022,0.018429,0.018577,0.018779,0.019588,0.017959,0.018379,0.019644,0.018196
0.018806,0.018572,0.018983,0.01859,0.018206,0.01829,0.018778,0.018121,0.018773,0.017865,0.019653,0.017702,0.017734,0.019007,0.017687
0.018938,0.018924,0.019981,0.019459,0.018036,0.018107,0.01883,0.018299,0.018617,0.017933,0.019886,0.018003,0.02051,0.018381,0.017812
0.019925,0.019776,0.019259,0.01979,0.018315,0.018918,0.019664,0.018574,0.019814,0.018864,0.01978,0.018266,0.018929,0.019974,0.019201
0.020256,0.020486,0.019699,0.02007,0.01938,0.019425,0.01989,0.019322,0.019632,0.019491,0.019822,0.018535,0.019011,0.019797,0.020107
0.019874,0.02015,0.020373,0.020893,0.019431,0.019881,0.021722,0.019871,0.020378,0.018982,0.021976,0.019007,0.019357,0.019494,0.018875
0.019141,0.021002,0.019119,0.019967,0.01859,0.021093,0.028207,0.018929,0.019411,0.018471,0.019298,0.020263,0.018483,0.018632,0.018189
0.019215,0.01857,0.019578,0.019263,0.018542,0.018268,0.01943,0.01843,0.019238,0.017982,0.01908,0.017312,0.01805,0.018487,0.018117
0.019704,0.018863,0.01847,0.021771,0.017453,0.01836,0.021185,0.018923,0.020426,0.018004,0.018942,0.017349,0.017815,0.018048,0.018451
0.020517,0.018777,0.019385,0.019782,0.01849,0.02025,0.019606,0.018761,0.020192,0.018917,0.022066,0.020162,0.018635,0.019105,0.018415
0.020001,0.018916,0.020026,0.02054,0.019789,0.020411,0.018977,0.019197,0.020242,0.01906,0.020258,0.018305,0.01868,0.019215,0.019305
0.020163,0.019033,0.019856,0.019757,0.019412,0.019483,0.019869,0.019445,0.020207,0.019052,0.023642,0.01902,0.018828,0.019644,0.018516
0.01926,0.018986,0.019147,0.019815,0.018511,0.018829,0.018603,0.018479,0.019543,0.018233,0.019058,0.017584,0.020489,0.01912,0.018311
0.018612,0.018635,0.018501,0.01937,0.017833,0.020117,0.018756,0.018141,0.019725,0.018306,0.020362,0.017541,0.017567,0.018544,0.018075
0.018844,0.018738,0.018904,0.018711,0.018471,0.019141,0.01903,0.018342,0.019485,0.01844,0.018862,0.018508,0.01802,0.018823,0.017642
0.019613,0.018914,0.01974,0.019588,0.019283,0.022408,0.019606,0.018515,0.020411,0.018927,0.021645,0.019126,0.018409,0.019468,0.018919
0.020118,0.019282,0.019736,0.019705,0.019205,0.020249,0.020185,0.019457,0.020341,0.019009,0.022336,0.020112,0.019009,0.019162,0.018758
0.019648,0.01934,0.019804,0.019928,0.019999,0.021909,0.020055,0.019332,0.022867,0.018948,0.020811,0.018996,0.018934,0.019561,0.018961
0.01867,0.019162,0.018808,0.021119,0.018497,0.020338,0.019385,0.019118,0.019056,0.018124,0.018973,0.018508,0.018724,0.018455,0.018297
0.018818,0.018578,0.01897,0.018644,0.017934,0.018618,0.01846,0.018218,0.018652,0.018119,0.018931,0.017445,0.018504,0.018487,0.018023
0.018782,0.018373,0.019428,0.019231,0.018445,0.021512,0.018291,0.018363,0.019475,0.018545,0.019262,0.018395,0.018598,0.018571,0.017931
0.020342,0.018607,0.019819,0.020152,0.018798,0.01931,0.019442,0.018953,0.019901,0.01908,0.019646,0.019021,0.018679,0.018813,0.018743
0.020093,0.018906,0.020004,0.019784,0.019483,0.019666,0.019931,0.019387,0.020137,0.019237,0.019934,0.019611,0.019638,0.01958,0.018774
0.02036,0.022816,0.019662,0.019879,0.019531,0.019887,0.019317,0.019801,0.02173,0.018749,0.019882,0.019243,0.019133,0.019454,0.018776
0.01982,0.018122,0.018992,0.021041,0.018513,0.01883,0.019346,0.0193,0.018506,0.018572,0.019347,0.018111,0.018229,0.01862,0.018214
0.018841,0.017461,0.019055,0.018549,0.017965,0.018413,0.018687,0.018277,0.017978,0.018322,0.019259,0.019856,0.017886,0.018329,0.017429
0.019401,0.021258,0.018789,0.018935,0.018238,0.018265,0.018668,0.018025,0.01807,0.017845,0.018765,0.017584,0.018766,0.018641,0.01793
0.01941,0.018342,0.01974,0.019322,0.018884,0.019278,0.018759,0.018687,0.019117,0.01813,0.019754,0.018663,0.018724,0.018932,0.018429
0.019415,0.018997,0.019098,0.022563,0.019172,0.019273,0.019063,0.01931,0.019872,0.018926,0.019918,0.018933,0.020084,0.019383,0.019124
0.019822,0.019034,0.019298,0.020479,0.019204,0.01991,0.019465,0.019612,0.019149,0.018614,0.020241,0.019054,0.019084,0.019085,0.018629
0.018734,0.021306,0.018084,0.019512,0.018385,0.018962,0.018317,0.018922,0.018777,0.01878,0.01926,0.018304,0.019334,0.021712,0.018243
0.019071,0.018089,0.018113,0.02145,0.017928,0.018726,0.018332,0.018632,0.018394,0.018427,0.019339,0.018808,0.018195,0.018644,0.018445
0.019018,0.025709,0.018825,0.020035,0.018429,0.019346,0.01852,0.018753,0.019159,0.019114,0.019383,0.018146,0.018048,0.018886,0.018975
0.019868,0.019759,0.019146,0.024435,0.018878,0.019636,0.021668,0.018946,0.022128,0.018261,0.019696,0.018639,0.01879,0.019915,0.018948
0.020359,0.022126,0.019353,0.01989,0.019002,0.020088,0.019724,0.019378,0.019409,0.018438,0.019978,0.018746,0.01885,0.019737,0.018975
0.019953,0.019108,0.020212,0.022048,0.018955,0.019536,0.01938,0.019251,0.020084,0.019033,0.020165,0.020909,0.018839,0.019376,0.018905
0.019257,0.021337,0.019208,0.019071,0.017631,0.019218,0.018622,0.018686,0.018197,0.018365,0.019137,0.018252,0.018757,0.01922,0.017789
0.018142,0.017652,0.01822,0.022285,0.017393,0.021587,0.018256,0.017887,0.021891,0.018089,0.019052,0.017402,0.017565,0.018634,0.017666
0.018304,0.017728,0.018427,0.018682,0.018219,0.017718,0.017662,0.018245,0.01828,0.017782,0.019951,0.01773,0.018474,0.018277,0.017925
0.019017,0.020593,0.018943,0.019286,0.018263,0.01865,0.0184,0.018649,0.018118,0.01834,0.01957,0.01854,0.018178,0.019172,0.018856
0.019434,0.01916,0.019905,0.020178,0.018702,0.018947,0.018845,0.01888,0.018633,0.019152,0.020092,0.018859,0.018622,0.019714,0.018716
0.020149,0.018508,0.020334,0.020017,0.018849,0.019104,0.018801,0.019114,0.018959,0.019196,0.0196,0.022254,0.01846,0.019619,0.018801
0.019378,0.018174,0.019414,0.019065,0.018246,0.018,0.018391,0.018149,0.018325,0.018159,0.019504,0.018007,0.018082,0.019217,0.01824
0.019175,0.017607,0.018929,0.01826,0.018407,0.017798,0.018318,0.017807,0.017666,0.0182,0.019261,0.017951,0.018019,0.018769,0.018811
0.019397,0.017961,0.019792,0.019136,0.018413,0.017922,0.018746,0.018772,0.018157,0.018156,0.019607,0.017579,0.017782,0.018471,0.018497
0.019799,0.01872,0.020489,0.01946,0.0179,0.018987,0.018725,0.018392,0.018611,0.018421,0.020016,0.021088,0.018732,0.019463,0.019353
0.020149,0.018927,0.019886,0.019695,0.018906,0.018679,0.019372,0.019025,0.01897,0.018784,0.020032,0.019284,0.019553,0.019823,0.019459
0.019931,0.018718,0.019579,0.020897,0.019268,0.01942,0.019892,0.019694,0.019077,0.019078,0.020896,0.019057,0.019015,0.020051,0.018948
0.019426,0.017813,0.017702,0.019454,0.018629,0.018354,0.019506,0.018582,0.01813,0.018723,0.019689,0.018185,0.018404,0.018637,0.018172
0.018307,0.017557,0.017467,0.018755,0.0183,0.018233,0.019617,0.018258,0.017715,0.018046,0.020497,0.019188,0.017892,0.020628,0.018291
0.019024,0.018545,0.018038,0.019259,0.020536,0.019413,0.019768,0.017954,0.01779,0.01809,0.019653,0.018921,0.019098,0.018546,0.018233
0.01954,0.018721,0.018538,0.019713,0.018394,0.019446,0.019832,0.018356,0.018396,0.019238,0.019729,0.020031,0.019139,0.018709,0.018883
0.019967,0.018771,0.018715,0.020049,0.018573,0.019423,0.020591,0.018978,0.01892,0.020232,0.019587,0.019293,0.019148,0.020276,0.019153
0.020789,0.01913,0.018856,0.020076,0.021022,0.019818,0.020079,0.018979,0.019234,0.019092,0.020714,0.019876,0.0189,0.019812,0.018746
0.018749,0.018921,0.018096,0.020387,0.018405,0.018549,0.020833,0.018292,0.017761,0.018373,0.019027,0.018345,0.018088,0.018954,0.018614
0.018945,0.017802,0.017929,0.01899,0.018217,0.01855,0.019001,0.01821,0.018157,0.019173,0.019161,0.018015,0.018018,0.018968,0.01811
0.019026,0.018036,0.0179,0.018911,0.018009,0.018727,0.019105,0.017763,0.018077,0.018007,0.018996,0.020275,0.018329,0.018276,0.018351
0.020817,0.018173,0.018878,0.019873,0.018195,0.019072,0.019228,0.018486,0.018623,0.018587,0.020182,0.018161,0.018538,0.019085,0.018967
0.020511,0.018869,0.019072,0.019685,0.018777,0.019507,0.020637,0.019616,0.019554,0.019044,0.019615,0.018551,0.018707,0.019808,0.018857
0.019888,0.019042,0.01903,0.019713,0.019149,0.020953,0.019783,0.020571,0.019319,0.019102,0.020123,0.019526,0.018543,0.020859,0.019186
0.018924,0.018625,0.017996,0.021801,0.017624,0.018846,0.018835,0.018845,0.017832,0.01839,0.019109,0.018875,0.018203,0.019258,0.017973
0.018426,0.017722,0.017543,0.018803,0.017151,0.018341,0.018503,0.018885,0.018048,0.0177,0.018613,0.018073,0.017751,0.018301,0.017697
0.018963,0.018179,0.017848,0.018652,0.018026,0.018883,0.018881,0.018274,0.018091,0.018502,0.018987,0.018369,0.01764,0.018717,0.017754
0.019271,0.01883,0.018865,0.019456,0.018286,0.019218,0.018737,0.018803,0.018669,0.018584,0.019428,0.018811,0.018398,0.019012,0.018278
0.019272,0.018802,0.019009,0.019998,0.018744,0.019898,0.019671,0.019086,0.018717,0.019001,0.020363,0.019589,0.019053,0.019547,0.018669
0.019772,0.019334,0.019366,0.020188,0.018869,0.0199,0.019862,0.019397,0.018794,0.019742,0.019633,0.01908,0.019162,0.021501,0.019374
0.019049,0.018033,0.019075,0.018885,0.018081,0.018681,0.019496,0.019348,0.017933,0.018261,0.018704,0.018911,0.017977,0.01906,0.018822
0.018558,0.017977,0.017825,0.018684,0.018558,0.018342,0.018406,0.018034,0.017424,0.019722,0.018435,0.019131,0.017652,0.018455,0.019609
0.018889,0.018604,0.018265,0.019235,0.01836,0.018436,0.018948,0.018424,0.017701,0.018135,0.018931,0.01791,0.018096,0.020553,0.017906
0.019135,0.018928,0.019008,0.019673,0.020159,0.019181,0.019122,0.02229,0.0189,0.018637,0.019697,0.019268,0.019598,0.019332,0.018464
0.01958,0.020217,0.019599,0.019604,0.020215,0.019896,0.019718,0.021067,0.020073,0.019147,0.019604,0.019245,0.019766,0.019698,0.02216
0.019812,0.019537,0.019688,0.019633,0.019642,0.019653,0.020016,0.020307,0.020279,0.019741,0.019974,0.020089,0.020404,0.019435,0.019645
0.018661,0.019211,0.01855,0.018781,0.019131,0.019147,0.019581,0.019594,0.018591,0.018259,0.018431,0.019681,0.019262,0.021965,0.018427
0.018795,0.018857,0.017935,0.018575,0.018545,0.018356,0.018596,0.018835,0.017915,0.017585,0.018712,0.019348,0.018043,0.018319,0.018997
0.019214,0.018858,0.018072,0.018274,0.018454,0.018807,0.018997,0.017772,0.017744,0.017676,0.018616,0.01936,0.018035,0.023622,0.018623
0.020061,0.019575,0.019166,0.019455,0.019076,0.019345,0.019139,0.018487,0.018245,0.018365,0.019151,0.019145,0.018443,0.019654,0.019573
0.019643,0.019689,0.020424,0.019502,0.020127,0.01941,0.019857,0.018659,0.018932,0.018844,0.019276,0.020183,0.018761,0.022003,0.019639
0.019998,0.019805,0.019647,0.020203,0.019863,0.019479,0.020203,0.019576,0.019149,0.020636,0.019966,0.020121,0.019293,0.01952,0.019869
0.018507,0.018788,0.019089,0.018677,0.019202,0.018861,0.018933,0.018723,0.018489,0.018483,0.01928,0.019044,0.018186,0.020582,0.019105
0.018647,0.018658,0.018052,0.018849,0.019573,0.02004,0.018833,0.018066,0.017737,0.017901,0.019165,0.019154,0.018473,NaN,0.018725
0.018838,0.01866,0.018613,0.0188,0.018858,0.018645,0.018937,0.01869,0.01759,0.01821,0.019107,0.018904,0.017719,NaN,0.019187
0.019685,0.019934,0.019074,0.020246,0.019589,0.019327,0.019485,0.018798,0.018675,0.019643,0.019809,0.01938,0.018747,NaN,0.019592
0.02022,0.019572,0.019409,0.02005,0.019532,0.019825,0.019723,0.019623,0.019137,0.019268,0.019897,0.020557,0.019083,NaN,0.019966
0.020446,0.019458,0.019079,0.019842,0.020155,0.019489,0.019966,0.019599,0.018846,0.018928,0.019629,0.020346,0.018943,0.000162,0.02025
0.018993,0.019528,0.018602,0.018761,0.019184,0.018618,0.019371,0.018622,0.018333,0.019476,0.019557,0.019425,0.018177,0.61609,0.019029
0.018796,0.018997,0.018041,0.018685,0.018781,0.018933,0.018931,0.019382,0.017788,0.017679,0.018502,0.018814,0.017775,0.017145,0.020987
0.018946,0.018557,0.019175,0.019374,0.01909,0.018371,0.018852,0.018318,0.017865,0.018094,0.019077,0.018673,0.017288,0.016618,0.019133
0.019883,0.019591,0.019938,0.019571,0.019682,0.022063,0.019165,0.019323,0.018931,0.018615,0.019946,0.019923,0.018458,0.017328,0.019857
0.019917,0.019774,0.020784,0.020184,0.02008,0.020846,0.020039,0.020279,0.018665,0.020288,0.019668,0.020234,0.018759,0.01639,0.020415
0.020274,0.020074,0.020163,0.019803,0.020492,0.019345,0.01988,0.019958,0.018851,0.018802,0.020016,0.019705,0.01944,0.017094,0.019961
0.019071,0.019096,0.019233,0.019356,0.019458,0.018861,0.019064,0.019588,0.01861,0.018127,0.018647,0.01957,0.018325,0.02914,0.019328
0.019561,0.018465,0.018651,0.018864,0.018986,0.018286,0.018827,0.018111,0.017628,0.017764,0.018817,0.018854,0.017595,0.03432,0.018687
0.018966,0.019266,0.019177,0.018697,0.018172,0.018447,0.018705,0.018693,0.018319,0.019176,0.019294,0.019689,0.018345,0.036046,0.01927
0.019846,0.019645,0.019618,0.019944,0.019202,0.019799,0.019261,0.018534,0.0185,0.020243,0.019787,0.018369,0.018552,0.030975,0.019636
0.021303,0.019945,0.019389,0.020052,0.019732,0.019663,0.019879,0.01863,0.018561,0.019159,0.019917,0.019141,0.019018,0.025125,0.020116
0.020316,0.019808,0.019616,0.019872,0.020169,0.019637,0.019958,0.022351,0.019611,0.018914,0.019821,0.019273,0.018887,0.093491,0.021708
0.018657,0.019295,0.019061,0.019113,0.019559,0.018871,0.019375,0.018733,0.018306,0.019799,0.018989,0.018703,0.017994,0.022454,0.018557
0.018744,0.018557,0.026055,0.018435,0.019847,0.019326,0.019002,0.018203,0.017848,0.01785,0.017781,0.01738,0.017772,0.018888,0.018782
0.018778,0.018778,0.019391,0.019195,0.018267,0.018525,0.019265,0.018453,0.018084,0.019789,0.018323,0.018117,0.018821,0.018952,0.018427
0.019,0.019791,0.019697,0.019895,0.018378,0.019609,0.019346,0.019148,0.018455,0.019109,0.018592,0.018687,0.018535,0.018272,0.018816
0.019753,0.019869,0.020083,0.020158,0.021855,0.019908,0.019868,0.019227,0.018984,0.019234,0.018931,0.018868,0.01906,0.017575,0.018891
0.020248,0.020161,0.019928,0.019749,0.02008,0.019865,0.019983,0.021514,0.019734,0.019037,0.018967,0.01903,0.01847,0.017534,0.021204
0.019268,0.018709,0.019466,0.018678,0.019379,0.018567,0.019279,0.018136,0.018242,0.018767,0.018493,0.018178,0.01884,0.018771,0.01913
0.019242,0.018673,0.021256,0.019918,0.018866,0.018546,0.019182,0.017668,0.018918,0.019299,0.01799,0.018038,0.018504,0.019757,0.018787
0.019068,0.019069,0.019189,0.018797,0.0187,0.018554,0.019332,0.019032,0.018114,0.018571,0.018335,0.017953,0.018078,0.019614,0.018487
0.019603,0.01968,0.019943,0.020311,0.019124,0.019645,0.01919,0.023324,0.018939,0.019056,0.01872,0.018455,0.018856,0.018341,0.020995
0.020582,0.019346,0.022003,0.020525,0.019316,0.019831,0.020319,0.020094,0.01922,0.019124,0.018816,0.018908,0.019057,0.021327,0.019711
0.020817,0.01953,0.020263,0.02014,0.019762,0.01967,0.020437,0.020007,0.019311,0.019846,0.019042,0.019264,0.019193,0.018463,0.019396
0.019392,0.018406,0.019033,0.018986,0.019284,0.018547,0.019472,0.02163,0.018585,0.019438,0.017939,0.018276,0.018668,NaN,0.018077
0.019273,0.01859,0.018551,0.018726,0.017959,0.018533,0.019102,0.019064,0.017968,0.01858,0.018033,0.017666,0.01824,NaN,0.029406
0.020604,0.018898,0.018908,0.019037,0.018922,0.018695,0.018441,0.024196,0.017766,0.018978,0.018114,0.018304,0.018293,NaN,0.019457
0.0198,0.01922,0.019576,0.019775,0.018944,0.019271,0.019556,0.019579,0.018799,0.020042,0.018756,0.018574,0.01874,NaN,0.018247
0.020107,0.019494,0.020245,0.019893,0.018893,0.019615,0.020049,0.021969,0.019081,0.020004,0.019021,0.019414,0.018901,0.000169,0.020186
0.0201,0.019957,0.02021,0.020167,0.019618,NaN,0.020389,0.019719,0.019529,0.01912,0.019052,0.019111,0.019089,0.61234,0.018993
0.01919,0.018701,0.019381,0.0187,0.018656,NaN,0.019227,0.019659,0.019388,0.018141,0.01816,0.018071,0.018489,0.016409,0.018641
0.018676,NaN,0.019065,0.019036,0.018496,NaN,0.019007,0.021293,0.01849,0.019005,0.018173,0.017923,0.017897,0.01673,0.019439
0.018818,NaN,NaN,0.019104,0.017964,NaN,0.019279,0.018667,0.018978,0.01873,0.020416,0.018402,0.0178,0.015423,NaN
0.019533,NaN,NaN,0.019531,0.019,0.000104,0.019759,0.019559,0.019674,0.019825,0.018939,0.01871,0.018726,0.016942,NaN
0.019673,NaN,NaN,0.020832,0.01942,0.61971,0.020499,0.02016,0.01975,0.01983,0.018798,0.020417,0.018803,0.016269,NaN
0.022988,0.00015,NaN,0.020753,0.018691,0.016355,0.019607,0.019837,0.019734,0.019506,0.020714,0.019151,0.018901,0.027758,NaN
0.018933,0.6193,9.8e-05,0.018933,0.018688,0.016396,0.018303,0.019678,0.019479,0.018209,0.018331,0.019563,0.018052,0.031345,0.000186
0.018422,0.016,0.61039,0.018594,0.017798,0.015551,0.017834,0.018768,0.018793,0.017424,0.017781,0.017311,0.017684,0.032974,0.60908
0.018843,0.015799,0.016087,0.018762,0.017842,0.015679,0.018417,0.018911,0.019461,0.018109,0.017994,0.01797,0.017579,0.031632,0.016285
0.019361,0.015583,0.015893,0.019813,0.01812,0.015867,0.018442,0.019179,0.020251,0.018552,0.01844,0.018596,0.018351,0.018106,0.016368
0.019806,0.015781,0.015775,0.01968,0.019014,0.027437,0.018996,0.020046,0.020011,0.018516,0.019308,0.018971,0.019217,0.082744,0.015996
0.01937,0.015643,0.015904,0.020173,0.019023,0.030063,0.019036,0.020166,0.019625,0.018496,0.019168,0.019226,0.019095,0.020921,0.015513
0.018343,0.028017,0.016399,0.01907,0.018528,0.031811,0.018292,0.019337,0.018363,0.018648,0.018606,0.018206,0.018528,0.01724,0.01574
0.017897,0.034338,0.02711,0.019454,0.017931,0.030783,0.018141,0.01923,0.018502,0.019041,0.018136,0.017862,0.017744,0.017401,0.028768
0.017924,0.027707,0.031118,0.019019,0.018286,0.021432,0.018346,0.019287,0.018418,0.018868,0.018036,0.018348,0.018005,0.017021,0.035034
0.019157,0.029997,0.030865,0.019819,0.019196,0.087335,0.018394,0.019701,0.018617,0.019071,0.018713,0.018882,0.018861,0.016485,0.032777
0.019108,0.021835,0.030851,0.020006,0.019276,0.02348,0.019206,0.019991,0.018544,0.019555,0.019266,0.019413,0.018914,0.016554,0.031444
0.018933,0.084644,0.02084,0.019982,0.019263,0.018537,0.019141,0.019504,0.018797,0.019247,0.018913,0.019222,0.019326,0.017577,0.020845
0.018537,0.020566,0.087137,0.018416,0.01818,0.017261,0.018419,0.019465,0.018093,0.019299,0.018725,0.018375,0.018435,0.01807,0.078005
0.018553,0.017103,0.020765,0.017436,0.017666,0.016338,0.017898,0.019071,0.017811,0.018082,0.017956,0.017696,0.01783,0.017675,0.020626
0.017652,0.017836,0.017858,0.0177,0.01838,0.01683,0.018523,0.018732,0.018211,0.017986,0.018416,0.017788,0.01856,0.017439,0.017229
0.02414,0.017324,0.018334,0.021951,0.018393,0.016635,0.018645,0.018728,0.018915,0.018573,0.021087,0.018441,0.019288,0.016951,0.018581
0.018818,0.016904,0.016851,0.019116,0.018605,0.017354,0.019201,0.019183,0.018787,0.018586,0.019033,0.019287,0.019235,0.017329,0.01729
0.019862,0.016927,0.017555,0.021741,0.018924,0.017792,0.019207,0.019779,0.018815,0.018918,0.019006,0.019179,0.021154,0.01781,0.017288
0.018176,0.018028,0.017071,0.018196,0.018468,0.017421,0.018244,0.018852,0.018302,0.018423,0.018369,0.018423,0.019005,0.018273,0.016975
0.017975,0.018388,0.01787,0.018057,0.018165,0.017608,0.01813,0.01827,0.018299,0.018857,0.018367,0.017958,0.017963,0.01858,0.018467
0.021584,0.018229,0.018463,0.021618,0.018039,0.017093,0.018297,0.018987,0.018483,0.018835,0.018099,0.018184,0.019978,0.018341,0.01801
0.018758,0.017299,0.017976,0.01869,0.018758,0.01745,0.018807,0.018941,0.020396,0.018562,0.018768,0.018433,0.019161,0.017782,0.018281
0.019375,0.017256,0.017747,0.019728,0.019377,0.017862,0.019455,0.02022,0.019098,0.018824,0.019296,0.019284,0.019441,0.017637,0.019114
0.019063,0.017271,0.017277,0.019707,0.019255,0.018677,0.019185,0.020155,0.019357,0.019032,0.019052,0.019271,0.018984,0.018345,0.018485
0.018174,0.018084,0.017283,0.018247,0.01868,0.019229,0.018256,0.019406,0.021726,0.018584,0.018168,0.019379,0.018402,0.018949,0.018135
0.018205,0.018021,0.018174,NaN,0.017871,0.017807,0.018082,0.018811,0.017585,0.018151,0.021703,0.017799,0.017586,0.01823,0.020939
0.018144,0.018691,0.018762,NaN,0.018186,0.017246,0.018733,0.019126,0.01842,0.018861,0.018201,0.018003,0.017895,0.018059,0.018526
0.018843,0.018302,0.020056,NaN,0.018617,0.021068,0.018563,0.019298,0.019325,0.019254,0.018389,0.01847,0.018442,0.017307,0.017949
0.018668,0.017716,0.018296,NaN,0.019028,NaN,NaN,0.020106,NaN,0.020066,0.019029,NaN,0.018789,0.019463,0.0177
0.018601,0.018351,0.017399,0.000145,0.019067,NaN,NaN,0.020225,NaN,0.019336,0.018864,NaN,0.019135,0.018169,0.017197
0.018155,NaN,0.018256,0.60409,0.018315,NaN,NaN,0.019247,NaN,0.017915,0.019208,NaN,0.017868,0.018654,0.018474
0.018111,NaN,0.018321,0.016406,0.017657,NaN,NaN,0.018714,NaN,0.018176,0.022643,NaN,0.017767,0.019676,0.018235
0.017349,NaN,0.019062,0.015359,0.01842,0.000138,0.000176,0.018881,0.000174,0.019456,0.018121,0.000229,0.017449,0.018481,0.0184
0.018274,NaN,0.018964,0.016354,0.018842,0.63239,0.60586,0.019479,0.60084,0.019158,0.019129,0.61347,0.017978,0.017514,0.01846
0.019378,0.00017,0.018112,0.016314,0.019201,0.016407,0.016786,0.020324,0.016504,0.020159,0.018986,0.01692,0.019311,0.017409,0.018144
0.019242,0.6197,0.01738,0.016958,0.019169,0.015904,0.016525,0.020593,0.016446,0.019965,0.023469,0.016546,0.018922,0.017986,0.019938
NaN,0.01649,0.017997,0.028581,0.018348,0.016497,0.016278,0.018861,0.016424,0.0189,0.018061,0.016372,0.017892,0.018598,0.018667
NaN,0.017943,0.018559,0.032235,0.018061,0.016615,0.0166,0.018459,0.016969,0.018576,0.017896,0.016407,0.027997,0.018543,0.018082
NaN,0.015736,0.018811,0.032597,0.017784,0.017103,0.01662,0.0191,0.016804,0.018005,0.017823,0.017063,0.018037,0.017851,0.018997
NaN,0.018606,0.018924,0.031918,0.018369,0.028062,0.024721,0.019707,0.032982,0.019317,0.020084,0.03008,0.018457,0.017628,0.018715
0.000173,0.016523,0.018234,0.018463,0.019574,0.031271,0.03192,0.019672,0.032584,0.018438,0.022496,0.034499,NaN,0.017412,0.0179
0.61812,0.027902,0.0176,0.076294,0.019118,0.031758,0.03188,0.019937,0.031284,0.01866,0.02089,0.032408,NaN,0.018524,0.017419
0.016203,0.032295,0.018562,0.020164,0.018268,0.031495,0.031195,0.018904,0.031204,0.019226,0.019457,0.030691,NaN,0.01866,0.020223
0.015709,0.028287,0.018353,0.018811,0.017447,0.022278,0.022553,0.01812,0.019865,0.019549,0.018042,0.022934,NaN,0.018325,0.018064
0.015821,0.027976,0.020658,0.01865,0.017794,0.091822,0.085068,0.019039,0.081086,0.019212,0.01798,0.09231,0.000138,0.018256,0.017876
0.015838,0.022428,0.018699,0.018412,0.018301,0.026247,0.022562,0.019757,0.021538,0.020004,NaN,0.027215,0.59769,0.017541,0.020209
0.01694,0.093945,0.018029,0.018427,0.019239,0.018101,0.018256,0.020162,0.01797,0.020164,NaN,0.018297,0.016153,0.018481,0.018393
0.035807,0.022255,0.017972,0.017759,0.018963,0.018028,0.018487,0.01999,0.01857,0.020534,NaN,0.018244,0.015986,0.018332,0.017781
0.031802,0.017355,0.01812,0.01811,0.018547,0.017587,0.017455,0.019047,0.018047,0.019116,NaN,0.017961,0.015953,0.019981,0.017676
0.032175,0.017664,0.017725,0.018064,0.017494,0.017263,0.016974,0.019009,0.017091,0.018289,0.000106,0.019024,0.01603,0.018349,0.020153
0.031939,0.017551,0.018272,0.018714,0.018445,0.017733,0.018229,0.019106,0.017413,0.017835,0.61903,0.017919,0.016532,0.018029,0.019055
0.020772,0.017408,0.0189,0.018421,0.018771,0.018293,0.018085,0.019442,0.018147,0.018904,0.016808,0.018396,0.027209,0.01779,0.02
0.078305,0.017311,0.018003,0.018108,0.019084,0.018444,0.018618,0.019723,0.018766,0.018926,0.016379,0.018918,0.030614,0.017463,0.019196
0.021241,0.018329,0.017725,0.01835,0.019033,0.018635,0.01862,0.019673,0.018674,0.019109,0.016513,0.019286,0.031444,0.018168,0.017677
0.017887,0.018781,0.017448,0.019141,0.018352,0.018282,0.018594,0.01873,0.018236,0.018107,0.016841,0.018617,0.030904,0.018285,0.017435
0.017776,0.019226,0.018344,0.018641,0.017344,0.017601,0.017794,0.019176,0.018015,0.017901,0.017293,0.017896,0.02125,0.018473,0.018506
0.017141,0.018279,0.018645,0.019199,0.018199,0.017904,0.018022,0.018699,0.017782,0.017669,0.028034,0.018412,0.086941,0.017829,0.020327
0.016835,0.017437,0.019116,0.018556,0.018351,0.018589,0.018849,0.018876,0.019101,0.0184,0.036065,0.018935,0.020971,0.017447,0.018826
0.016748,0.017655,0.01816,0.018513,0.018821,0.019201,0.018994,0.019752,0.019121,0.019354,0.031575,0.019526,0.017111,0.019982,0.018405
0.020134,0.019498,0.018849,0.018718,0.018973,0.019451,0.01956,0.019693,0.0194,0.019271,0.034616,0.019352,0.017833,0.018142,0.017717
0.018487,0.019385,0.018254,0.019384,0.01872,0.018697,0.018688,0.019677,0.018726,0.018677,0.019227,0.019028,0.017342,0.018277,0.017564
0.01836,0.018783,0.018654,0.019614,0.018113,0.018136,0.018264,0.018727,0.018276,0.017869,0.08361,0.018166,0.016742,0.017901,0.017618
0.018212,0.01825,0.019066,0.019604,0.018137,0.018223,0.01846,NaN,0.018861,0.018209,0.020633,0.019426,0.017295,0.018112,0.018309
0.017706,0.018677,0.018744,0.018999,0.018874,0.019221,0.020258,NaN,0.019405,0.019098,0.018511,0.020018,0.017815,0.017096,0.018485
0.018079,0.01818,0.019233,0.018148,0.018935,0.019633,0.019806,NaN,0.019885,0.019354,0.018089,0.019935,0.018162,0.01725,0.018018
0.020576,0.018776,0.017621,0.019016,0.01844,0.019781,0.019872,NaN,0.019418,0.019149,0.017432,0.019837,0.018481,0.019973,0.017155
0.019265,0.019428,0.017094,0.019588,0.018447,0.018752,0.018877,0.000165,0.018725,0.018259,0.017267,0.019026,0.018031,0.018082,0.017776
0.01921,0.019456,0.018387,0.019761,0.018257,0.018751,0.018549,0.63772,0.018528,0.017738,0.01701,0.01882,0.017417,0.018195,0.01806
0.01801,0.018423,0.019415,0.01956,0.018208,0.018857,0.018263,0.016681,0.018566,0.017698,0.018197,0.01934,0.017292,0.018104,0.018519
0.020334,0.018227,0.018629,0.018545,NaN,NaN,0.018906,0.016927,0.019713,NaN,0.018317,NaN,0.018398,0.024946,0.018717
0.01809,0.018759,0.017866,0.019196,NaN,NaN,0.019603,0.016557,0.020486,NaN,0.018658,NaN,0.01838,NaN,0.01863
0.018552,0.018946,0.017749,0.018759,NaN,NaN,0.019704,0.016385,0.019734,NaN,0.019316,NaN,0.018401,NaN,0.017871
0.019262,0.019518,0.01777,0.019606,NaN,NaN,0.018629,0.016177,0.018633,NaN,0.018176,NaN,0.018914,NaN,0.018075
0.022549,0.019652,0.018684,0.01982,0.000118,0.000104,0.017966,0.028313,0.018354,0.000169,0.018096,0.000165,0.017919,NaN,0.017932
0.020203,0.018136,0.019865,0.020017,0.61732,0.61308,0.018034,0.032209,0.019278,0.6122,0.02096,0.63543,0.018027,0.000156,0.020247
0.021095,NaN,0.018265,NaN,0.016058,0.016263,0.019668,0.032756,0.019857,0.015844,0.01929,0.0159,0.018629,0.60466,0.019352
0.017686,NaN,0.017835,NaN,0.015947,0.018064,NaN,0.032819,0.019876,0.015338,0.019473,0.015475,0.019032,0.01601,0.019387
0.020503,NaN,0.017628,NaN,0.015784,0.015386,NaN,0.020274,0.019744,0.015771,0.018964,0.016516,0.019464,0.015824,0.018364
