1.2787
0.15531
0.09773
0.073426
0.094938
0.082075
0.052696
0.052034
0.050916
0.027495
0.025257
0.027125
0.025479
0.026414
0.062408
0.036367
0.026147
0.034566
0.036605
0.037045
0.052614
0.026964
0.026502
0.025878
0.027545
0.0254
0.047988
0.02852
0.027462
0.028164
0.03545
0.030043
0.056704
0.029691
0.033123
0.031717
0.027214
0.028294
0.054533
0.028477
0.033581
0.031981
0.028245
0.02778
0.050627
0.031334
0.036608
0.035796
0.030341
0.027887
0.051718
0.028233
0.032339
0.036783
0.027028
0.029976
0.053226
0.028646
0.031162
0.027941
0.027109
0.028148
0.052522
0.035154
0.034028
0.02917
0.027263
0.028017
0.053363
0.030277
0.029657
0.028724
0.027375
0.028482
0.050343
0.029188
0.028776
0.02902
0.030246
0.028969
0.050356
0.030481
0.029641
0.03028
0.028686
0.028923
0.053359
0.030285
0.02869
0.038024
0.031521
0.029804
0.061832
0.029464
0.031133
0.02845
0.04504
0.028606
0.050751
0.027697
0.02772
0.026792
0.028536
0.029784
0.049727
0.027014
0.027819
0.027949
0.029925
0.030717
0.052429
0.027342
0.028846
0.030022
0.029066
0.028145
0.052634
0.027458
0.040996
0.026722
0.027745
0.027452
0.065228
0.029628
0.027648
0.038623
0.028107
0.034302
0.049199
0.035222
0.026419
