1
43.0000,601.0000,127.0000,601.0000,127.0000,652.0000,43.0000,652.0000
48.0000,606.0000,132.0000,606.0000,132.0000,656.0000,48.0000,656.0000
60.0000,607.0000,144.0000,607.0000,144.0000,657.0000,60.0000,657.0000
64.0000,607.0000,146.0000,607.0000,146.0000,657.0000,64.0000,657.0000
85.0000,600.0000,167.0000,600.0000,167.0000,649.0000,85.0000,649.0000
99.0000,599.0000,182.0000,599.0000,182.0000,649.0000,99.0000,649.0000
127.0000,596.0000,212.0000,596.0000,212.0000,648.0000,127.0000,648.0000
139.0000,593.0000,222.0000,593.0000,222.0000,643.0000,139.0000,643.0000
176.0000,593.0000,258.0000,593.0000,258.0000,643.0000,176.0000,643.0000
223.0000,594.0000,306.0000,594.0000,306.0000,644.0000,223.0000,644.0000
266.0000,588.0000,348.0000,588.0000,348.0000,638.0000,266.0000,638.0000
297.0000,592.0000,380.0000,592.0000,380.0000,642.0000,297.0000,642.0000
320.0000,597.0000,402.0000,597.0000,402.0000,647.0000,320.0000,647.0000
369.0000,588.0000,451.0000,588.0000,451.0000,638.0000,369.0000,638.0000
400.0000,587.0000,481.0000,587.0000,481.0000,636.0000,400.0000,636.0000
426.0000,588.0000,507.0000,588.0000,507.0000,638.0000,426.0000,638.0000
443.0000,596.0000,523.0000,596.0000,523.0000,645.0000,443.0000,645.0000
487.0000,590.0000,567.0000,590.0000,567.0000,639.0000,487.0000,639.0000
516.0000,590.0000,596.0000,590.0000,596.0000,639.0000,516.0000,639.0000
531.0000,590.0000,611.0000,590.0000,611.0000,639.0000,531.0000,639.0000
543.0000,591.0000,625.0000,591.0000,625.0000,641.0000,543.0000,641.0000
557.0000,589.0000,640.0000,589.0000,640.0000,639.0000,557.0000,639.0000
570.0000,589.0000,652.0000,589.0000,652.0000,639.0000,570.0000,639.0000
582.0000,584.0000,666.0000,584.0000,666.0000,634.0000,582.0000,634.0000
600.0000,579.0000,683.0000,579.0000,683.0000,630.0000,600.0000,630.0000
622.0000,575.0000,706.0000,575.0000,706.0000,626.0000,622.0000,626.0000
639.0000,573.0000,723.0000,573.0000,723.0000,624.0000,639.0000,624.0000
651.0000,567.0000,736.0000,567.0000,736.0000,619.0000,651.0000,619.0000
2
0
0
0
0
1
732.0000,384.0000,811.0000,384.0000,811.0000,464.0000,732.0000,464.0000
720.0000,374.0000,800.0000,374.0000,800.0000,455.0000,720.0000,455.0000
708.0000,378.0000,788.0000,378.0000,788.0000,460.0000,708.0000,460.0000
698.0000,374.0000,779.0000,374.0000,779.0000,456.0000,698.0000,456.0000
692.0000,367.0000,773.0000,367.0000,773.0000,450.0000,692.0000,450.0000
691.0000,365.0000,771.0000,365.0000,771.0000,447.0000,691.0000,447.0000
683.0000,364.0000,763.0000,364.0000,763.0000,445.0000,683.0000,445.0000
676.0000,359.0000,756.0000,359.0000,756.0000,440.0000,676.0000,440.0000
681.0000,363.0000,756.0000,363.0000,756.0000,439.0000,681.0000,439.0000
672.0000,363.0000,745.0000,363.0000,745.0000,437.0000,672.0000,437.0000
654.0000,369.0000,727.0000,369.0000,727.0000,442.0000,654.0000,442.0000
653.0000,372.0000,723.0000,372.0000,723.0000,443.0000,653.0000,443.0000
647.0000,357.0000,718.0000,357.0000,718.0000,429.0000,647.0000,429.0000
646.0000,360.0000,718.0000,360.0000,718.0000,433.0000,646.0000,433.0000
646.0000,361.0000,719.0000,361.0000,719.0000,435.0000,646.0000,435.0000
655.0000,367.0000,727.0000,367.0000,727.0000,440.0000,655.0000,440.0000
664.0000,365.0000,737.0000,365.0000,737.0000,439.0000,664.0000,439.0000
682.0000,362.0000,755.0000,362.0000,755.0000,436.0000,682.0000,436.0000
690.0000,364.0000,765.0000,364.0000,765.0000,439.0000,690.0000,439.0000
717.0000,361.0000,790.0000,361.0000,790.0000,434.0000,717.0000,434.0000
713.0000,363.0000,785.0000,363.0000,785.0000,436.0000,713.0000,436.0000
720.0000,363.0000,792.0000,363.0000,792.0000,436.0000,720.0000,436.0000
743.0000,358.0000,815.0000,358.0000,815.0000,431.0000,743.0000,431.0000
746.0000,357.0000,817.0000,357.0000,817.0000,429.0000,746.0000,429.0000
746.0000,358.0000,818.0000,358.0000,818.0000,431.0000,746.0000,431.0000
736.0000,348.0000,808.0000,348.0000,808.0000,421.0000,736.0000,421.0000
744.0000,361.0000,815.0000,361.0000,815.0000,432.0000,744.0000,432.0000
744.0000,360.0000,816.0000,360.0000,816.0000,433.0000,744.0000,433.0000
744.0000,361.0000,816.0000,361.0000,816.0000,434.0000,744.0000,434.0000
743.0000,362.0000,815.0000,362.0000,815.0000,435.0000,743.0000,435.0000
743.0000,362.0000,814.0000,362.0000,814.0000,434.0000,743.0000,434.0000
743.0000,362.0000,814.0000,362.0000,814.0000,434.0000,743.0000,434.0000
743.0000,362.0000,812.0000,362.0000,812.0000,433.0000,743.0000,433.0000
743.0000,362.0000,813.0000,362.0000,813.0000,432.0000,743.0000,432.0000
728.0000,363.0000,797.0000,363.0000,797.0000,433.0000,728.0000,433.0000
715.0000,361.0000,785.0000,361.0000,785.0000,432.0000,715.0000,432.0000
711.0000,363.0000,781.0000,363.0000,781.0000,433.0000,711.0000,433.0000
686.0000,363.0000,755.0000,363.0000,755.0000,433.0000,686.0000,433.0000
655.0000,365.0000,723.0000,365.0000,723.0000,434.0000,655.0000,434.0000
634.0000,363.0000,702.0000,363.0000,702.0000,432.0000,634.0000,432.0000
594.0000,368.0000,662.0000,368.0000,662.0000,436.0000,594.0000,436.0000
588.0000,362.0000,657.0000,362.0000,657.0000,431.0000,588.0000,431.0000
560.0000,364.0000,630.0000,364.0000,630.0000,434.0000,560.0000,434.0000
571.0000,358.0000,641.0000,358.0000,641.0000,429.0000,571.0000,429.0000
558.0000,359.0000,629.0000,359.0000,629.0000,430.0000,558.0000,430.0000
561.0000,371.0000,632.0000,371.0000,632.0000,443.0000,561.0000,443.0000
520.0000,367.0000,592.0000,367.0000,592.0000,440.0000,520.0000,440.0000
470.0000,364.0000,542.0000,364.0000,542.0000,437.0000,470.0000,437.0000
438.0000,352.0000,510.0000,352.0000,510.0000,425.0000,438.0000,425.0000
439.0000,352.0000,510.0000,352.0000,510.0000,424.0000,439.0000,424.0000
440.0000,352.0000,511.0000,352.0000,511.0000,424.0000,440.0000,424.0000
440.0000,352.0000,510.0000,352.0000,510.0000,423.0000,440.0000,423.0000
440.0000,351.0000,511.0000,351.0000,511.0000,423.0000,440.0000,423.0000
437.0000,356.0000,508.0000,356.0000,508.0000,428.0000,437.0000,428.0000
429.0000,365.0000,501.0000,365.0000,501.0000,438.0000,429.0000,438.0000
2
0
0
0
0
1
736.0000,327.0000,805.0000,327.0000,805.0000,407.0000,736.0000,407.0000
776.0000,325.0000,847.0000,325.0000,847.0000,407.0000,776.0000,407.0000
807.0000,327.0000,877.0000,327.0000,877.0000,408.0000,807.0000,408.0000
820.0000,323.0000,888.0000,323.0000,888.0000,402.0000,820.0000,402.0000
830.0000,325.0000,899.0000,325.0000,899.0000,406.0000,830.0000,406.0000
847.0000,323.0000,914.0000,323.0000,914.0000,400.0000,847.0000,400.0000
858.0000,300.0000,925.0000,300.0000,925.0000,378.0000,858.0000,378.0000
845.0000,286.0000,911.0000,286.0000,911.0000,363.0000,845.0000,363.0000
845.0000,280.0000,911.0000,280.0000,911.0000,357.0000,845.0000,357.0000
843.0000,247.0000,910.0000,247.0000,910.0000,324.0000,843.0000,324.0000
850.0000,260.0000,916.0000,260.0000,916.0000,335.0000,850.0000,335.0000
823.0000,237.0000,887.0000,237.0000,887.0000,312.0000,823.0000,312.0000
826.0000,225.0000,891.0000,225.0000,891.0000,299.0000,826.0000,299.0000
841.0000,206.0000,905.0000,206.0000,905.0000,280.0000,841.0000,280.0000
829.0000,201.0000,892.0000,201.0000,892.0000,275.0000,829.0000,275.0000
810.0000,198.0000,873.0000,198.0000,873.0000,271.0000,810.0000,271.0000
766.0000,204.0000,831.0000,204.0000,831.0000,278.0000,766.0000,278.0000
774.0000,203.0000,839.0000,203.0000,839.0000,278.0000,774.0000,278.0000
801.0000,206.0000,865.0000,206.0000,865.0000,281.0000,801.0000,281.0000
818.0000,187.0000,883.0000,187.0000,883.0000,262.0000,818.0000,262.0000
823.0000,201.0000,887.0000,201.0000,887.0000,276.0000,823.0000,276.0000
833.0000,218.0000,897.0000,218.0000,897.0000,292.0000,833.0000,292.0000
2
0
0
0
0
1
926.0000,134.0000,984.0000,134.0000,984.0000,209.0000,926.0000,209.0000
928.0000,123.0000,986.0000,123.0000,986.0000,197.0000,928.0000,197.0000
926.0000,115.0000,984.0000,115.0000,984.0000,189.0000,926.0000,189.0000
925.0000,111.0000,984.0000,111.0000,984.0000,186.0000,925.0000,186.0000
939.0000,109.0000,999.0000,109.0000,999.0000,185.0000,939.0000,185.0000
954.0000,87.0000,1014.0000,87.0000,1014.0000,163.0000,954.0000,163.0000
2
0
0
0
0
1
818.0000,122.0000,910.0000,122.0000,910.0000,150.0000,818.0000,150.0000
809.0000,124.0000,898.0000,124.0000,898.0000,151.0000,809.0000,151.0000
806.0000,123.0000,895.0000,123.0000,895.0000,151.0000,806.0000,151.0000
746.0000,119.0000,836.0000,119.0000,836.0000,146.0000,746.0000,146.0000
732.0000,120.0000,821.0000,120.0000,821.0000,147.0000,732.0000,147.0000
720.0000,118.0000,813.0000,118.0000,813.0000,147.0000,720.0000,147.0000
725.0000,124.0000,816.0000,124.0000,816.0000,152.0000,725.0000,152.0000
714.0000,122.0000,805.0000,122.0000,805.0000,149.0000,714.0000,149.0000
707.0000,121.0000,797.0000,121.0000,797.0000,149.0000,707.0000,149.0000
695.0000,125.0000,782.0000,125.0000,782.0000,151.0000,695.0000,151.0000
695.0000,125.0000,781.0000,125.0000,781.0000,152.0000,695.0000,152.0000
692.0000,125.0000,778.0000,125.0000,778.0000,151.0000,692.0000,151.0000
684.0000,124.0000,770.0000,124.0000,770.0000,151.0000,684.0000,151.0000
681.0000,125.0000,766.0000,125.0000,766.0000,150.0000,681.0000,150.0000
677.0000,125.0000,761.0000,125.0000,761.0000,150.0000,677.0000,150.0000
672.0000,124.0000,755.0000,124.0000,755.0000,149.0000,672.0000,149.0000
670.0000,125.0000,753.0000,125.0000,753.0000,150.0000,670.0000,150.0000
657.0000,125.0000,741.0000,125.0000,741.0000,150.0000,657.0000,150.0000
643.0000,124.0000,726.0000,124.0000,726.0000,149.0000,643.0000,149.0000
623.0000,123.0000,706.0000,123.0000,706.0000,148.0000,623.0000,148.0000
606.0000,123.0000,688.0000,123.0000,688.0000,148.0000,606.0000,148.0000
589.0000,123.0000,668.0000,123.0000,668.0000,148.0000,589.0000,148.0000
582.0000,122.0000,662.0000,122.0000,662.0000,146.0000,582.0000,146.0000
582.0000,122.0000,661.0000,122.0000,661.0000,146.0000,582.0000,146.0000
