1
665.0000,683.0000,705.0000,683.0000,705.0000,706.0000,665.0000,706.0000
664.0000,677.0000,705.0000,677.0000,705.0000,700.0000,664.0000,700.0000
663.0000,670.0000,705.0000,670.0000,705.0000,694.0000,663.0000,694.0000
663.0000,670.0000,705.0000,670.0000,705.0000,694.0000,663.0000,694.0000
662.0000,663.0000,706.0000,663.0000,706.0000,687.0000,662.0000,687.0000
662.0000,663.0000,706.0000,663.0000,706.0000,687.0000,662.0000,687.0000
669.0000,647.0000,712.0000,647.0000,712.0000,672.0000,669.0000,672.0000
675.0000,627.0000,718.0000,627.0000,718.0000,652.0000,675.0000,652.0000
679.0000,617.0000,722.0000,617.0000,722.0000,642.0000,679.0000,642.0000
683.0000,609.0000,726.0000,609.0000,726.0000,634.0000,683.0000,634.0000
688.0000,597.0000,731.0000,597.0000,731.0000,622.0000,688.0000,622.0000
691.0000,587.0000,734.0000,587.0000,734.0000,612.0000,691.0000,612.0000
696.0000,577.0000,737.0000,577.0000,737.0000,601.0000,696.0000,601.0000
698.0000,566.0000,739.0000,566.0000,739.0000,589.0000,698.0000,589.0000
705.0000,553.0000,746.0000,553.0000,746.0000,577.0000,705.0000,577.0000
709.0000,557.0000,750.0000,557.0000,750.0000,581.0000,709.0000,581.0000
698.0000,561.0000,739.0000,561.0000,739.0000,585.0000,698.0000,585.0000
703.0000,553.0000,744.0000,553.0000,744.0000,577.0000,703.0000,577.0000
703.0000,554.0000,745.0000,554.0000,745.0000,578.0000,703.0000,578.0000
714.0000,540.0000,756.0000,540.0000,756.0000,564.0000,714.0000,564.0000
719.0000,530.0000,761.0000,530.0000,761.0000,555.0000,719.0000,555.0000
725.0000,521.0000,768.0000,521.0000,768.0000,546.0000,725.0000,546.0000
728.0000,516.0000,772.0000,516.0000,772.0000,542.0000,728.0000,542.0000
727.0000,518.0000,773.0000,518.0000,773.0000,545.0000,727.0000,545.0000
728.0000,495.0000,772.0000,495.0000,772.0000,520.0000,728.0000,520.0000
732.0000,492.0000,777.0000,492.0000,777.0000,517.0000,732.0000,517.0000
736.0000,488.0000,781.0000,488.0000,781.0000,514.0000,736.0000,514.0000
736.0000,486.0000,780.0000,486.0000,780.0000,512.0000,736.0000,512.0000
751.0000,483.0000,796.0000,483.0000,796.0000,508.0000,751.0000,508.0000
756.0000,476.0000,799.0000,476.0000,799.0000,501.0000,756.0000,501.0000
748.0000,473.0000,791.0000,473.0000,791.0000,498.0000,748.0000,498.0000
757.0000,482.0000,801.0000,482.0000,801.0000,507.0000,757.0000,507.0000
763.0000,479.0000,807.0000,479.0000,807.0000,505.0000,763.0000,505.0000
776.0000,463.0000,821.0000,463.0000,821.0000,489.0000,776.0000,489.0000
784.0000,456.0000,829.0000,456.0000,829.0000,481.0000,784.0000,481.0000
793.0000,439.0000,838.0000,439.0000,838.0000,466.0000,793.0000,466.0000
803.0000,451.0000,850.0000,451.0000,850.0000,478.0000,803.0000,478.0000
802.0000,427.0000,850.0000,427.0000,850.0000,454.0000,802.0000,454.0000
806.0000,423.0000,854.0000,423.0000,854.0000,450.0000,806.0000,450.0000
810.0000,418.0000,857.0000,418.0000,857.0000,445.0000,810.0000,445.0000
810.0000,415.0000,856.0000,415.0000,856.0000,442.0000,810.0000,442.0000
810.0000,411.0000,856.0000,411.0000,856.0000,437.0000,810.0000,437.0000
814.0000,410.0000,859.0000,410.0000,859.0000,436.0000,814.0000,436.0000
817.0000,408.0000,862.0000,408.0000,862.0000,434.0000,817.0000,434.0000
819.0000,406.0000,864.0000,406.0000,864.0000,432.0000,819.0000,432.0000
827.0000,397.0000,871.0000,397.0000,871.0000,423.0000,827.0000,423.0000
827.0000,394.0000,873.0000,394.0000,873.0000,420.0000,827.0000,420.0000
832.0000,393.0000,877.0000,393.0000,877.0000,419.0000,832.0000,419.0000
834.0000,391.0000,880.0000,391.0000,880.0000,418.0000,834.0000,418.0000
838.0000,392.0000,884.0000,392.0000,884.0000,418.0000,838.0000,418.0000
842.0000,391.0000,889.0000,391.0000,889.0000,418.0000,842.0000,418.0000
853.0000,398.0000,900.0000,398.0000,900.0000,425.0000,853.0000,425.0000
857.0000,399.0000,904.0000,399.0000,904.0000,425.0000,857.0000,425.0000
860.0000,398.0000,907.0000,398.0000,907.0000,425.0000,860.0000,425.0000
859.0000,393.0000,907.0000,393.0000,907.0000,421.0000,859.0000,421.0000
862.0000,397.0000,908.0000,397.0000,908.0000,424.0000,862.0000,424.0000
862.0000,406.0000,908.0000,406.0000,908.0000,432.0000,862.0000,432.0000
861.0000,409.0000,908.0000,409.0000,908.0000,435.0000,861.0000,435.0000
858.0000,413.0000,904.0000,413.0000,904.0000,439.0000,858.0000,439.0000
857.0000,423.0000,903.0000,423.0000,903.0000,449.0000,857.0000,449.0000
853.0000,429.0000,899.0000,429.0000,899.0000,456.0000,853.0000,456.0000
849.0000,435.0000,895.0000,435.0000,895.0000,461.0000,849.0000,461.0000
846.0000,442.0000,892.0000,442.0000,892.0000,469.0000,846.0000,469.0000
840.0000,447.0000,887.0000,447.0000,887.0000,474.0000,840.0000,474.0000
838.0000,452.0000,884.0000,452.0000,884.0000,479.0000,838.0000,479.0000
834.0000,456.0000,880.0000,456.0000,880.0000,482.0000,834.0000,482.0000
827.0000,461.0000,873.0000,461.0000,873.0000,487.0000,827.0000,487.0000
821.0000,466.0000,868.0000,466.0000,868.0000,493.0000,821.0000,493.0000
814.0000,471.0000,860.0000,471.0000,860.0000,497.0000,814.0000,497.0000
808.0000,471.0000,855.0000,471.0000,855.0000,498.0000,808.0000,498.0000
803.0000,472.0000,851.0000,472.0000,851.0000,499.0000,803.0000,499.0000
797.0000,474.0000,844.0000,474.0000,844.0000,501.0000,797.0000,501.0000
789.0000,475.0000,836.0000,475.0000,836.0000,502.0000,789.0000,502.0000
784.0000,476.0000,830.0000,476.0000,830.0000,503.0000,784.0000,503.0000
774.0000,475.0000,821.0000,475.0000,821.0000,502.0000,774.0000,502.0000
769.0000,475.0000,816.0000,475.0000,816.0000,502.0000,769.0000,502.0000
761.0000,473.0000,807.0000,473.0000,807.0000,500.0000,761.0000,500.0000
754.0000,473.0000,800.0000,473.0000,800.0000,499.0000,754.0000,499.0000
745.0000,470.0000,791.0000,470.0000,791.0000,497.0000,745.0000,497.0000
740.0000,470.0000,785.0000,470.0000,785.0000,497.0000,740.0000,497.0000
733.0000,468.0000,778.0000,468.0000,778.0000,494.0000,733.0000,494.0000
723.0000,463.0000,768.0000,463.0000,768.0000,489.0000,723.0000,489.0000
718.0000,462.0000,763.0000,462.0000,763.0000,488.0000,718.0000,488.0000
711.0000,458.0000,756.0000,458.0000,756.0000,484.0000,711.0000,484.0000
704.0000,455.0000,749.0000,455.0000,749.0000,480.0000,704.0000,480.0000
700.0000,454.0000,744.0000,454.0000,744.0000,480.0000,700.0000,480.0000
693.0000,450.0000,737.0000,450.0000,737.0000,475.0000,693.0000,475.0000
690.0000,438.0000,734.0000,438.0000,734.0000,463.0000,690.0000,463.0000
683.0000,445.0000,727.0000,445.0000,727.0000,470.0000,683.0000,470.0000
676.0000,440.0000,720.0000,440.0000,720.0000,466.0000,676.0000,466.0000
675.0000,443.0000,720.0000,443.0000,720.0000,469.0000,675.0000,469.0000
668.0000,436.0000,712.0000,436.0000,712.0000,461.0000,668.0000,461.0000
682.0000,439.0000,727.0000,439.0000,727.0000,464.0000,682.0000,464.0000
2
0
0
0
0
1
648.0000,418.0000,662.0000,418.0000,662.0000,434.0000,648.0000,434.0000
646.0000,415.0000,660.0000,415.0000,660.0000,431.0000,646.0000,431.0000
643.0000,412.0000,658.0000,412.0000,658.0000,429.0000,643.0000,429.0000
643.0000,412.0000,658.0000,412.0000,658.0000,429.0000,643.0000,429.0000
640.0000,409.0000,655.0000,409.0000,655.0000,425.0000,640.0000,425.0000
637.0000,403.0000,651.0000,403.0000,651.0000,419.0000,637.0000,419.0000
635.0000,400.0000,649.0000,400.0000,649.0000,416.0000,635.0000,416.0000
635.0000,396.0000,649.0000,396.0000,649.0000,412.0000,635.0000,412.0000
635.0000,394.0000,649.0000,394.0000,649.0000,410.0000,635.0000,410.0000
635.0000,391.0000,649.0000,391.0000,649.0000,407.0000,635.0000,407.0000
636.0000,389.0000,649.0000,389.0000,649.0000,405.0000,636.0000,405.0000
635.0000,386.0000,649.0000,386.0000,649.0000,402.0000,635.0000,402.0000
637.0000,385.0000,651.0000,385.0000,651.0000,401.0000,637.0000,401.0000
