1.0139
0.14517
0.071957
0.060122
0.089467
NaN
0.084638
NaN
0.046655
0.049581
0.041121
0.022238
0.021679
0.021641
0.0207
0.022278
0.040425
0.026507
0.021696
0.023067
0.021642
0.021306
0.040975
0.021129
0.022752
0.03346
0.021762
0.021572
0.040892
0.024986
0.023183
0.024335
0.030509
0.02454
0.054047
0.027449
0.030967
0.023854
0.024878
0.021971
0.051766
0.035209
0.022161
0.026784
0.02225
0.024235
0.040042
0.022267
0.025008
0.021851
0.023114
0.021306
0.040966
0.021329
0.023064
0.035812
0.023452
0.035274
0.043202
0.0234
0.027111
0.035035
0.023393
0.023448
0.036258
0.024157
0.022768
0.020974
0.023202
0.021207
0.04918
0.022508
0.022265
0.022637
0.022978
0.022298
0.044264
0.022793
0.023065
0.020198
0.021793
0.020906
0.037158
0.02579
0.022446
0.021865
0.022375
0.021178
0.038668
0.02011
0.019911
0.021588
0.020778
0.021072
0.041814
NaN
NaN
NaN
NaN
1.1432
0.14338
0.078836
0.055122
0.086714
NaN
0.067393
0.051695
0.042154
0.039289
0.020911
0.019141
0.02306
0.031702
