1.3247
0.16207
0.09961
0.070727
0.10229
0.085246
0.059846
0.057065
0.054533
0.03473
0.03196
0.031615
0.028401
0.03118
0.054951
0.032329
0.031018
0.030651
0.029524
0.030865
0.052155
0.037774
0.027914
0.028634
0.031878
0.034313
0.061532
0.030468
0.031784
0.030225
0.04132
0.034889
0.070769
0.032895
0.036786
0.031448
0.046805
0.03266
0.062251
0.028936
0.034292
0.032063
0.030112
0.033306
0.053866
0.041677
0.032138
0.032149
0.031538
0.032432
0.057791
0.029119
0.032763
0.041878
0.035955
0.030315
0.059546
0.031836
0.032071
0.05629
0.048309
0.039386
0.052934
0.040607
0.031463
0.030895
0.032113
0.033826
0.054592
0.035578
0.036125
0.032145
0.029709
0.033662
0.055448
0.032656
0.032286
0.02963
0.041963
0.031673
0.069164
0.038923
0.030602
0.032388
0.029538
0.029768
0.05404
0.029929
0.029275
0.032736
0.031132
0.030184
0.050949
0.031335
0.030781
0.030314
0.031081
0.028192
0.052865
0.033373
0.031068
0.03198
0.031175
0.029627
0.053374
0.029657
0.033273
0.041378
0.03114
0.029267
0.053215
0.029103
0.029996
0.029676
0.030698
0.03101
0.057458
0.030045
0.03554
0.029368
0.028186
0.029992
0.069372
0.030247
0.031258
0.030948
0.031013
0.030963
0.051524
0.027709
0.030741
0.029445
0.031601
0.02853
0.054854
0.032248
0.033459
0.033948
