0.000182
0.21974
0.00538
0.00501
0.005005
0.004979
0.005219
0.004814
0.004889
0.005362
0.004911
0.00528
0.00491
0.004908
0.005641
0.005339
0.004857
0.004732
0.00502
0.004845
0.004874
0.005392
0.005134
0.004919
0.004678
0.004776
0.004849
0.004809
0.004858
0.004849
0.004771
0.004897
0.004949
0.004705
0.005098
0.004972
NaN
NaN
NaN
NaN
0.000171
0.2409
0.005394
0.004944
0.005585
0.005371
NaN
NaN
NaN
NaN
0.000135
0.23646
0.00526
NaN
NaN
NaN
NaN
0.000145
0.22347
0.005217
0.0052
0.004731
0.004597
0.004843
0.010598
0.008246
0.007447
0.006226
0.004999
0.00532
0.005139
0.00502
0.005069
0.004726
0.004793
0.005861
0.010337
0.008449
0.006725
0.005921
0.004745
0.004669
0.004864
0.005859
0.005226
0.005142
0.004705
0.004864
0.01041
0.009086
0.007295
0.005865
0.005269
0.004866
0.004712
0.005201
0.004687
0.00467
0.005349
0.005384
0.004732
0.00479
0.004855
0.005333
0.005385
0.005489
0.005364
NaN
NaN
NaN
NaN
0.000168
0.23289
NaN
NaN
NaN
NaN
0.000305
0.21728
0.005515
0.004947
0.005509
0.004988
0.004959
0.00505
0.005145
0.005124
0.004876
0.004853
0.004748
0.005102
0.005609
0.011759
0.01169
0.006761
0.006232
NaN
NaN
NaN
NaN
0.000167
0.22674
0.00547
0.005722
0.005181
0.005436
0.00506
0.005028
0.005493
0.005639
0.004952
0.00542
0.004775
0.005393
0.004983
0.005611
0.006375
0.005417
0.004854
0.004912
0.00505
0.005543
0.005257
0.005005
0.00573
0.011119
0.010964
0.009223
0.007389
0.006335
0.00507
0.005441
0.005036
0.00571
0.004981
0.005308
0.005121
0.004939
0.00526
0.005068
0.005677
0.011606
NaN
NaN
NaN
NaN
0.000184
0.25392
0.006078
0.006476
0.005048
0.004975
0.004945
NaN
NaN
NaN
NaN
0.000163
0.23761
0.006311
0.004865
0.005152
0.005037
0.00491
0.005459
0.004904
0.005068
0.005223
0.005677
0.00491
0.004904
0.005527
0.005026
0.005033
0.004935
0.005006
0.007009
0.005793
0.005913
0.011016
0.009023
0.006506
0.005616
0.005725
0.005624
0.005392
0.004896
0.005146
0.005619
0.005068
0.005069
0.005107
0.005602
0.005286
0.005947
0.0054
0.005003
0.005505
0.005096
0.0049
0.005028
0.00565
0.004829
0.004905
0.005069
0.005614
0.005363
0.005739
0.005729
0.005311
0.005298
0.005486
0.00586
0.005408
0.005118
0.005134
0.005858
0.005544
0.006239
NaN
NaN
NaN
NaN
0.000171
0.22984
0.005575
0.005521
0.004877
0.005087
0.005073
0.005691
0.011081
0.011109
0.009228
0.009401
0.006319
0.006432
0.005563
0.01125
0.00931
0.008176
0.006811
0.005909
0.005446
0.005213
0.005313
0.00536
0.005512
0.005255
0.005067
0.005869
0.005159
0.00562
0.005171
0.005334
0.004989
0.005055
0.005476
0.00559
0.005185
0.005347
0.005255
0.00583
0.009876
NaN
NaN
NaN
NaN
0.00027
0.27288
0.007254
0.005954
NaN
NaN
NaN
NaN
0.000289
0.22443
0.005603
0.005068
0.005491
0.004963
0.005261
0.00572
0.01138
0.00949
0.011105
0.009669
0.007676
0.007209
0.007451
0.005284
0.005487
0.005064
0.005303
0.005052
0.005006
0.005065
0.004993
0.005611
0.005782
0.005232
0.005202
0.005458
0.005513
0.005552
0.005493
0.00548
0.00494
0.005125
0.004868
0.004888
0.005689
0.011496
0.008208
