0.99101
0.15471
0.094467
0.068825
0.10046
0.081241
0.056508
0.055306
0.059152
0.035916
0.03492
0.034
0.034638
0.034509
0.056929
0.03426
0.033706
0.033795
0.034562
0.034036
0.05081
0.034776
0.037855
0.033958
0.033861
0.034875
0.052622
0.036146
0.04362
0.034233
0.050112
0.043619
0.060824
0.038501
0.039805
0.051768
0.033709
0.033364
0.051096
0.033837
0.03294
0.03686
0.048225
0.033248
0.051007
0.03531
0.035491
0.048136
0.034765
0.034347
0.049702
0.049032
0.036296
0.035062
0.03589
0.034224
0.062295
0.035211
0.034866
0.03443
0.034065
0.033944
0.04933
0.034924
0.033951
0.035362
0.033424
0.033925
0.051657
0.05523
0.035497
0.036105
0.035819
0.041589
0.052033
0.033773
0.034105
0.033503
0.039483
0.033721
0.062806
0.034207
0.033907
0.034578
0.041654
0.033084
0.050138
0.034018
0.033432
0.033754
0.043206
0.033054
0.051337
0.033245
0.033453
0.033015
0.049592
0.04367
0.060461
0.033647
0.032894
0.033463
0.040077
0.033174
0.048401
0.034055
0.032947
0.034422
0.034977
0.032742
0.052512
0.034545
0.035564
0.035543
0.033613
0.033975
0.051314
0.032629
0.033829
0.033746
0.03407
0.032823
0.050769
0.035235
0.033159
0.044257
0.035693
0.034709
0.057907
0.035875
0.034276
0.035313
0.034626
0.034575
0.055433
0.037405
0.035209
0.049102
0.035523
0.034329
0.055258
0.034635
0.035393
0.034541
0.035952
0.035119
0.049106
0.035948
0.046821
0.062055
0.037066
0.059346
0.051617
0.035229
0.033495
0.033716
0.034655
0.03387
0.067067
0.036963
0.034192
0.034104
0.045163
0.034546
0.057072
0.035666
0.032872
0.033131
0.032781
0.033051
0.054288
0.039394
0.034222
0.038016
0.034073
0.037841
0.053954
0.035395
0.036176
0.034909
0.03482
0.034351
0.059395
0.033515
0.032602
0.032808
0.033677
0.032987
0.062695
0.033557
0.032974
0.03362
0.033245
0.033278
0.050229
0.033469
0.033239
0.033014
0.033666
0.032234
0.048455
0.047707
0.03326
0.038111
0.033809
0.036913
0.055582
0.039408
0.033188
0.033681
0.032529
0.032686
0.060471
0.033528
0.033384
0.033338
0.049118
0.032805
0.056891
0.03661
0.03332
0.032998
0.031953
0.035114
0.0496
0.03328
0.032506
0.032538
0.034328
0.032868
0.050367
0.0372
0.033437
0.032923
0.032824
0.035743
0.053098
0.035855
0.033096
0.033542
0.033059
0.033418
0.050285
0.033906
0.03363
0.03989
0.047775
0.036172
0.050238
0.045574
0.047628
0.035713
0.035524
0.033362
0.052107
0.033827
0.03721
0.035672
0.033094
0.038651
0.049455
0.033536
0.032612
0.033077
0.032866
0.033407
0.050705
0.034784
0.034698
0.033392
0.032785
0.041754
0.059312
0.034266
0.037815
0.034383
0.039115
0.032932
0.050482
0.032501
0.033388
0.040565
0.032818
0.032874
0.072887
0.068223
0.055349
0.034467
0.032324
0.033092
0.053329
0.033083
0.034557
0.035399
0.033181
0.033804
0.054563
0.033428
0.034496
0.035543
0.035311
0.034147
0.053169
0.034133
0.033464
0.039978
0.033926
0.033663
0.049682
0.03366
0.03361
0.032815
0.033451
0.032796
0.050166
0.033379
0.033822
0.035714
0.033757
0.033538
0.048029
0.032792
0.035523
0.033436
0.033017
