0.000225
0.23037
0.005768
0.004986
0.005217
0.005219
0.005776
0.005301
0.005833
0.005153
0.005841
0.005489
0.005527
0.005247
0.005508
0.005441
0.006003
0.005124
0.005387
0.005265
0.005095
0.005065
0.005286
0.005313
0.0053
0.005562
0.005067
0.005743
0.005188
0.005785
0.005316
0.005673
0.005548
0.005517
0.00523
0.005693
0.005717
0.010794
0.00955
0.007111
0.005497
0.005799
0.005247
0.005335
0.005624
0.005895
0.005699
0.00602
0.005679
0.005766
0.00562
0.005427
0.004916
0.005373
0.005439
0.005557
0.005048
0.005092
0.005343
0.00507
0.005053
0.005682
0.005933
0.011068
0.008239
0.006786
0.006053
0.004873
0.005017
0.005089
0.005065
0.004839
0.005459
0.004958
0.005059
0.005085
0.005071
0.005441
0.004991
0.005002
0.004995
0.005126
0.005318
0.005026
0.004878
0.00531
0.005138
0.005548
0.005337
0.005532
0.005125
0.005157
0.005253
0.005138
0.005976
0.005496
0.004997
0.005373
0.006163
0.005934
0.005226
0.006192
0.005145
0.005268
0.005165
0.005251
0.005299
0.005153
0.005286
0.005244
0.005251
0.005331
0.005401
0.005002
0.00518
0.00516
0.005115
0.005294
0.005449
0.005358
0.005366
0.005073
0.005926
0.00502
0.005331
0.005351
0.005487
0.005066
0.005054
0.006398
0.008175
0.011189
0.007997
0.011718
0.007899
0.006916
0.006853
0.010859
0.010141
0.007477
0.006335
0.005363
0.005492
0.005
0.005034
0.006047
0.011134
0.008023
0.008313
0.006459
0.006108
0.006006
0.005209
0.005939
0.006332
0.005796
0.005957
0.006209
0.005548
0.006552
0.005864
0.005524
0.006692
0.005916
0.005689
0.005887
0.00586
0.006766
0.006323
0.007678
0.005741
0.006774
0.007096
0.006574
0.005927
0.005615
0.005778
0.006453
0.005807
0.005068
0.006188
0.005408
0.006163
0.005925
0.006229
0.006416
0.006065
0.011908
0.009698
0.007699
0.006577
