1.2911
0.14667
0.083078
0.065613
0.09707
0.079738
0.04766
0.045725
0.045306
0.021969
0.022467
0.020709
0.020415
0.021744
0.047805
0.021352
0.021613
0.020013
0.021982
0.021086
0.046015
0.021385
0.020235
0.033704
0.020606
0.021642
0.048746
0.023288
0.022574
0.024587
0.036329
0.024278
0.060025
0.02398
0.027865
0.032606
0.024804
0.019613
0.045081
0.019932
0.020419
0.03037
0.034479
0.020163
0.048194
0.032049
0.022401
0.020578
0.024803
0.02082
0.046984
0.020859
0.020586
0.020269
0.02387
0.020809
0.054424
0.026342
0.021063
0.020952
0.027201
0.022861
0.054348
0.024529
0.022653
0.022508
0.022505
0.02316
0.050367
0.02341
0.023377
0.024377
0.022545
0.022939
0.055969
0.022144
0.022111
0.023494
0.022587
0.027188
0.051736
0.023289
0.024478
0.023715
0.023301
0.022704
0.051921
0.020095
0.021927
0.02414
0.020731
0.0232
0.05204
0.021848
0.021464
0.02973
0.023274
0.025332
0.053901
0.022776
0.022566
0.024395
0.020477
0.020257
0.046143
0.022416
0.026692
0.022166
0.020365
0.022345
0.068177
0.024369
0.035844
0.020878
0.021184
0.020513
0.045699
0.020337
0.019975
0.021534
0.02057
0.027681
0.047515
0.021569
0.029021
0.020588
0.021264
0.021138
0.045593
0.02089
0.020464
0.020571
0.022937
0.020775
0.045779
0.02149
0.020458
0.020606
0.020783
0.020919
0.046863
0.028551
0.021751
0.026432
0.020878
0.020786
0.045955
0.020402
0.024876
0.020401
0.027128
0.021126
0.054441
0.020985
0.021035
0.022245
0.023619
0.033301
0.046104
0.021092
0.020694
0.021537
0.022116
0.021786
0.057032
0.02349
0.022663
0.023751
0.021431
0.022266
0.051518
0.021848
0.022197
0.023102
0.023217
0.022457
0.052011
0.031728
0.028299
0.024149
0.024348
0.0246
0.045883
0.026466
0.026658
0.023408
0.020118
0.027459
0.044858
0.020064
0.024558
0.020983
0.021648
0.020587
0.053596
0.020517
0.019807
0.020329
0.04368
0.021656
0.047232
0.031354
0.021765
0.022627
0.028638
0.022229
0.045879
0.021136
0.022824
0.022021
0.020817
0.021116
0.056394
0.024283
0.024114
0.020867
0.021333
0.033507
0.049986
0.021222
0.024027
0.024848
0.024452
0.021014
0.047699
0.022052
0.021118
0.022022
0.021248
0.021571
0.050103
0.026069
0.023633
0.025577
0.022014
0.026359
0.053709
0.020969
0.022511
0.022302
0.0219
0.029882
0.049369
0.019195
0.028957
0.020938
0.027543
0.036645
0.04842
0.020857
0.028118
0.033389
0.027058
0.020519
0.044945
0.031124
0.020538
0.020883
0.020599
0.031726
0.044534
0.020788
0.021235
0.020637
0.025941
0.020638
0.064049
0.020053
0.022465
0.020795
0.020042
0.021255
0.047732
0.032659
0.022716
0.025803
0.021523
0.026733
0.043683
0.020045
0.033444
0.029831
0.020722
0.022701
0.04618
0.028485
0.023921
0.021206
0.027299
0.021877
0.044587
0.041014
0.025469
0.024247
0.036084
0.021203
0.051768
0.021079
0.020743
0.021529
0.032595
0.019814
0.053531
0.023835
0.020218
0.020728
0.026449
0.027734
0.043248
0.019415
0.020045
0.019723
0.020543
0.023648
0.04375
0.019466
0.023856
0.023977
0.020547
0.023458
0.043957
0.021229
0.021986
0.020371
0.021802
0.023577
