0.000146
0.21983
0.005686
0.004956
0.00498
0.005133
0.005738
0.005415
0.005692
0.00501
0.005337
0.004868
0.004894
0.005267
0.004879
0.005142
0.004965
0.005138
0.005808
0.005056
0.005557
0.00538
0.0054
0.004991
0.005257
0.005229
0.005152
0.00513
0.005236
0.005497
0.005134
0.005116
0.005119
0.004962
0.0055
0.005065
0.004867
0.004954
0.005066
0.005277
0.005171
0.005309
0.005273
0.005966
0.006749
0.005184
0.00567
0.005417
0.004938
0.005966
0.006549
0.00491
0.005124
0.005135
0.004928
0.005315
0.004853
0.005076
0.00567
0.005087
0.005717
0.005232
0.005267
0.00492
0.0049
0.005676
0.00508
0.007117
0.006565
0.005514
0.005908
0.005288
0.005174
0.005305
0.006275
0.011188
0.008497
0.006304
0.005814
0.005284
0.005242
0.00551
0.005036
0.005215
0.005135
0.005219
0.005353
0.005294
0.005452
0.005555
0.005879
0.011396
0.008836
0.00715
0.006251
0.005585
0.005856
0.005321
0.00547
0.005265
0.005615
0.005109
0.005278
0.005114
0.005456
0.005434
0.005345
0.005228
0.005288
0.006029
0.005125
0.005648
0.005071
0.00536
0.005226
0.005156
0.005163
0.005114
0.005796
0.005212
0.005633
0.005316
0.005368
0.005201
0.005245
0.005074
0.005297
0.005546
0.005357
0.005424
0.005398
0.00575
0.005329
0.005578
0.005127
0.005959
0.005157
0.005527
0.005131
0.005191
0.005243
0.005128
0.005647
0.012208
0.009258
0.007227
0.006326
