1.0285
0.16059
0.10081
0.080009
0.1053
0.09022
0.05472
0.053486
0.052873
0.036985
0.035536
0.035268
0.03465
0.035236
0.055955
0.037552
0.035346
0.034825
0.047393
0.035085
0.050859
0.034739
0.034432
0.03486
0.034887
0.033851
0.052612
0.035853
0.037582
0.037715
0.044462
0.038301
0.058781
0.040566
0.040899
0.041505
0.035203
0.033957
0.057729
0.040365
0.038346
0.034576
0.036395
0.035783
0.059561
0.036035
0.038804
0.035878
0.036024
0.033754
0.051709
0.034693
0.033482
0.03668
0.038025
0.04764
0.060352
0.047166
0.034108
0.036219
0.034708
0.035903
0.053528
0.035269
0.034082
0.036929
0.034051
0.033989
0.050564
0.035704
0.034154
0.033769
0.034232
0.03427
0.067086
0.036147
0.036951
0.034212
0.040287
0.034739
0.053201
0.037713
0.037234
0.034189
0.035792
0.037807
0.051896
0.033999
0.034589
0.03479
0.036899
0.035999
0.054953
0.035107
0.035346
0.043397
0.033826
0.036136
0.061639
0.033946
0.035452
0.035146
0.033347
0.042622
0.060813
0.034286
0.035357
0.037457
0.033709
0.033018
0.054457
0.035088
0.033908
0.033425
0.035692
0.039795
0.053104
0.033651
0.034812
0.033068
0.033162
0.033441
0.057733
0.035939
0.033481
0.034579
0.034354
0.040339
0.050489
0.046343
0.036056
0.033067
0.033398
0.033008
0.051921
0.034821
0.034055
0.03421
0.033955
0.033949
0.052079
0.03355
0.033763
0.033675
0.033851
0.032993
0.051493
0.036165
0.033596
0.033746
0.0363
0.046887
0.05407
0.035166
0.043527
0.034837
0.036381
0.035284
0.05285
0.035137
0.036788
0.034809
0.034953
0.034761
0.057561
0.036335
0.036625
0.035558
0.034811
0.033501
0.051993
0.034855
0.034451
0.034042
0.035511
0.033752
0.059022
0.040504
0.03535
0.034825
0.043213
0.03507
0.049146
0.034291
0.035615
0.035305
0.034207
0.037853
0.051485
0.03492
0.035843
0.035562
0.035147
0.03595
0.074644
0.03593
0.034509
0.034061
0.03403
0.040989
0.061274
0.033866
0.03515
0.034714
0.033993
0.041754
0.053661
0.035679
0.033221
0.034162
0.048588
0.032759
0.051027
0.035156
0.040281
0.033055
0.033759
0.03302
0.065323
0.03615
0.035673
0.03585
0.035442
0.032327
0.051124
0.032776
0.033404
0.034433
0.037239
0.032864
0.051364
0.035895
0.034451
0.033299
0.03563
0.033782
0.050053
0.033766
0.038215
0.036762
0.033391
0.032856
0.051366
0.033748
0.033459
0.033182
0.046268
0.033615
0.049726
0.034586
0.035748
0.034344
0.038955
0.034396
0.062564
0.03352
0.037851
0.034221
0.03363
0.034693
0.056231
0.038214
0.035454
0.035093
0.033489
0.033663
0.054973
0.033901
0.034479
0.034374
0.035022
0.034197
0.057511
0.040295
0.033808
0.035461
0.034512
0.032636
0.051213
0.034308
0.034084
0.034358
0.034949
0.03415
0.051766
0.033594
0.034664
0.033606
0.033297
0.033699
0.056997
0.035207
0.033834
0.033662
0.033587
0.033405
0.05118
0.034344
0.032766
0.048411
0.035109
0.035135
0.051616
0.033445
0.035618
0.033708
0.034336
0.03267
0.049884
0.034419
0.033497
0.034928
0.034174
0.033999
0.050507
0.033836
0.034273
0.033633
0.04294
0.034267
0.049167
0.034223
0.03363
0.033471
0.033294
0.045289
0.060325
0.034366
0.035218
0.032951
0.034092
0.034072
0.057008
0.031572
0.035831
0.040551
0.03402
0.032691
0.054625
0.037351
0.035865
0.043272
0.034461
0.034937
0.067206
0.035887
0.034621
0.035329
0.034253
0.034289
0.056188
0.034038
0.033755
0.034033
0.034605
0.0349
0.053359
0.034106
0.034399
0.041847
0.034411
0.03451
0.05606
0.034433
0.034205
0.035948
0.036479
0.033633
0.052357
0.039211
0.033489
0.034104
0.045806
0.044575
0.048049
0.034358
0.033453
0.034086
0.033068
0.033912
0.05007
0.035488
0.033475
0.034635
0.032985
0.034145
0.049381
0.033833
0.047734
0.038097
0.040483
0.038608
0.06106
0.034019
0.038745
0.034009
0.038186
0.03542
0.051094
0.032547
0.032721
0.038843
0.048572
0.03438
0.055327
0.036705
0.037948
0.036964
0.038448
0.034756
0.055969
0.03546
0.036798
0.034283
0.034489
0.034234
0.057712
0.034304
0.033735
0.033771
0.035467
0.042862
0.053766
0.036388
0.033772
0.034121
0.033034
0.033744
0.050047
0.03468
0.033866
0.035548
0.03392
0.034582
0.053983
0.039803
0.047886
0.03486
0.033355
0.039321
0.055143
0.033346
0.033823
0.038003
0.032054
0.0354
0.050806
0.033275
0.036562
0.033923
0.037902
0.032484
0.049718
0.037551
0.04288
0.035017
0.032865
0.033491
0.068508
0.037476
0.03679
0.034037
0.034467
0.038854
0.051776
0.033782
0.034309
0.033978
0.033077
0.033665
0.050076
0.033693
0.046164
0.032702
0.033554
0.033379
0.053239
0.034056
0.033361
0.033469
0.035889
0.033505
0.049434
0.037819
0.034612
0.03382
0.033179
0.034765
0.052594
0.037909
0.032999
0.032834
0.033674
0.044326
0.057283
0.033198
0.033529
0.032599
0.037759
0.040499
0.067424
0.036207
0.048048
0.037207
0.046647
0.0352
0.069526
0.038573
0.03676
0.033957
0.033364
0.039469
0.050134
0.035296
0.035659
0.036289
0.037888
0.040178
0.05576
0.03341
0.033157
0.034597
0.033442
0.034167
0.049797
0.033369
0.034574
0.035346
0.034033
0.033848
0.052668
0.035214
0.034751
0.03477
0.039913
0.033768
0.050565
0.036674
0.033357
0.033612
0.033544
0.034244
0.048035
0.045283
0.033653
0.034513
0.033746
0.034447
0.049237
0.033268
0.034036
0.033055
0.035113
0.034383
0.048246
0.034436
0.03368
0.033873
0.034997
0.036034
0.05001
0.03406
0.033821
0.036783
0.034115
0.033906
0.049152
0.033759
0.032778
0.033953
0.036772
0.035415
0.051721
0.034295
0.040937
0.033842
0.037644
0.035233
0.055215
