0.000106
0.22368
0.006081
0.005792
0.00601
0.005508
0.005686
0.00567
0.005544
0.005849
0.006486
0.00694
0.00563
0.005859
0.006218
0.006519
0.007082
0.005743
0.005691
0.005718
0.006388
0.006253
0.005937
0.005659
0.006182
0.006174
0.005591
NaN
NaN
NaN
NaN
0.000167
0.23205
0.008998
0.007965
0.007533
0.00768
NaN
NaN
NaN
NaN
4.9e-05
0.25617
0.019068
0.018324
0.015188
0.016457
0.017116
0.01625
NaN
NaN
NaN
NaN
0.000207
0.24675
0.017276
0.015537
NaN
NaN
NaN
NaN
0.000171
0.24341
0.016073
0.015613
0.015902
0.01561
NaN
NaN
NaN
NaN
0.000248
0.26753
0.010598
0.010709
0.010553
0.009169
0.010945
0.009821
0.010598
0.009367
0.013206
0.014714
0.010885
0.009579
0.009302
0.009529
0.009337
0.011166
0.009225
0.010166
0.009837
0.009234
0.01001
0.008705
0.008802
0.008778
0.009638
0.008828
0.008913
0.008222
0.009492
0.008866
0.008314
0.007965
0.008136
0.007858
0.007955
0.008052
0.007968
0.00789
0.008289
0.008706
0.007807
0.008
0.009181
0.008529
0.008503
