0.000151,0.000137,8.1e-05,0.00014,0.000149,0.000132,0.000162,0.000134,0.000147,0.000123,0.000139,0.000194,0.000136,0.000133,0.000143
0.49386,0.48774,0.51162,0.50841,0.50609,0.49251,0.52162,0.49782,0.49483,0.49168,0.49842,0.49444,0.51614,0.49757,0.49463
0.015603,0.015792,0.015957,0.017361,0.015648,0.015457,0.015731,0.015794,0.016378,0.015494,0.015784,0.015801,0.015786,0.015881,0.016144
0.016397,0.015808,0.015658,0.016993,0.016395,0.015865,0.015707,0.015834,0.015875,0.015921,0.017584,0.015799,0.016324,0.016037,0.01498
0.01465,0.014552,0.015396,0.014897,0.01488,0.015013,0.014878,0.014797,0.016456,0.014526,0.015331,0.015242,0.015982,0.01465,0.014479
0.015916,0.015346,0.014712,0.016173,0.015167,0.015953,0.014655,0.015934,0.015571,0.016052,0.015295,0.015045,0.01514,0.015892,0.015573
0.015914,0.015513,0.015698,0.015942,0.014831,0.01573,0.015825,0.014889,0.015645,0.015923,0.015538,0.015538,0.015184,0.014941,0.015684
0.026632,0.027735,0.026334,0.02716,0.027264,0.025401,0.026653,0.025968,0.026056,0.025728,0.027767,0.026053,0.026505,0.026759,0.026357
0.029962,0.029388,0.030048,0.027756,0.030064,0.028678,0.029527,0.026292,0.02971,0.026418,0.042945,0.029123,0.029583,0.029829,0.029404
0.026971,0.026738,0.029291,0.026939,0.029892,0.025854,0.027078,0.026104,0.026423,0.029307,0.032388,0.026382,0.026221,0.026243,0.027788
0.031133,0.03075,0.027471,0.032607,0.03133,0.031204,0.026811,0.031354,0.032838,0.030299,0.034589,0.029529,0.030544,0.032591,0.031343
0.024864,0.02265,0.022701,0.023608,0.021712,0.021398,0.021127,0.024712,0.020884,0.024491,0.019769,0.023976,0.024024,0.024711,0.022222
0.083677,0.077996,0.082298,0.080331,0.078715,0.081594,0.079022,0.098593,0.08756,0.081072,0.071716,0.09465,0.086001,0.079362,0.077198
0.025574,0.019063,0.021494,0.024107,0.020356,0.021777,0.01821,0.024077,0.01915,0.023069,0.019462,0.025111,0.018758,0.022148,0.019053
0.017657,0.016868,0.016784,0.016104,0.016725,0.0178,0.016654,0.016936,0.016557,0.01678,0.016513,0.01771,0.016045,0.016184,0.016203
0.016216,0.017334,0.015819,0.016701,0.017257,0.017381,0.017343,0.017098,0.016397,0.016731,0.016431,0.016835,0.016375,0.016622,0.016984
0.016366,0.016014,0.01583,0.015602,0.015811,0.016268,0.016452,0.016148,0.015628,0.015563,0.016136,0.016878,0.015865,0.015284,0.015997
0.016401,0.015401,0.016073,0.019561,0.018963,0.016136,0.016258,0.01623,0.015469,0.016344,0.016187,0.015779,0.015565,0.017925,0.01638
0.015701,0.016738,0.015978,0.016482,0.016453,0.016151,0.016137,0.016234,0.017007,0.01638,0.016642,0.016658,0.015784,0.015808,0.016621
0.016386,0.016513,0.016332,0.016672,0.016266,0.016304,0.016227,0.016485,0.016327,0.016223,0.016411,0.016368,0.017055,0.016344,0.018905
0.016625,0.019808,0.017329,0.016889,0.028133,0.01789,0.017396,0.017906,0.017654,0.016729,0.017864,0.017166,0.017331,0.017435,0.017881
0.01653,0.018223,0.017676,0.019563,0.016759,0.01706,0.016958,0.017427,0.017505,0.016991,0.016773,0.017047,0.01734,0.018664,0.017587
0.016901,0.015973,0.016082,0.021149,0.016401,0.016332,0.016183,0.01685,0.016217,0.016201,0.016696,0.017029,0.01678,0.015768,0.019024
0.016397,0.01595,0.016707,0.019683,0.015801,0.016846,0.016314,0.01701,0.016499,0.015463,0.016705,0.016857,0.015908,0.018249,0.016861
0.016769,0.015991,0.017374,0.01688,0.01671,0.016923,0.016804,0.017326,0.016586,0.016515,0.017757,0.015951,0.016937,0.019105,0.016393
0.016799,0.016799,0.016484,0.019482,0.016677,0.016851,0.016687,0.016867,0.01679,0.016912,0.017059,0.018045,0.017156,0.017767,0.016906
0.017789,0.017046,0.017195,0.017497,0.017042,0.016967,0.017115,0.018021,0.018145,0.017064,0.017067,0.017211,0.017033,0.020017,0.016971
0.016872,0.017826,0.01824,0.020137,0.017719,0.019075,0.01748,0.018088,0.017883,0.017149,0.01725,0.01724,0.018196,0.017953,0.017583
0.01708,0.018422,0.016509,0.016402,0.016471,0.01676,0.017204,0.017407,0.017476,0.01718,0.016337,0.016885,0.017173,0.018949,0.017093
0.016103,0.017522,0.016275,0.016178,0.01598,0.017271,0.01611,0.016914,0.019769,0.016134,0.016623,0.017022,0.017158,0.016352,0.016929
0.016662,0.016642,0.017303,0.018172,0.017458,0.016687,0.016521,0.018408,0.017043,0.016714,0.017672,0.017345,0.017234,0.016225,0.017579
0.017111,0.017534,0.01726,0.018554,0.017182,0.017527,0.017052,0.01799,0.017049,0.017332,0.01769,0.017092,0.017981,0.017627,0.017461
0.018505,0.018216,0.018304,0.017693,0.018081,0.018782,0.017878,0.018859,0.017485,0.017026,0.018536,0.017925,0.018358,0.017459,0.018563
0.017704,0.017702,0.017698,0.018409,0.017131,0.017446,0.018141,0.019364,0.02046,0.018135,0.0187,0.017129,0.018396,0.017313,0.01746
0.016819,0.016411,0.016877,0.018502,0.01741,0.017332,0.01645,0.017394,0.016181,0.01633,0.016868,0.017281,0.017258,0.017405,0.017367
0.016975,0.016545,0.016639,0.017381,0.016484,0.016199,0.017378,0.01745,0.017031,0.016297,0.016496,0.016566,0.016567,0.016986,0.017197
0.017315,0.017319,0.017147,0.016479,0.016537,0.017325,0.016492,0.016954,0.016524,0.01695,0.016584,0.016425,0.017427,0.016992,0.017341
0.017186,0.016967,0.017277,0.017314,0.017132,0.017393,0.017145,0.01737,0.017469,0.017673,0.017388,0.018384,0.016987,0.018024,0.017516
0.017719,0.017489,0.018454,0.0186,0.020193,0.017988,0.017408,0.018548,0.018091,0.016981,0.018075,0.017724,0.018777,0.017312,0.018894
0.017523,0.017472,0.017316,0.018298,0.018128,0.018187,0.017601,0.01822,0.017518,0.017836,0.01726,0.018231,0.018351,0.017915,0.017445
0.017757,0.01757,0.017389,0.017143,0.016742,0.017843,0.01648,0.017128,0.016751,0.017803,0.016556,0.017506,0.016491,0.017379,0.019272
0.016572,0.016252,0.016547,0.017237,0.017399,0.017387,0.017279,0.016771,0.016454,0.01738,0.016827,0.016216,0.017352,0.016232,0.017377
0.016608,0.01625,0.016563,0.017255,0.016395,0.01766,0.017709,0.017033,0.017071,0.017473,0.016317,0.016681,0.017138,0.016971,0.017587
0.01977,0.017742,0.018048,0.017449,0.017465,0.018627,0.017402,0.017719,0.017182,0.017275,0.017176,0.017336,0.017596,0.017897,0.017948
0.018141,0.018641,0.017715,0.019059,0.017394,0.018066,0.017369,0.018322,0.017599,0.017986,0.017567,0.018086,0.018812,0.018094,0.018713
0.017641,0.017187,0.017718,0.017889,0.017762,0.018145,0.018647,0.018349,0.018326,0.01841,0.017521,0.017523,0.018441,0.018236,0.017606
0.016415,0.016539,0.01717,0.016931,0.016507,0.017081,0.016775,0.016942,0.017678,0.016803,0.01679,0.017482,0.016459,0.017536,0.017012
0.016344,0.016838,0.017001,0.016616,0.016753,0.01721,0.016642,0.017167,0.016238,0.016522,0.017105,0.016866,0.016349,0.016504,0.0168
0.016611,0.016283,0.017419,0.016462,0.017023,0.017185,0.017145,0.016969,0.017953,0.017104,0.016752,0.016605,0.017231,0.017925,0.016784
0.016841,0.017172,0.017373,0.017717,0.019594,0.017857,0.017055,0.016931,0.016958,0.017049,0.017161,0.017631,0.017604,0.01767,0.01723
0.019644,0.0174,0.01807,0.020084,0.017614,0.018313,0.018236,0.018132,0.019314,0.017347,0.017458,0.018269,0.018099,0.018406,0.017958
0.017177,0.017725,0.018068,0.018352,0.017433,0.017617,0.017212,0.018477,0.018691,0.01742,0.018245,0.017645,0.017999,0.017898,0.019209
0.017224,0.018261,0.017086,0.018051,0.016411,0.017594,0.017346,0.017173,0.01813,0.016284,0.016832,0.017424,0.017127,0.016544,0.017047
0.016384,0.017004,0.016231,0.016893,0.016572,0.017226,0.01715,0.017091,0.017194,0.016355,0.016316,0.016616,0.017192,0.016003,0.016241
0.017611,0.017033,0.017206,0.016419,0.016327,0.018157,0.017026,0.016918,0.016813,0.016393,0.017083,0.01686,0.016809,0.018057,0.017116
0.016812,0.017483,0.017091,0.017717,0.017007,0.01731,0.017254,0.017119,0.017728,0.017527,0.017353,0.019572,0.017243,0.017015,0.017045
0.017466,0.019313,0.01815,0.018589,0.020822,0.018491,0.017826,0.018281,0.01749,0.017707,0.017381,0.017738,0.017449,0.017526,0.017172
0.017227,0.018964,0.018169,0.018181,0.017231,0.01848,0.017713,0.017298,0.017131,0.017978,0.018789,0.018436,0.017406,0.017634,0.019898
0.019059,0.017328,0.017473,0.017378,0.016466,0.016516,0.01661,0.017369,0.017168,0.017112,0.01723,0.017188,0.017313,0.017144,0.016446
0.016963,0.016824,0.017419,0.017632,0.017085,0.016946,0.016394,0.017463,0.016488,0.016424,0.017264,0.01863,0.017089,0.018094,0.016549
0.02183,0.017096,0.016693,0.016852,0.020033,0.017189,0.017608,0.017303,0.016851,0.016419,0.016514,0.017116,0.016334,0.016932,0.017728
0.017803,0.016769,0.016846,0.017165,0.017039,0.020337,0.017083,0.017,0.018676,0.017411,0.017606,0.017853,0.01793,0.017128,0.018792
0.029662,0.018243,0.018737,0.01971,0.017837,0.018307,0.017438,0.018218,0.018517,0.017367,0.018537,0.01814,0.018504,0.017483,0.018876
0.017167,0.017951,0.018146,0.018009,0.017575,0.017353,0.017379,0.018,0.017459,0.017338,0.017596,0.018303,0.01827,0.017416,0.017205
0.017034,0.017209,0.016973,0.017353,0.018803,0.019969,0.01694,0.017084,0.017578,0.016867,0.016535,0.016482,0.017269,0.017353,0.016468
0.017627,0.016993,0.016785,0.016273,0.019579,0.016198,0.017365,0.016949,0.017479,0.016657,0.017479,0.017038,0.016989,0.017078,0.018494
0.016375,0.01678,0.016278,0.017729,0.019427,0.017097,0.016662,0.017648,0.016924,0.017534,0.016598,0.017172,0.018015,0.016778,0.016389
0.017191,0.016952,0.017162,0.017342,0.0175,0.017709,0.017477,0.017674,0.01727,0.018365,0.01696,0.01832,0.017912,0.017089,0.0187
0.018305,0.018165,0.017381,0.01833,0.018919,0.018213,0.017555,0.018047,0.019753,0.017091,0.018137,0.018276,0.018219,0.018548,0.020113
0.017589,0.018395,0.017246,0.01916,0.018502,0.018321,0.017661,0.018032,0.018006,0.017287,0.018378,0.018288,0.018344,0.018309,0.017725
0.017079,0.017575,0.017056,0.016935,0.018561,0.016709,0.017292,0.017138,0.016728,0.016455,0.01665,0.01652,0.01728,0.017657,0.018113
0.017016,0.017334,0.017248,0.017033,0.016354,0.01801,0.017624,0.016822,0.017288,0.01616,0.017304,0.017322,0.016249,0.016482,0.016617
0.017212,0.01718,0.016619,0.016983,0.016464,0.01707,0.016581,0.017464,0.020091,0.016747,0.017503,0.016558,0.017325,0.017239,0.019352
0.017493,0.017439,0.017893,0.019582,0.016928,0.017274,0.017277,0.017589,0.018621,0.019389,0.017649,0.01721,0.01741,0.017525,0.017286
0.017416,0.020108,0.01776,0.017629,0.018272,0.018366,0.017442,0.018462,0.018475,0.018197,0.01842,0.018137,0.01796,0.018554,0.017189
0.018356,0.018273,0.017329,0.018096,0.01818,0.01847,0.018192,0.018357,0.018302,0.017386,0.018254,0.018087,0.018143,0.018282,0.017745
0.016283,0.018966,0.016344,0.01665,0.016832,0.017095,0.016977,0.017367,0.018659,0.016452,0.016459,0.020261,0.016928,0.017255,0.016426
0.016983,0.017992,0.016342,0.016682,0.017118,0.01739,0.017252,0.017049,0.020454,0.018644,0.016308,0.017239,0.016918,0.01728,0.01642
0.017434,0.018207,0.017256,0.017482,0.01736,0.017196,0.017149,0.017525,0.021019,0.017002,0.016855,0.01727,0.017222,0.017227,0.016269
0.017424,0.017238,0.01696,0.017996,0.017962,0.017273,0.028415,0.017137,0.017946,0.01723,0.016909,0.017429,0.017195,0.017197,0.017185
0.017684,0.018202,0.01821,0.01848,0.017933,0.018367,0.018367,0.018128,0.018746,0.017269,0.018216,0.018151,0.018002,0.018039,0.017318
0.018069,0.01839,0.018214,0.017956,0.01763,0.01906,0.017586,0.018059,0.018213,0.017671,0.018269,0.018056,0.018049,0.018156,0.018132
0.017068,0.016759,0.017687,0.018218,0.016691,0.018138,0.016797,0.017247,0.019405,0.017389,0.016828,0.01736,0.017287,0.017626,0.016349
0.016308,0.017333,0.017092,0.016155,0.016646,0.016445,0.017076,0.017187,0.016743,0.016596,0.016309,0.017175,0.017115,0.017309,0.016739
0.017388,0.01818,0.016492,0.017357,0.016458,0.017183,0.017253,0.017026,0.016972,0.017511,0.016468,0.017398,0.016923,0.017636,0.016199
0.017513,0.017731,0.017628,0.016982,0.017609,0.017279,0.018313,0.01683,0.017035,0.017603,0.017143,0.01713,0.017949,0.01697,0.017269
0.01775,0.020897,0.017628,0.018209,0.017976,0.018078,0.018351,0.018343,0.018431,0.018004,0.018541,0.018205,0.018088,0.018519,0.017686
0.018754,0.018251,0.017403,0.017833,0.017983,0.018372,0.018016,0.018467,0.01743,0.017838,0.017587,0.019379,0.017941,0.018418,0.017746
0.016889,0.017403,0.016483,0.017283,0.017459,0.017437,0.017376,0.017454,0.017125,0.016646,0.01662,0.01734,0.017251,0.017448,0.016751
0.016431,0.017151,0.0165,0.019371,0.016954,0.017182,0.017578,0.017288,0.016787,0.016954,0.0166,0.017064,0.017121,0.016549,0.016271
0.017619,0.01772,0.016538,0.016521,0.017004,0.017267,0.017637,0.017392,0.016709,0.017242,0.016554,0.0172,0.016439,0.017507,0.016684
0.017529,0.01771,0.017178,0.017155,0.018312,0.017183,0.017409,0.017124,0.018012,0.017279,0.017128,0.017581,0.017303,0.018464,0.017316
0.018499,0.018719,0.018286,0.01857,0.018047,0.019812,0.017451,0.017999,0.017526,0.018516,0.017996,0.017617,0.018375,0.017874,0.01752
0.018465,0.018741,0.01758,0.018269,0.019094,0.017497,0.018416,0.018519,0.019196,0.017562,0.018285,0.020493,0.018956,0.017575,0.017501
0.017136,0.017068,0.017425,0.01725,0.017681,0.016589,0.017644,0.01743,0.01667,0.016579,0.017453,0.016687,0.016826,0.017715,0.016837
0.018609,0.017782,0.016603,0.018604,0.016796,0.017272,0.017693,0.016312,0.017015,0.018263,0.017534,0.016564,0.017253,0.01656,0.021717
0.017,0.020205,0.018945,0.0177,0.017266,0.017035,0.016804,0.017461,0.017342,0.0168,0.016306,0.01726,0.017033,0.016926,0.025426
0.01786,0.017872,0.018218,0.01811,0.017599,0.018476,0.017688,0.01734,0.018196,0.017298,0.017088,0.020364,0.017746,0.0178,0.01797
0.018496,0.019282,0.017791,0.017905,0.017927,0.021559,0.018632,0.018325,0.017649,0.017496,0.018239,0.018735,0.018625,0.018937,0.018089
0.018397,0.018328,0.018476,0.01814,0.018359,0.019587,0.018738,0.018185,0.01761,0.01837,0.018438,0.018306,0.018528,0.018523,0.017771
0.017044,0.019345,0.022084,0.017846,0.017225,0.017031,0.017025,0.017714,0.018007,0.01755,0.017706,0.017351,0.018056,0.017015,0.016832
0.017454,0.017805,0.016654,0.0168,0.017624,0.016787,0.017303,0.017084,0.017147,0.016368,0.016232,0.021443,0.017405,0.016917,0.016638
0.017525,0.028586,0.017434,0.018693,0.017284,0.017278,0.018963,0.016412,0.01788,0.016713,0.017407,0.017755,0.01744,0.017826,0.017955
0.017453,0.025591,0.017641,0.017955,0.017728,0.0185,0.02634,0.017254,0.017465,0.016991,0.017424,0.02483,0.017437,0.017573,0.018171
0.018452,0.020669,0.018251,0.018197,0.018771,0.017903,0.018791,0.018616,0.017869,0.018357,0.017596,0.018359,0.017848,0.018486,0.018085
0.018302,0.018127,0.017832,0.019294,0.017676,0.018526,0.017996,0.018407,0.01847,0.017468,0.018402,0.021156,0.018325,0.018679,0.017929
0.017695,0.020063,0.01681,0.018069,0.016669,0.01697,0.02683,0.017431,0.017967,0.017361,0.016864,0.019556,0.017521,0.018163,0.017306
0.017601,0.01709,0.016685,0.017527,0.018238,0.018054,0.017432,0.017304,0.017261,0.016812,0.01644,0.019719,0.017619,0.017376,0.016481
0.017757,0.01764,0.016636,0.017006,0.017184,0.017052,0.017132,0.017379,0.017704,0.016631,0.017894,0.016808,0.01768,0.016622,0.016735
0.017338,0.018525,0.018335,0.017395,0.017498,0.019573,0.017722,0.017756,0.017962,0.017364,0.017329,0.017646,0.017689,0.017767,0.017433
0.018391,0.0192,0.018092,0.018677,0.018496,0.018583,0.017873,0.018448,0.018349,0.017519,0.018425,0.018696,0.018716,0.018666,0.01774
0.0188,0.018674,0.018526,0.018922,0.017556,0.019066,0.017853,0.018614,0.018369,0.018686,0.018368,0.018476,0.017784,0.017774,0.017973
0.018039,0.017432,0.01778,0.017733,0.016825,0.017007,0.016929,0.017324,0.018096,0.017266,0.017453,0.017387,0.016716,0.016985,0.016971
0.016701,0.017119,0.017178,0.017623,0.016774,0.019247,0.016772,0.017142,0.018741,0.018164,0.016928,0.017245,0.017571,0.017669,0.016724
0.01774,0.01745,0.016856,0.017912,0.016621,0.016969,0.017803,0.017963,0.016894,0.018068,0.017721,0.017451,0.01673,0.018046,0.016926
0.017139,0.017565,0.017887,0.017488,0.017428,0.017326,0.017789,0.017693,0.017697,0.017484,0.017408,0.017362,0.017462,0.017769,0.017382
0.017442,0.018507,0.017644,0.018952,0.01861,0.018623,0.01868,0.018904,0.018227,0.020956,0.017556,0.018885,0.018705,0.01878,0.017666
0.017896,0.018426,0.021476,0.018566,0.017794,0.017801,0.018077,0.01851,0.018281,0.017877,0.017673,0.018407,0.019943,0.018521,0.017809
0.016911,0.016631,0.017021,0.017882,0.016863,0.017487,0.017881,0.017447,0.017638,0.016738,0.016779,0.017728,0.017138,0.016866,0.01657
0.016621,0.017329,0.017578,0.016591,0.016888,0.017739,0.016598,0.017436,0.017323,0.018165,0.017679,0.017457,0.016785,0.016698,0.01671
0.017545,0.017394,0.016928,0.017629,0.016755,0.01747,0.017575,0.017397,0.01792,0.021683,0.020928,0.01653,0.01684,0.017565,0.017857
0.017684,0.017264,0.017409,0.01781,0.017292,0.017541,0.01761,0.017767,0.018302,0.017625,0.017623,0.018275,0.018804,0.017604,0.01769
0.018038,0.017637,0.018632,0.018747,0.017707,0.017725,0.021207,0.018941,0.019097,0.022138,0.01796,0.017666,0.017593,0.018564,0.018138
0.018516,0.018039,0.018598,0.018544,0.018203,0.018701,0.018014,0.018405,0.01838,0.018145,0.017416,0.018918,0.018125,0.018591,0.017938
0.017413,0.017577,0.016812,0.016746,0.017517,0.016678,0.017638,0.017343,0.01771,0.017906,0.020553,0.017469,0.0171,0.017477,0.01674
0.017828,0.01727,0.016638,0.017326,0.017494,0.018614,0.017022,0.017251,0.017033,0.018251,0.017245,0.017377,0.017255,0.017433,0.017765
0.017374,0.017727,0.016969,0.017753,0.017388,0.016597,0.017005,0.017584,0.01744,0.017836,0.017775,0.017399,0.017697,0.01669,0.018117
0.017698,0.029207,0.017823,0.017492,0.017631,0.017537,0.017839,0.017391,0.017903,0.027068,0.018238,0.01719,0.017368,0.017531,0.017575
0.018816,0.018854,0.020364,0.018765,0.017687,0.017898,0.018075,0.018589,0.018532,0.018501,0.018606,0.017563,0.019895,0.018827,0.017799
0.018543,0.017584,0.017848,0.018754,0.018619,0.018507,0.017959,0.018747,0.01943,0.016894,0.017722,0.018289,0.017874,0.017662,0.017728
0.017867,0.017733,0.017527,0.016901,0.01654,0.01741,0.017752,0.017434,0.01737,0.017449,0.017427,0.018125,0.017583,0.016957,0.018254
0.016295,0.016738,0.01755,0.01745,0.017032,0.016836,0.016712,0.01724,0.017475,0.016285,0.017647,0.016522,0.01656,0.017379,0.016641
0.017458,0.017051,0.016397,0.017406,0.016798,0.016822,0.016799,0.017547,0.017803,0.01754,0.01677,0.017726,0.017431,0.016684,0.016892
0.017401,0.017199,0.017478,0.018307,0.01776,0.017244,0.019976,0.017665,0.017671,0.017166,0.017512,0.017283,0.018288,0.018472,0.017328
0.01883,0.018497,0.020361,0.018622,0.017985,0.017749,0.017745,0.018811,0.018431,0.01807,0.018418,0.018861,0.017804,0.018464,0.018447
0.018134,0.017856,0.017653,0.018544,0.018183,0.017685,0.018452,0.018576,0.019431,0.017371,0.017911,0.01845,0.01961,0.01774,0.01775
0.017852,0.01879,0.016857,0.017416,0.016874,0.017816,0.017589,0.017463,0.019195,0.01678,0.016919,0.017569,0.01672,0.017661,0.017
0.01748,0.017126,0.016934,0.018406,0.027958,0.016945,0.016447,0.017414,0.017708,0.016509,0.016995,0.017906,0.017416,0.016657,0.016362
0.016763,0.017068,0.01977,0.017448,0.017127,0.017597,0.017807,0.017221,0.017447,0.017417,0.017519,0.01815,0.020055,0.0171,0.017423
0.0191,0.017178,0.017763,0.018481,0.01771,0.017432,0.019355,0.017557,0.017856,0.017344,0.017313,0.017807,0.019005,0.01846,0.017446
0.018736,0.017685,0.018915,0.018015,0.018612,0.018364,0.017474,0.018638,0.018491,0.0178,0.017654,0.017731,0.018551,0.017516,0.018511
0.0179,0.018513,0.018094,0.018433,0.018515,0.018604,0.018439,0.01836,0.018471,0.018563,0.020708,0.017848,0.0175,0.018846,0.018017
0.016962,0.017055,0.019406,0.016945,0.016869,0.016831,0.017656,0.017548,0.01735,0.01758,0.017112,0.017193,0.02074,0.016871,0.016826
0.016878,0.016752,0.016952,0.018053,0.01712,0.017845,0.019027,0.016606,0.017476,0.016626,0.016824,0.017359,0.017749,0.017166,0.016885
0.017319,0.017463,0.023122,0.017547,0.016671,0.017404,0.016905,0.018199,0.017473,0.017551,0.016804,0.017226,0.023072,0.017879,0.016268
0.018814,0.017864,0.017599,0.017724,0.01799,0.029209,0.017325,0.017652,0.018511,0.017243,0.017542,0.01748,0.018099,0.017612,0.018026
0.017736,0.018666,0.020828,0.018809,0.018739,0.017636,0.017925,0.018678,0.018318,0.018837,0.017834,0.018277,0.021782,0.017777,0.017742
0.017724,0.01792,0.019038,0.018693,0.018667,0.016563,0.019885,0.019029,0.018542,0.017689,0.018602,0.017614,0.018065,0.017913,0.017842
0.017226,0.016878,0.020078,0.017748,0.016856,0.0166,0.016854,0.017523,0.017946,0.016786,0.016737,0.01775,0.020095,0.016691,0.016937
0.017487,0.016258,0.017552,0.017005,0.016877,0.017387,0.018945,0.017128,0.016677,0.017205,0.016408,0.017122,0.017276,0.016445,0.017003
0.01809,0.017309,0.017437,0.017427,0.017823,0.017323,0.019725,0.017426,0.017242,0.017701,0.017552,0.017556,0.016648,0.016862,0.017318
0.017357,0.017296,0.017244,0.01766,0.017528,0.017487,0.01788,0.017567,0.018225,0.017254,0.017482,0.018473,0.017422,0.017428,0.01775
0.018878,0.017552,0.017729,0.018652,0.01845,0.018459,0.019008,0.017557,0.017839,0.01744,0.020789,0.01858,0.018604,0.017792,0.017655
0.018647,0.018323,0.017631,0.017771,0.018345,0.018421,0.017848,0.018449,0.017574,0.017671,0.017467,0.01838,0.018637,0.01871,0.017786
0.017464,0.016862,0.017842,0.0172,0.016738,0.017713,0.01808,0.017473,0.018308,0.016887,0.017183,0.016868,0.017378,0.017379,0.017296
0.017578,0.016653,0.017587,0.017579,0.017095,0.016201,0.016354,0.017756,0.017096,0.016457,0.016465,0.01752,0.016429,0.017636,0.017102
0.017378,0.017196,0.016404,0.016979,0.016909,0.016433,0.0171,0.017255,0.017679,0.016336,0.016326,0.017326,0.016714,0.017694,0.016807
0.017485,0.017405,0.017332,0.017591,0.017633,0.018145,0.017511,0.017256,0.017549,0.017414,0.017503,0.01746,0.0172,0.017761,0.017996
0.018291,0.017708,0.017512,0.018632,0.018579,0.017725,0.017645,0.018152,0.018395,0.027646,0.0205,0.017776,0.017264,0.01775,0.017968
0.01835,0.018373,0.017603,0.020116,0.01753,0.017569,0.017677,0.018421,0.017837,0.017459,0.017698,0.017975,0.018225,0.018326,0.017573
0.017841,0.016685,0.017437,0.026046,0.017336,0.016822,0.016646,0.017334,0.017056,0.016378,0.016604,0.016713,0.017346,0.017375,0.017032
0.017252,0.016952,0.016394,0.019432,0.017271,0.016545,0.017302,0.017422,0.017884,0.015917,0.016528,0.017422,0.016566,0.017797,0.016786
0.01721,0.017516,0.017048,0.017338,0.017359,0.016529,0.017407,0.017519,0.017294,0.017049,0.020208,0.017244,0.017235,0.016803,0.016638
0.017361,0.018101,0.017371,0.018235,0.017331,0.017949,0.017349,0.017677,0.018431,0.017159,0.017344,0.018087,0.017367,0.017611,0.01701
0.017306,0.01875,0.018028,0.018111,0.0181,0.017265,0.017464,0.018619,0.018663,0.017327,0.01862,0.018325,0.018595,0.018318,0.017396
0.018146,0.01756,0.018612,0.017696,0.018224,0.018242,0.017686,0.018503,0.026875,0.017283,0.017548,0.018192,0.017604,0.01763,0.017663
0.017779,0.016429,0.016507,0.017041,0.017152,0.016673,0.016762,0.017428,0.017196,0.016545,0.02061,0.017293,0.017609,0.017033,0.016509
0.017311,0.01725,0.016715,0.016498,0.017228,0.017478,0.016632,0.016892,0.017517,0.016407,0.016738,0.016976,0.016545,0.017281,0.016383
0.01746,0.017558,0.017655,0.019148,0.016407,0.016911,0.017371,0.018056,0.017008,0.01649,0.021828,0.017221,0.017006,0.016457,0.016566
0.017296,0.017135,0.017643,0.017581,0.017403,0.017297,0.017297,0.017431,0.017896,0.016951,0.01781,0.017383,0.017507,0.018209,0.018364
0.018193,0.01832,0.017531,0.018314,0.018419,0.018325,0.018182,0.018603,0.018021,0.017141,0.017631,0.018746,0.017579,0.017642,0.017887
0.018703,0.01845,0.01832,0.018427,0.018426,0.018361,0.017728,0.018546,0.018083,0.017009,0.019637,0.018195,0.017362,0.018529,0.017626
0.016568,0.016571,0.01696,0.016522,0.017302,0.017294,0.017607,0.017151,0.017435,0.017302,0.016506,0.016384,0.016567,0.017431,0.0172
0.016543,0.016629,0.017285,0.017458,0.016749,0.017519,0.016678,0.017503,0.016914,0.016544,0.028516,0.017102,0.017212,0.017115,0.017158
0.017703,0.017164,0.016686,0.017561,0.016636,0.01638,0.016818,0.017218,0.017426,0.016847,0.01713,0.016681,0.017442,0.016706,0.017516
0.019257,0.017451,0.017133,0.018913,0.017171,0.017208,0.018393,0.01706,0.018204,0.017284,0.017486,0.017437,0.01755,0.017365,0.017398
0.018485,0.017605,0.018387,0.018351,0.018335,0.018369,0.017628,0.018242,0.017283,0.017294,0.017496,0.018417,0.018373,0.017577,0.017478
0.018705,0.017562,0.018529,0.018393,0.018213,0.017669,0.018494,0.018409,0.018296,0.018172,0.018251,0.017298,0.017417,0.018892,0.017735
0.018154,0.017849,0.01673,0.01911,0.017729,0.016703,0.017075,0.017171,0.017343,0.016655,0.01684,0.016719,0.01777,0.027824,0.016761
0.017585,0.016794,0.017222,0.017435,0.017306,0.017307,0.016779,0.018202,0.016367,0.016051,0.017012,0.017362,0.017275,0.017373,0.016482
0.017444,0.017755,0.017451,0.017426,0.017219,0.017419,0.016739,0.016899,0.01725,0.016515,0.016593,0.017376,0.016565,0.016353,0.016626
0.017872,0.017974,0.017589,0.017525,0.018581,0.01704,0.017665,0.017222,0.01748,0.017275,0.017285,0.017552,0.017452,0.019597,0.01762
0.018549,0.01785,0.018773,0.018562,0.017558,0.018465,0.01793,0.0185,0.017928,0.017485,0.018523,0.017583,0.018147,0.018404,0.017907
0.01843,0.017868,0.017537,0.0187,0.018421,0.017605,0.017373,0.018608,0.018136,0.018259,0.01838,0.018133,0.018433,0.018197,0.017621
0.01729,0.016976,0.017403,0.018231,0.016732,0.017753,0.017356,0.017339,0.017439,0.016738,0.017522,0.017655,0.017419,0.016398,0.018491
0.017295,0.017527,0.017574,0.01666,0.01954,0.017452,0.016414,0.017059,0.01751,0.016462,0.016864,0.018149,0.01714,0.016899,0.017331
0.016496,0.017588,0.016743,0.017397,0.017292,0.017292,0.016582,0.017504,0.017088,0.017316,0.016732,0.017379,0.016587,0.017278,0.016659
0.017317,0.017484,0.017453,0.017906,0.018541,0.01736,0.01729,0.017467,0.017188,0.017177,0.017887,0.017477,0.018285,0.021265,0.018278
0.018494,0.017852,0.018551,0.018485,0.018725,0.018344,0.017839,0.018859,0.01821,0.018019,0.017806,0.018336,0.017398,0.017961,0.018985
0.018438,0.017724,0.017812,0.019073,0.018014,0.018668,0.017484,0.01878,0.018535,0.01742,0.017817,0.017746,0.018509,0.029523,0.018185
0.017707,0.016699,0.017741,0.017528,0.016936,0.017408,0.016662,0.017462,0.017372,0.016584,0.017549,0.017614,0.017358,0.017526,0.016682
0.017486,0.017299,0.017759,0.017345,0.017363,0.017246,0.016506,0.01701,0.016393,0.016321,0.016599,0.017602,0.017186,0.01852,0.016887
0.017422,0.017168,0.017727,0.017696,0.016723,0.017772,0.017582,0.017592,0.019578,0.016609,0.017027,0.017857,0.017875,0.017979,0.018114
0.018244,0.017282,0.017927,0.017382,0.017511,0.017305,0.017832,0.017477,0.017375,0.017355,0.017511,0.01725,0.017468,0.01743,0.017648
0.018627,0.017521,0.018175,0.018422,0.018041,0.017748,0.017676,0.018768,0.018438,0.017735,0.018826,0.018944,0.017632,0.017616,0.017727
0.01992,0.018125,0.018677,0.01851,0.017854,0.01864,0.018646,0.018486,0.019848,0.017492,0.018698,0.01851,0.018026,0.018584,0.017861
0.017575,0.017441,0.017985,0.017108,0.017624,0.01662,0.016652,0.01873,0.016959,0.017465,0.017376,0.016663,0.017257,0.01665,0.016753
0.017833,0.017524,0.017247,0.017776,0.017545,0.016382,0.016687,0.017181,0.016534,0.016806,0.01665,0.01719,0.017483,0.016986,0.017313
0.016737,0.016553,0.017576,0.017385,0.017504,0.01718,0.017169,0.017479,0.016946,0.016627,0.016675,0.017284,0.017422,0.016576,0.016935
0.018625,0.017518,0.018429,0.017299,0.017635,0.017591,0.017288,0.018179,0.018177,0.017602,0.017619,0.017417,0.017107,0.017891,0.017336
0.017874,0.01776,0.017868,0.018268,0.01856,0.017754,0.018013,0.018618,0.018432,0.017457,0.018767,0.018332,0.018156,0.018319,0.017502
0.017653,0.017689,0.018847,0.01846,0.017866,0.018137,0.018463,0.018487,0.018567,0.01742,0.018641,0.018559,0.018262,0.018333,0.017683
0.01778,0.016623,0.01682,0.016988,0.026629,0.016396,0.017507,0.017125,0.016579,0.016937,0.016521,0.017488,0.017534,0.016438,0.016817
0.016705,0.01695,0.017074,0.017572,0.016808,0.016338,0.017394,0.017268,0.017225,0.016409,0.017379,0.016736,0.017438,0.017232,0.016781
0.017789,0.016941,0.017139,0.017398,0.017451,0.016584,0.017114,0.017486,0.017241,0.01745,0.016573,0.017264,0.017265,0.017465,0.017536
0.017521,0.017662,0.017308,0.017182,0.017415,0.017115,0.017282,0.017632,0.017481,0.017739,0.01756,0.017852,0.017428,0.018393,0.019513
0.020287,0.01801,0.01845,0.018452,0.018371,0.017673,0.018501,0.018252,0.018087,0.017678,0.018476,0.018578,0.018205,0.018078,0.017954
0.018724,0.017637,0.018914,0.01826,0.017555,0.018305,0.017435,0.018432,0.018472,0.018292,0.017764,0.018452,0.018517,0.018736,0.017985
0.016628,0.016876,0.016698,0.017313,0.016817,0.016839,0.017603,0.017487,0.016843,0.017304,0.01659,0.017348,0.017594,0.01659,0.017647
0.01753,0.016658,0.017571,0.017198,0.017117,0.017261,0.017139,0.017142,0.01722,0.017065,0.017407,0.016774,0.01685,0.016943,0.016773
0.01664,0.017024,0.017642,0.017446,0.017398,0.016559,0.017102,0.017689,0.016857,0.017632,0.017459,0.016584,0.017398,0.016922,0.018011
0.017296,0.017438,0.017268,0.017397,0.017197,0.017381,0.017141,0.017378,0.017184,0.017298,0.017422,0.017385,0.01812,0.018343,0.018308
0.018392,0.018495,0.018009,0.018871,0.020367,0.018112,0.018305,0.018322,0.020993,0.017217,0.0175,0.017646,0.018442,0.018116,0.017375
0.020636,0.017582,0.017879,0.018452,0.017732,0.018252,0.018161,0.01826,0.018629,0.017682,0.019554,0.01853,0.018283,0.018522,0.018227
0.017471,0.017083,0.016908,0.017616,0.017702,0.016508,0.016664,0.017419,0.017636,0.016982,0.017944,0.017842,0.01669,0.017063,0.016657
0.017804,0.016665,0.016963,0.017156,0.016768,0.01714,0.016971,0.017142,0.017648,0.016381,0.018292,0.016407,0.017125,0.017408,0.016698
0.017578,0.017196,0.016615,0.017164,0.018072,0.017101,0.01667,0.017142,0.017781,0.016507,0.017317,0.017041,0.017494,0.01715,0.018143
0.01901,0.019049,0.01749,0.017338,0.017312,0.017565,0.017468,0.017647,0.017498,0.017219,0.017447,0.017367,0.018374,0.017396,0.017569
0.017344,0.017573,0.018221,0.018543,0.018611,0.017807,0.017635,0.018455,0.018509,0.017236,0.018495,0.020451,0.017803,0.017375,0.018386
0.017959,0.018119,0.018381,0.018381,0.026404,0.017436,0.018573,0.018492,0.017465,0.017427,0.019147,0.018549,0.018414,0.018626,0.018604
0.018059,0.020117,0.017499,0.017401,0.016991,0.016546,0.016901,0.017237,0.016615,0.016933,0.01797,0.016727,0.017584,0.016576,0.017747
0.019466,0.016935,0.016732,0.017262,0.016545,0.017205,0.017077,0.017299,0.017553,0.017316,0.01787,0.020386,0.016622,0.017415,0.016785
0.02003,0.017713,0.016711,0.017568,0.019841,0.016771,0.017256,0.017437,0.016459,0.016381,0.018065,0.016803,0.017414,0.01663,0.019492
0.019362,0.017481,0.017617,0.017306,0.017284,0.017274,0.01736,0.017756,0.020473,0.017096,0.017594,0.018282,0.017328,0.018005,0.017156
0.018645,0.017552,0.01875,0.018414,0.017731,0.020844,0.017695,0.018244,0.017656,0.017422,0.019015,0.018482,0.017422,0.017558,0.017682
0.018629,0.018739,0.018144,0.018668,0.017211,0.024973,0.017703,0.018241,0.017587,0.01826,0.018782,0.018513,0.018573,0.018441,0.017753
0.016972,0.01697,0.017344,0.017469,0.021363,0.017647,0.016774,0.01772,0.016892,0.01665,0.017928,0.017521,0.017118,0.017535,0.019779
0.018187,0.01679,0.016861,0.017381,0.017615,0.016766,0.016262,0.017195,0.017441,0.016791,0.018604,0.017531,0.016745,0.017371,0.01686
0.017463,0.01777,0.01674,0.017497,0.023481,0.021136,0.016433,0.017213,0.016842,0.017326,0.01721,0.017591,0.017003,0.017217,0.017567
0.017258,0.017749,0.017623,0.017052,0.017539,0.017577,0.017311,0.017297,0.018126,0.016972,0.018212,0.017465,0.017402,0.018082,0.017441
0.018491,0.018815,0.01791,0.018642,0.020266,0.017558,0.017738,0.018476,0.02144,0.018463,0.019357,0.018063,0.018672,0.018552,0.019862
0.018634,0.018873,0.018121,0.018195,0.017689,0.019364,0.017751,0.01835,0.017517,0.01818,0.018745,0.017526,0.018637,0.017459,0.017952
0.017282,0.01766,0.017631,0.017591,0.020115,0.01744,0.017239,0.017612,0.016957,0.016658,0.01811,0.017709,0.017929,0.017144,0.023122
0.017901,0.017599,0.017152,0.017283,0.016774,0.017615,0.017068,0.017137,0.016506,0.017513,0.017543,0.016545,0.017603,0.017565,0.016672
0.017223,0.016976,0.017143,0.017523,0.017659,0.018067,0.017711,0.016975,0.018715,0.016941,0.017924,0.017622,0.017795,0.016645,0.018312
0.018089,0.018105,0.017421,0.017249,0.017157,0.01755,0.01745,0.017266,0.017846,0.017355,0.018867,0.017747,0.018611,0.017503,0.028077
0.018743,0.017819,0.018429,0.01853,0.018548,0.017689,0.017685,0.018534,0.018626,0.018711,0.018917,0.018811,0.020445,0.017825,0.019467
0.018579,0.020722,0.017889,0.018332,0.017637,0.018751,0.017495,0.018513,0.018496,0.017471,0.019321,0.018638,0.01776,0.017542,0.017241
0.017678,0.017289,0.016901,0.017636,0.016997,0.016885,0.016673,0.017674,0.018936,0.017649,0.018405,0.020279,0.017841,0.017401,0.01666
0.016549,0.017805,0.017217,0.017313,0.017531,0.017582,0.017508,0.016982,0.018795,0.019561,0.017468,0.016937,0.016701,0.01653,0.016866
0.01746,0.017045,0.017679,0.017342,0.016924,0.017961,0.016722,0.017019,0.020644,0.016562,0.017704,0.017838,0.017445,0.01735,0.016656
0.017188,0.018593,0.017351,0.01749,0.017265,0.017611,0.017528,0.017515,0.017548,0.017336,0.018149,0.018661,0.018312,0.017819,0.017682
0.018836,0.018268,0.018831,0.018092,0.018785,0.018842,0.018088,0.0185,0.020282,0.020926,0.018571,0.017747,0.018098,0.018028,0.017838
0.018467,0.018958,0.017904,0.01856,0.01771,0.018391,0.018349,0.018728,0.018818,0.018535,0.018673,0.018729,0.018148,0.018731,0.017949
0.018537,0.017287,0.017624,0.017291,0.017573,0.020029,0.01759,0.017805,0.018613,0.016865,0.017129,0.018144,0.017874,0.01802,0.016947
0.017372,0.016362,0.016623,0.017501,0.017484,0.017892,0.016502,0.016916,0.017226,0.016463,0.017406,0.017715,0.017071,0.017518,0.017236
0.017634,0.017657,0.016863,0.017352,0.01738,0.01791,0.016738,0.017301,0.017361,0.017317,0.018054,0.017408,0.016974,0.016877,0.016666
0.017828,0.017937,0.017551,0.017502,0.018388,0.018477,0.017255,0.017427,0.01723,0.017119,0.018315,0.01755,0.017445,0.018368,0.017205
0.017648,0.018515,0.018702,0.018402,0.017826,0.017811,0.017617,0.018462,0.018622,0.018527,0.019137,0.017488,0.018894,0.018471,0.017827
0.017471,0.018401,0.018111,0.018498,0.018577,0.018856,0.018751,0.01854,0.018192,0.018649,0.018906,0.02113,0.019072,0.018554,0.017784
0.017855,0.017765,0.017267,0.017558,0.017831,0.01696,0.01747,0.017315,0.017461,0.016625,0.01824,0.017508,0.016803,0.016684,0.016962
0.016875,0.016489,0.017433,0.0171,0.016411,0.017589,0.017059,0.01656,0.01716,0.01727,0.018603,0.017373,0.017688,0.016576,0.016587
0.017762,0.017635,0.016695,0.01736,0.017425,0.017894,0.017189,0.017523,0.017434,0.017345,0.017814,0.017549,0.017787,0.016448,0.017302
0.017457,0.017589,0.017634,0.017347,0.01778,0.01757,0.017452,0.017578,0.018158,0.017641,0.018732,0.017914,0.018569,0.017266,0.017281
0.018382,0.020874,0.018831,0.018609,0.017948,0.01855,0.018483,0.018572,0.018418,0.017705,0.01802,0.018337,0.018639,0.018524,0.018469
0.017677,0.017755,0.018355,0.018316,0.018615,0.025298,0.018289,0.018576,0.018265,0.018239,0.019465,0.021337,0.018536,0.018572,0.017465
0.017314,0.016967,0.017674,0.017598,0.01692,0.020127,0.017342,0.016614,0.017524,0.016466,0.017909,0.016885,0.018814,0.017518,0.017422
0.016531,0.017547,0.016549,0.017161,0.016302,0.017519,0.01712,0.016993,0.017487,0.017496,0.01786,0.017606,0.017117,0.016558,0.016858
0.018408,0.017821,0.017387,0.017324,0.017676,0.017053,0.017355,0.017117,0.017126,0.016761,0.017606,0.016501,0.0177,0.016681,0.017422
0.017516,0.026511,0.018677,0.017259,0.016969,0.017256,0.017513,0.017082,0.017441,0.017602,0.018907,0.021071,0.021437,0.018497,0.017341
0.01837,0.018464,0.01847,0.018579,0.018298,0.018247,0.018684,0.01852,0.018244,0.021254,0.018538,0.018943,0.017931,0.017801,0.017827
0.017957,0.01812,0.01832,0.018693,0.018074,0.01965,0.018701,0.018044,0.018654,0.017626,0.018515,0.01825,0.017579,0.01759,0.017506
0.016572,0.018592,0.016878,0.017159,0.017201,0.016767,0.016753,0.017258,0.017643,0.017363,0.018231,0.017944,0.02049,0.017843,0.016948
0.017441,0.016926,0.019359,0.017274,0.017151,0.017412,0.017427,0.016907,0.017249,0.017617,0.017093,0.019984,0.017069,0.017176,0.016726
0.017472,0.021802,0.017663,0.016726,0.017036,0.017451,0.017572,0.017406,0.017376,0.017415,0.017416,0.017294,0.016618,0.016995,0.017147
0.017319,0.01811,0.017509,0.017325,0.01707,0.01918,0.018406,0.017475,0.017432,0.018394,0.017562,0.022764,0.018017,0.017322,0.017373
0.018748,0.02008,0.017478,0.018508,0.018116,0.018599,0.020632,0.01836,0.018582,0.018529,0.017832,0.01795,0.017785,0.018793,0.018102
0.017703,0.018323,0.017756,0.017681,0.018298,0.018519,0.01803,0.018238,0.018539,0.018116,0.018742,0.019941,0.018391,0.018536,0.018614
0.016761,0.019624,0.016628,0.018085,0.017331,0.01761,0.016792,0.017485,0.017633,0.017406,0.01822,0.017527,0.016784,0.017318,0.01661
0.016703,0.016572,0.016739,0.017635,0.017293,0.01914,0.018055,0.017265,0.017144,0.017088,0.017561,0.018463,0.01636,0.017222,0.017167
0.016815,0.016512,0.016726,0.017792,0.017338,0.016689,0.025756,0.01728,0.01779,0.019984,0.017804,0.017334,0.017585,0.017552,0.017367
0.017532,0.017169,0.017171,0.017636,0.017337,0.020789,0.017639,0.01751,0.017366,0.017307,0.018011,0.017307,0.017329,0.01861,0.017325
0.018581,0.017772,0.01775,0.018443,0.018211,0.01847,0.0178,0.018648,0.018566,0.018292,0.018861,0.018457,0.018256,0.018079,0.018457
0.018409,0.018409,0.017959,0.018377,0.018167,0.020461,0.017714,0.018317,0.018399,0.018185,0.018287,0.01852,0.01814,0.017826,0.01851
0.01783,0.0176,0.017902,0.01744,0.016583,0.025411,0.017054,0.017224,0.017028,0.01754,0.017654,0.016741,0.016792,0.016956,0.017272
0.017763,0.017124,0.01651,0.017344,0.017103,0.01978,0.016744,0.017245,0.017107,0.017461,0.018498,0.016596,0.017785,0.016552,0.01689
0.016616,0.016525,0.017738,0.016813,0.017079,0.016916,0.016995,0.017585,0.017564,0.017894,0.017282,0.017676,0.016759,0.016589,0.017335
0.017427,0.017604,0.017262,0.017447,0.017208,0.016974,0.018134,0.017423,0.017167,0.020668,0.017955,0.017371,0.01737,0.018051,0.01745
0.018272,0.017545,0.018824,0.018409,0.018158,0.018312,0.018101,0.018513,0.018381,0.017726,0.01835,0.018467,0.018277,0.018854,0.018508
0.018348,0.01836,0.01857,0.018469,0.01787,0.01758,0.017727,0.018848,0.018465,0.017587,0.018205,0.017529,0.019154,0.017882,0.017654
0.017805,0.01669,0.019871,0.01772,0.01755,0.017596,0.017726,0.017828,0.017238,0.016604,0.01755,0.017602,0.027688,0.016745,0.017619
0.01731,0.016289,0.017284,0.017433,0.017343,0.017103,0.016737,0.017359,0.017741,0.019985,0.0195,0.016637,0.017412,0.017425,0.01721
0.016884,0.024846,0.016742,0.01777,0.016679,0.01733,0.016919,0.01685,0.017384,0.016872,0.017601,0.017584,0.017068,0.017607,0.017409
0.017276,0.017594,0.017792,0.017568,0.017021,0.017562,0.01757,0.017479,0.017427,0.017597,0.017866,0.017986,0.017625,0.018613,0.017436
0.01859,0.017518,0.018126,0.018643,0.018484,0.018413,0.017933,0.018457,0.018535,0.017884,0.018739,0.0187,0.018573,0.017684,0.018751
0.017625,0.01769,0.017543,0.018593,0.018191,0.017674,0.017716,0.018241,0.018334,0.02074,0.019397,0.018297,0.018175,0.018593,0.018587
0.017447,0.017225,0.016827,0.016934,0.017623,0.017612,0.019158,0.017356,0.017538,0.021154,0.017858,0.017113,0.017593,0.017743,0.017371
0.016583,0.016678,0.017344,0.017913,0.017299,0.017187,0.017624,0.017219,0.017636,0.018874,0.018328,0.016876,0.017258,0.017226,0.017089
0.018262,0.017181,0.016611,0.017696,0.01734,0.017019,0.017168,0.017711,0.017664,0.017369,0.017326,0.01734,0.017852,0.017809,0.017441
0.017611,0.017542,0.01759,0.017476,0.018111,0.017795,0.017414,0.017544,0.01783,0.019477,0.028466,0.017755,0.017548,0.018538,0.017349
0.018441,0.018601,0.017612,0.018384,0.018278,0.018105,0.018136,0.018225,0.018659,0.018482,0.018258,0.017493,0.020632,0.017754,0.017727
0.018113,0.018029,0.020325,0.018835,0.017686,0.018864,0.017832,0.018381,0.018547,0.018319,0.017836,0.01798,0.018276,0.018611,0.018673
0.016833,0.017081,0.016826,0.018215,0.017557,0.017888,0.017882,0.017369,0.017496,0.01684,0.017573,0.017194,0.017784,0.01752,0.017409
0.017519,0.017204,0.017279,0.017027,0.016645,0.017621,0.016308,0.017476,0.017385,0.016301,0.016769,0.017888,0.017588,0.017599,0.01701
0.01738,0.017527,0.017801,0.018072,0.017672,0.016902,0.01714,0.017639,0.017947,0.017487,0.016893,0.01685,0.017214,0.016651,0.017461
0.017532,0.017471,0.017674,0.017532,0.017429,0.017518,0.017243,0.017375,0.017419,0.017494,0.017253,0.018326,0.018334,0.018347,0.017227
0.018718,0.01915,0.017834,0.018771,0.018334,0.018783,0.017562,0.018432,0.018686,0.0175,0.017871,0.018643,0.021617,0.018761,0.017667
0.01873,0.018857,0.020862,0.018767,0.018578,0.018564,0.020407,0.018758,0.018821,0.017926,0.017646,0.018318,0.01883,0.017982,0.018536
0.01757,0.017456,0.018179,0.017588,0.016991,0.017288,0.016896,0.017645,0.017624,0.016739,0.026805,0.016916,0.018091,0.016798,0.01748
0.017826,0.017936,0.016634,0.017525,0.017329,0.017962,0.017111,0.017415,0.017474,0.016507,0.01691,0.017584,0.017572,0.016772,0.016783
0.016701,0.01689,0.016823,0.017668,0.017259,0.017523,0.01726,0.017331,0.017378,0.017379,0.016366,0.017735,0.020959,0.017402,0.017394
0.017886,0.018394,0.019983,0.01804,0.018138,0.017567,0.017275,0.017631,0.017364,0.017412,0.020998,0.017667,0.017955,0.018591,0.018184
0.018445,0.018632,0.01867,0.018415,0.017833,0.01781,0.01748,0.018474,0.018355,0.017501,0.017839,0.017831,0.017925,0.02156,0.018675
0.018265,0.018584,0.018476,0.018396,0.018116,0.018395,0.01773,0.01851,0.018605,0.018462,0.018028,0.017916,0.018792,0.017905,0.017574
0.017209,0.017548,0.017741,0.018184,0.017679,0.017616,0.018606,0.017634,0.017533,0.018007,0.01691,0.017549,0.019722,0.017708,0.017636
0.016661,0.017479,0.02058,0.017657,0.016786,0.017333,0.016675,0.017025,0.017354,0.01752,0.016805,0.016845,0.016765,0.021175,0.016607
0.01681,0.016826,0.017376,0.01764,0.016666,0.016888,0.016781,0.017318,0.016895,0.017816,0.016929,0.016981,0.021449,0.016777,0.016929
0.017905,0.017524,0.02043,0.01754,0.017337,0.017603,0.017389,0.017654,0.01747,0.018247,0.017785,0.017638,0.017479,0.018495,0.017479
0.017775,0.017732,0.019417,0.018729,0.018185,0.017732,0.01936,0.018541,0.018488,0.017897,0.018336,0.017682,0.020396,0.018657,0.017594
NaN,NaN,NaN,NaN,NaN,NaN,NaN,NaN,NaN,NaN,0.018481,NaN,NaN,NaN,NaN
NaN,NaN,NaN,NaN,NaN,NaN,NaN,NaN,NaN,NaN,0.017059,NaN,NaN,NaN,NaN
NaN,NaN,NaN,NaN,NaN,NaN,NaN,NaN,NaN,NaN,0.01657,NaN,NaN,NaN,NaN
NaN,NaN,NaN,NaN,NaN,NaN,NaN,NaN,NaN,NaN,0.018731,NaN,NaN,NaN,NaN
0.000117,0.000162,0.000216,0.000178,0.000166,0.000151,0.000136,0.00018,0.000171,0.000142,0.017303,0.000189,0.000168,0.000168,0.000142
0.52584,0.50734,0.49274,0.49174,0.5097,0.50057,0.48893,0.50144,0.50561,0.48912,0.017666,0.52447,0.4927,0.49363,0.51548
0.016026,0.015907,0.016145,0.016038,0.01587,0.015908,0.015908,0.016424,0.018342,0.024109,0.018914,0.016217,0.016056,0.016186,0.01681
0.016218,0.016335,0.016333,0.016206,0.016291,0.017297,0.017062,0.016489,0.018637,0.016333,0.017559,0.016613,0.016419,0.016177,0.01759
0.015723,0.014959,0.01577,0.014747,0.015243,0.014995,0.014959,0.015829,0.015591,0.015867,0.017042,0.015149,0.015558,0.014985,0.016194
0.016046,0.014881,0.015833,0.015759,0.0153,0.017014,0.015652,0.016088,0.019983,0.016973,0.021519,0.01514,0.016017,0.016262,0.015712
0.016635,0.015796,0.015953,0.01581,0.016661,0.018358,0.014882,0.015209,0.015922,0.015996,0.017616,0.016117,0.01614,0.015088,0.015409
NaN,NaN,NaN,NaN,NaN,NaN,NaN,NaN,NaN,NaN,0.018757,NaN,NaN,NaN,NaN
NaN,NaN,NaN,NaN,NaN,NaN,NaN,NaN,NaN,NaN,0.018625,NaN,NaN,NaN,NaN
NaN,NaN,NaN,NaN,NaN,NaN,NaN,NaN,NaN,NaN,0.019034,NaN,NaN,NaN,NaN
NaN,NaN,NaN,NaN,NaN,NaN,NaN,NaN,NaN,NaN,0.017402,NaN,NaN,NaN,NaN
0.000149,0.000176,6.7e-05,7.2e-05,0.00018,0.000169,0.000145,5.4e-05,0.000174,0.000104,0.017445,0.000171,0.000161,0.000168,0.000103
0.50035,0.49064,0.49463,0.51098,0.49388,0.49276,0.50774,0.4981,0.49335,0.49404,0.017475,0.49054,0.48935,0.49963,0.50276
0.015987,0.016049,0.016111,0.01585,0.016032,0.016054,0.016082,0.015894,0.015895,0.016358,0.020735,0.016002,0.016025,0.015842,0.016071
0.016553,0.016187,0.016089,0.018698,0.016142,0.016499,0.016327,0.016073,0.016244,0.016666,0.018504,0.015865,0.016097,0.015917,0.016202
0.016965,0.015641,0.014699,0.015739,0.015808,0.015844,0.014811,0.0146,0.01571,0.016573,0.029524,0.015756,0.014727,0.018293,0.0149
NaN,NaN,NaN,NaN,NaN,NaN,NaN,NaN,NaN,NaN,0.017438,NaN,NaN,NaN,NaN
NaN,NaN,NaN,NaN,NaN,NaN,NaN,NaN,NaN,NaN,0.018689,NaN,NaN,NaN,NaN
NaN,NaN,NaN,NaN,NaN,NaN,NaN,NaN,NaN,NaN,0.017465,NaN,NaN,NaN,NaN
NaN,NaN,NaN,NaN,NaN,NaN,NaN,NaN,NaN,NaN,0.01809,NaN,NaN,NaN,NaN
3.1e-05,0.000144,0.000162,0.000156,0.000249,0.000178,0.000103,0.000149,0.000141,0.00015,0.018482,0.000166,4.9e-05,0.000285,0.000145
0.49973,0.50707,0.49898,0.51051,0.49224,0.51076,0.50296,0.49838,0.49383,0.49445,0.016629,0.52092,0.49491,0.49364,0.49341
0.016117,0.015731,0.015811,0.01596,0.01599,0.015654,0.016164,0.016131,0.016068,0.016045,0.016456,0.015796,0.016212,0.016037,0.015716
0.016074,0.016082,0.016065,0.016019,0.016133,0.0165,0.016242,0.0161,0.016359,0.016206,0.017251,0.016288,0.016169,0.016867,0.016321
0.015447,0.015571,0.015164,0.015487,0.015731,0.016109,0.014887,0.014828,0.014773,0.014798,0.017062,0.014613,0.015559,0.014822,0.015273
0.01591,0.015564,0.014961,0.015717,0.014904,0.015088,0.015846,0.016314,0.01475,0.0148,0.017733,0.015515,0.015387,0.014784,0.015941
0.01583,0.015785,0.015818,0.015023,0.016016,0.018831,0.01538,0.015645,0.015742,0.015867,0.017322,0.015487,0.016265,0.015599,0.015455
0.027213,0.025788,0.026961,0.027,0.025987,0.026377,0.026462,0.029222,0.026773,0.026346,0.016563,0.025979,0.026264,0.026471,0.02598
0.03002,0.02952,0.030172,0.030026,0.029076,0.029502,0.029281,0.031393,0.030183,0.031778,0.016992,0.029714,0.029199,0.029945,0.029707
0.026865,0.026059,0.026487,0.030262,0.026481,0.027083,0.026939,0.029265,0.029654,0.030048,0.016202,0.026634,0.028565,0.030888,0.026479
0.030929,0.030154,0.029501,0.032156,0.030854,0.030279,0.031379,0.032669,0.031915,0.032,0.017333,0.030849,0.031728,0.031303,0.031603
0.018128,0.024071,0.024183,0.018276,0.021847,0.024079,0.021853,0.019072,0.021672,0.021569,0.017516,0.021329,0.025043,0.021354,0.021419
