1.2134,1.2456,1.234,0,0,0,0,0,0,0,0,0,0,0,0
0.18472,0.14922,0.14728,0,0,0,0,0,0,0,0,0,0,0,0
0.11955,0.082838,0.081836,0,0,0,0,0,0,0,0,0,0,0,0
0.086875,0.065425,0.06749,0,0,0,0,0,0,0,0,0,0,0,0
0.095479,0.095097,0.093429,0,0,0,0,0,0,0,0,0,0,0,0
0.10204,0.091583,0.082894,0,0,0,0,0,0,0,0,0,0,0,0
0.0721,0.051345,0.053728,0,0,0,0,0,0,0,0,0,0,0,0
0.065832,0.057309,0.051857,0,0,0,0,0,0,0,0,0,0,0,0
0.052852,0.048555,0.065368,0,0,0,0,0,0,0,0,0,0,0,0
0.027723,0.025163,0.036129,0,0,0,0,0,0,0,0,0,0,0,0
0.029413,0.024811,0.035694,0,0,0,0,0,0,0,0,0,0,0,0
0.027048,0.02464,0.025298,0,0,0,0,0,0,0,0,0,0,0,0
0.03217,0.042742,0.024773,0,0,0,0,0,0,0,0,0,0,0,0
0.045345,0.034504,0.025353,0,0,0,0,0,0,0,0,0,0,0,0
0.061198,0.049172,0.059003,0,0,0,0,0,0,0,0,0,0,0,0
0.026101,0.027371,0.02717,0,0,0,0,0,0,0,0,0,0,0,0
0.041333,0.02576,0.024839,0,0,0,0,0,0,0,0,0,0,0,0
0.028421,0.024379,0.024946,0,0,0,0,0,0,0,0,0,0,0,0
0.049328,0.033452,0.023985,0,0,0,0,0,0,0,0,0,0,0,0
0.025538,0.035415,0.024094,0,0,0,0,0,0,0,0,0,0,0,0
0.065844,0.055406,0.050082,0,0,0,0,0,0,0,0,0,0,0,0
0.043445,0.024564,0.026298,0,0,0,0,0,0,0,0,0,0,0,0
0.033007,0.024312,0.025254,0,0,0,0,0,0,0,0,0,0,0,0
0.025467,0.024988,0.024483,0,0,0,0,0,0,0,0,0,0,0,0
0.042257,0.024202,0.025086,0,0,0,0,0,0,0,0,0,0,0,0
0.032614,0.027025,0.025278,0,0,0,0,0,0,0,0,0,0,0,0
0.069001,0.053354,0.0479,0,0,0,0,0,0,0,0,0,0,0,0
0.031941,0.026269,0.025455,0,0,0,0,0,0,0,0,0,0,0,0
0.035488,0.02738,0.026318,0,0,0,0,0,0,0,0,0,0,0,0
0.037633,0.026817,0.034141,0,0,0,0,0,0,0,0,0,0,0,0
0.040929,0.035929,0.0355,0,0,0,0,0,0,0,0,0,0,0,0
0.03684,0.035795,0.028536,0,0,0,0,0,0,0,0,0,0,0,0
0.060646,0.057265,0.056888,0,0,0,0,0,0,0,0,0,0,0,0
0.027522,0.026989,0.029146,0,0,0,0,0,0,0,0,0,0,0,0
0.034924,0.033389,0.030889,0,0,0,0,0,0,0,0,0,0,0,0
0.04606,0.032214,0.03756,0,0,0,0,0,0,0,0,0,0,0,0
0.036219,0.031637,0.027237,0,0,0,0,0,0,0,0,0,0,0,0
0.031768,0.027909,0.027102,0,0,0,0,0,0,0,0,0,0,0,0
0.051457,0.058167,0.05686,0,0,0,0,0,0,0,0,0,0,0,0
0.027278,0.026944,0.027348,0,0,0,0,0,0,0,0,0,0,0,0
0.024088,0.026705,0.026401,0,0,0,0,0,0,0,0,0,0,0,0
0.024201,0.027203,0.027458,0,0,0,0,0,0,0,0,0,0,0,0
0.033362,0.02781,0.028246,0,0,0,0,0,0,0,0,0,0,0,0
0.044572,0.027746,0.028802,0,0,0,0,0,0,0,0,0,0,0,0
0.05712,0.058552,0.0584,0,0,0,0,0,0,0,0,0,0,0,0
0.03358,0.026596,0.027348,0,0,0,0,0,0,0,0,0,0,0,0
0.050868,0.024744,0.027966,0,0,0,0,0,0,0,0,0,0,0,0
0.036573,0.024594,0.02593,0,0,0,0,0,0,0,0,0,0,0,0
0.026793,0.02535,0.026715,0,0,0,0,0,0,0,0,0,0,0,0
0.027492,0.027773,0.028685,0,0,0,0,0,0,0,0,0,0,0,0
0.064821,0.047772,0.056484,0,0,0,0,0,0,0,0,0,0,0,0
0.027994,0.024651,0.027493,0,0,0,0,0,0,0,0,0,0,0,0
0.043504,0.037951,0.02731,0,0,0,0,0,0,0,0,0,0,0,0
0.028927,0.036298,0.027634,0,0,0,0,0,0,0,0,0,0,0,0
0.036404,0.025692,0.029091,0,0,0,0,0,0,0,0,0,0,0,0
0.044427,0.025038,0.027546,0,0,0,0,0,0,0,0,0,0,0,0
0.066176,0.059178,0.058392,0,0,0,0,0,0,0,0,0,0,0,0
0.036065,0.037168,0.028036,0,0,0,0,0,0,0,0,0,0,0,0
0.04655,0.035955,0.024459,0,0,0,0,0,0,0,0,0,0,0,0
0.027495,0.0266,0.024792,0,0,0,0,0,0,0,0,0,0,0,0
0.028185,0.033301,0.025309,0,0,0,0,0,0,0,0,0,0,0,0
0.044821,0.047949,0.02487,0,0,0,0,0,0,0,0,0,0,0,0
0.04971,0.047212,0.049749,0,0,0,0,0,0,0,0,0,0,0,0
0.034115,0.023437,0.024715,0,0,0,0,0,0,0,0,0,0,0,0
0.044948,0.024697,0.023942,0,0,0,0,0,0,0,0,0,0,0,0
0.028381,0.024837,0.025562,0,0,0,0,0,0,0,0,0,0,0,0
0.026958,0.025173,0.024972,0,0,0,0,0,0,0,0,0,0,0,0
0.035107,0.025245,0.024025,0,0,0,0,0,0,0,0,0,0,0,0
0.050495,0.048489,0.049955,0,0,0,0,0,0,0,0,0,0,0,0
0.033371,0.025309,0.024616,0,0,0,0,0,0,0,0,0,0,0,0
0.048765,0.025048,0.023739,0,0,0,0,0,0,0,0,0,0,0,0
0.025253,0.035056,0.024074,0,0,0,0,0,0,0,0,0,0,0,0
0.026188,0.027648,0.042097,0,0,0,0,0,0,0,0,0,0,0,0
0.027613,0.032983,0.025576,0,0,0,0,0,0,0,0,0,0,0,0
0.056772,0.0743,0.049247,0,0,0,0,0,0,0,0,0,0,0,0
0.045545,0.026414,0.037827,0,0,0,0,0,0,0,0,0,0,0,0
0.028066,0.033707,0.024399,0,0,0,0,0,0,0,0,0,0,0,0
0.027733,0.029019,0.025455,0,0,0,0,0,0,0,0,0,0,0,0
0.029083,0.027247,0.024596,0,0,0,0,0,0,0,0,0,0,0,0
0.026717,0.026108,0.02363,0,0,0,0,0,0,0,0,0,0,0,0
0.054852,0.055167,0.048033,0,0,0,0,0,0,0,0,0,0,0,0
0.025313,0.031753,0.023901,0,0,0,0,0,0,0,0,0,0,0,0
0.039706,0.03648,0.030627,0,0,0,0,0,0,0,0,0,0,0,0
0.061313,0.035228,0.025943,0,0,0,0,0,0,0,0,0,0,0,0
0.026056,0.025371,0.025091,0,0,0,0,0,0,0,0,0,0,0,0
0.024964,0.024732,0.024749,0,0,0,0,0,0,0,0,0,0,0,0
0.049425,0.057252,0.049827,0,0,0,0,0,0,0,0,0,0,0,0
0.060774,0.025201,0.025153,0,0,0,0,0,0,0,0,0,0,0,0
0.045772,0.027079,0.024232,0,0,0,0,0,0,0,0,0,0,0,0
0.024919,0.024674,0.035192,0,0,0,0,0,0,0,0,0,0,0,0
0.029615,0.035238,0.024418,0,0,0,0,0,0,0,0,0,0,0,0
0.027726,0.034717,0.024396,0,0,0,0,0,0,0,0,0,0,0,0
0.063604,0.055589,0.050957,0,0,0,0,0,0,0,0,0,0,0,0
0.039153,0.026102,0.023978,0,0,0,0,0,0,0,0,0,0,0,0
0.026031,0.026948,0.024095,0,0,0,0,0,0,0,0,0,0,0,0
0.055613,0.027023,0.026047,0,0,0,0,0,0,0,0,0,0,0,0
0.035325,0.035015,0.026791,0,0,0,0,0,0,0,0,0,0,0,0
0.025766,0.025194,0.026403,0,0,0,0,0,0,0,0,0,0,0,0
0.04999,0.048247,0.048876,0,0,0,0,0,0,0,0,0,0,0,0
0.04456,0.024445,0.024356,0,0,0,0,0,0,0,0,0,0,0,0
0.033023,0.025694,0.023422,0,0,0,0,0,0,0,0,0,0,0,0
0.036678,0.025062,0.024757,0,0,0,0,0,0,0,0,0,0,0,0
0.041192,0.024907,0.026074,0,0,0,0,0,0,0,0,0,0,0,0
0.025509,0.025503,0.036502,0,0,0,0,0,0,0,0,0,0,0,0
0.051651,0.04807,0.061885,0,0,0,0,0,0,0,0,0,0,0,0
0.031561,0.025075,0.025304,0,0,0,0,0,0,0,0,0,0,0,0
0.037495,0.025284,0.03317,0,0,0,0,0,0,0,0,0,0,0,0
0.031919,0.026753,0.023381,0,0,0,0,0,0,0,0,0,0,0,0
0.041487,0.024726,0.023581,0,0,0,0,0,0,0,0,0,0,0,0
0.038872,0.034872,0.041178,0,0,0,0,0,0,0,0,0,0,0,0
0.070784,0.049477,0.049148,0,0,0,0,0,0,0,0,0,0,0,0
0.026024,0.024517,0.026614,0,0,0,0,0,0,0,0,0,0,0,0
0.028103,0.024447,0.02468,0,0,0,0,0,0,0,0,0,0,0,0
0.034864,0.024527,0.024945,0,0,0,0,0,0,0,0,0,0,0,0
0.028005,0.025616,0.02468,0,0,0,0,0,0,0,0,0,0,0,0
0.026501,0.03205,0.024358,0,0,0,0,0,0,0,0,0,0,0,0
0.059464,0.063658,0.047347,0,0,0,0,0,0,0,0,0,0,0,0
0.030316,0.026193,0.025987,0,0,0,0,0,0,0,0,0,0,0,0
0.036295,0.025188,0.024712,0,0,0,0,0,0,0,0,0,0,0,0
0.032306,0.024955,0.024578,0,0,0,0,0,0,0,0,0,0,0,0
0.034083,0.025507,0.02452,0,0,0,0,0,0,0,0,0,0,0,0
0.028227,0.025328,0.024922,0,0,0,0,0,0,0,0,0,0,0,0
0.067473,0.055689,0.047129,0,0,0,0,0,0,0,0,0,0,0,0
0.026812,0.026075,0.028159,0,0,0,0,0,0,0,0,0,0,0,0
0.02577,0.025178,0.025961,0,0,0,0,0,0,0,0,0,0,0,0
0.033261,0.025389,0.026398,0,0,0,0,0,0,0,0,0,0,0,0
0.025767,0.028968,0.027537,0,0,0,0,0,0,0,0,0,0,0,0
0.040455,0.035616,0.024859,0,0,0,0,0,0,0,0,0,0,0,0
0.053392,0.056142,0.048769,0,0,0,0,0,0,0,0,0,0,0,0
0.037234,0.02732,0.025883,0,0,0,0,0,0,0,0,0,0,0,0
0.027523,0.026137,0.023597,0,0,0,0,0,0,0,0,0,0,0,0
0.026664,0.037143,0.024926,0,0,0,0,0,0,0,0,0,0,0,0
0.028138,0.034306,0.033114,0,0,0,0,0,0,0,0,0,0,0,0
0.025223,0.027796,0.023728,0,0,0,0,0,0,0,0,0,0,0,0
0.061461,0.056993,0.055214,0,0,0,0,0,0,0,0,0,0,0,0
0.030643,0.028718,0.024971,0,0,0,0,0,0,0,0,0,0,0,0
0.025371,0.028306,0.027484,0,0,0,0,0,0,0,0,0,0,0,0
0.036041,0.027956,0.037792,0,0,0,0,0,0,0,0,0,0,0,0
0.028219,0.027316,0.024779,0,0,0,0,0,0,0,0,0,0,0,0
0.048439,0.036728,0.025719,0,0,0,0,0,0,0,0,0,0,0,0
0.063979,0.056299,0.047841,0,0,0,0,0,0,0,0,0,0,0,0
0.041007,0.025225,0.025644,0,0,0,0,0,0,0,0,0,0,0,0
0.027132,0.026023,0.045361,0,0,0,0,0,0,0,0,0,0,0,0
0.028095,0.026422,0.026214,0,0,0,0,0,0,0,0,0,0,0,0
0.037946,0.027083,0.025747,0,0,0,0,0,0,0,0,0,0,0,0
0.027052,0.026594,0.026294,0,0,0,0,0,0,0,0,0,0,0,0
0.053619,0.053552,0.058623,0,0,0,0,0,0,0,0,0,0,0,0
0.027949,0.0264,0.027047,0,0,0,0,0,0,0,0,0,0,0,0
0.025531,0.025421,0.02755,0,0,0,0,0,0,0,0,0,0,0,0
0.043238,0.033569,0.025936,0,0,0,0,0,0,0,0,0,0,0,0
0.025105,0.024063,0.025796,0,0,0,0,0,0,0,0,0,0,0,0
0.033696,0.034224,0.034219,0,0,0,0,0,0,0,0,0,0,0,0
0.072608,0.052371,0.051181,0,0,0,0,0,0,0,0,0,0,0,0
0.028252,0.026391,0.025288,0,0,0,0,0,0,0,0,0,0,0,0
0.045828,0.025249,0.024232,0,0,0,0,0,0,0,0,0,0,0,0
0.0495,0.025181,0.026039,0,0,0,0,0,0,0,0,0,0,0,0
0.026054,0.025384,0.030877,0,0,0,0,0,0,0,0,0,0,0,0
0.040004,0.025181,0.024058,0,0,0,0,0,0,0,0,0,0,0,0
0.068827,0.048488,0.055765,0,0,0,0,0,0,0,0,0,0,0,0
0.025858,0.025581,0.025405,0,0,0,0,0,0,0,0,0,0,0,0
0.02445,0.023768,0.037195,0,0,0,0,0,0,0,0,0,0,0,0
0.02864,0.026318,0.027266,0,0,0,0,0,0,0,0,0,0,0,0
0.0274,0.026039,0.026497,0,0,0,0,0,0,0,0,0,0,0,0
0.035395,0.025483,0.024652,0,0,0,0,0,0,0,0,0,0,0,0
0.065807,0.048405,0.050464,0,0,0,0,0,0,0,0,0,0,0,0
0.050612,0.029989,0.035279,0,0,0,0,0,0,0,0,0,0,0,0
0.029081,0.024955,0.036271,0,0,0,0,0,0,0,0,0,0,0,0
0.028136,0.047153,0.045604,0,0,0,0,0,0,0,0,0,0,0,0
0.036249,0.033164,0.025849,0,0,0,0,0,0,0,0,0,0,0,0
0.037969,0.028471,0.025518,0,0,0,0,0,0,0,0,0,0,0,0
0.056547,0.059229,0.04948,0,0,0,0,0,0,0,0,0,0,0,0
0.040134,0.026051,0.026226,0,0,0,0,0,0,0,0,0,0,0,0
0.037019,0.039895,0.025142,0,0,0,0,0,0,0,0,0,0,0,0
0.025993,0.026433,0.032335,0,0,0,0,0,0,0,0,0,0,0,0
0.045641,0.027747,0.023704,0,0,0,0,0,0,0,0,0,0,0,0
0.036166,0.026914,0.023498,0,0,0,0,0,0,0,0,0,0,0,0
0.070719,0.056153,0.044727,0,0,0,0,0,0,0,0,0,0,0,0
0.046305,0.028442,0.027788,0,0,0,0,0,0,0,0,0,0,0,0
0.035114,0.028433,0.027899,0,0,0,0,0,0,0,0,0,0,0,0
0.043464,0.027655,0.026669,0,0,0,0,0,0,0,0,0,0,0,0
0.053776,0.027473,0.028539,0,0,0,0,0,0,0,0,0,0,0,0
0.034395,0.028172,0.036338,0,0,0,0,0,0,0,0,0,0,0,0
0.050407,0.057942,0.050257,0,0,0,0,0,0,0,0,0,0,0,0
0.044062,0.027401,0.024637,0,0,0,0,0,0,0,0,0,0,0,0
0.027762,0.027974,0.024261,0,0,0,0,0,0,0,0,0,0,0,0
0.042191,0.02795,0.024905,0,0,0,0,0,0,0,0,0,0,0,0
0.040305,0.026934,0.024225,0,0,0,0,0,0,0,0,0,0,0,0
0.02671,0.026941,0.025711,0,0,0,0,0,0,0,0,0,0,0,0
0.04865,0.058358,0.057913,0,0,0,0,0,0,0,0,0,0,0,0
0.043704,0.027439,0.025586,0,0,0,0,0,0,0,0,0,0,0,0
0.030108,0.027796,0.024885,0,0,0,0,0,0,0,0,0,0,0,0
0.037137,0.027009,0.046949,0,0,0,0,0,0,0,0,0,0,0,0
0.025132,0.028118,0.02401,0,0,0,0,0,0,0,0,0,0,0,0
0.026969,0.027523,0.024513,0,0,0,0,0,0,0,0,0,0,0,0
0.054251,0.048864,0.050411,0,0,0,0,0,0,0,0,0,0,0,0
0.040788,0.024535,0.025487,0,0,0,0,0,0,0,0,0,0,0,0
0.024963,0.031221,0.023662,0,0,0,0,0,0,0,0,0,0,0,0
0.034514,0.024097,0.032792,0,0,0,0,0,0,0,0,0,0,0,0
0.024604,0.024997,0.024196,0,0,0,0,0,0,0,0,0,0,0,0
0.025795,0.024174,0.024813,0,0,0,0,0,0,0,0,0,0,0,0
0.060812,0.04875,0.052518,0,0,0,0,0,0,0,0,0,0,0,0
0.030845,0.034972,0.033001,0,0,0,0,0,0,0,0,0,0,0,0
0.025792,0.026366,0.037046,0,0,0,0,0,0,0,0,0,0,0,0
0.040617,0.024248,0.024525,0,0,0,0,0,0,0,0,0,0,0,0
0.043935,0.024347,0.025615,0,0,0,0,0,0,0,0,0,0,0,0
0.029646,0.045789,0.030216,0,0,0,0,0,0,0,0,0,0,0,0
0.062007,0.062025,0.067343,0,0,0,0,0,0,0,0,0,0,0,0
0.035607,0.02505,0.026708,0,0,0,0,0,0,0,0,0,0,0,0
0.024409,0.025236,0.026437,0,0,0,0,0,0,0,0,0,0,0,0
0.026751,0.024146,0.026314,0,0,0,0,0,0,0,0,0,0,0,0
0.027518,0.024132,0.025916,0,0,0,0,0,0,0,0,0,0,0,0
0.036212,0.031408,0.025934,0,0,0,0,0,0,0,0,0,0,0,0
0.080935,0.061163,0.065234,0,0,0,0,0,0,0,0,0,0,0,0
0.035664,0.023212,0.026599,0,0,0,0,0,0,0,0,0,0,0,0
0.034822,0.025056,0.025477,0,0,0,0,0,0,0,0,0,0,0,0
0.037762,0.025373,0.026258,0,0,0,0,0,0,0,0,0,0,0,0
0.032065,0.03313,0.03638,0,0,0,0,0,0,0,0,0,0,0,0
0.03936,0.02437,0.030388,0,0,0,0,0,0,0,0,0,0,0,0
0.084892,0.051294,0.057194,0,0,0,0,0,0,0,0,0,0,0,0
0.024749,0.024563,0.025409,0,0,0,0,0,0,0,0,0,0,0,0
0.023655,0.024249,0.02546,0,0,0,0,0,0,0,0,0,0,0,0
0.046717,0.034914,0.026826,0,0,0,0,0,0,0,0,0,0,0,0
0.041852,0.035067,0.028447,0,0,0,0,0,0,0,0,0,0,0,0
0.036835,0.024561,0.025799,0,0,0,0,0,0,0,0,0,0,0,0
0.052984,0.050468,0.054237,0,0,0,0,0,0,0,0,0,0,0,0
0.041022,0.025096,0.025174,0,0,0,0,0,0,0,0,0,0,0,0
0.024074,0.026051,0.02698,0,0,0,0,0,0,0,0,0,0,0,0
0.024449,0.032099,0.025884,0,0,0,0,0,0,0,0,0,0,0,0
0.042202,0.036065,0.026248,0,0,0,0,0,0,0,0,0,0,0,0
0.047464,0.025219,0.025168,0,0,0,0,0,0,0,0,0,0,0,0
0.04825,0.059217,0.055394,0,0,0,0,0,0,0,0,0,0,0,0
0.028948,0.024627,0.02524,0,0,0,0,0,0,0,0,0,0,0,0
0.0296,0.026354,0.037071,0,0,0,0,0,0,0,0,0,0,0,0
0.031394,0.025305,0.036271,0,0,0,0,0,0,0,0,0,0,0,0
0.024404,0.025991,0.026173,0,0,0,0,0,0,0,0,0,0,0,0
0.034653,0.031659,0.026095,0,0,0,0,0,0,0,0,0,0,0,0
0.058744,0.048813,0.056266,0,0,0,0,0,0,0,0,0,0,0,0
0.025612,0.023712,0.025281,0,0,0,0,0,0,0,0,0,0,0,0
0.04674,0.025663,0.025686,0,0,0,0,0,0,0,0,0,0,0,0
0.045811,0.035299,0.026179,0,0,0,0,0,0,0,0,0,0,0,0
0.033889,0.035738,0.02589,0,0,0,0,0,0,0,0,0,0,0,0
0.025031,0.036085,0.0248,0,0,0,0,0,0,0,0,0,0,0,0
0.05789,0.049761,0.055426,0,0,0,0,0,0,0,0,0,0,0,0
0.023591,0.024654,0.026325,0,0,0,0,0,0,0,0,0,0,0,0
0.032754,0.025762,0.026249,0,0,0,0,0,0,0,0,0,0,0,0
0.043499,0.024095,0.025614,0,0,0,0,0,0,0,0,0,0,0,0
0.024913,0.027246,0.029608,0,0,0,0,0,0,0,0,0,0,0,0
0.027605,0.025732,0.023888,0,0,0,0,0,0,0,0,0,0,0,0
0.06136,0.046314,0.044504,0,0,0,0,0,0,0,0,0,0,0,0
0.029082,0.024908,0.025361,0,0,0,0,0,0,0,0,0,0,0,0
0.042881,0.033523,0.025723,0,0,0,0,0,0,0,0,0,0,0,0
0.032981,0.029811,0.025576,0,0,0,0,0,0,0,0,0,0,0,0
0.029813,0.025668,0.024729,0,0,0,0,0,0,0,0,0,0,0,0
0.024152,0.025756,0.025349,0,0,0,0,0,0,0,0,0,0,0,0
0.072424,0.051122,0.046693,0,0,0,0,0,0,0,0,0,0,0,0
0.036468,0.024951,0.025106,0,0,0,0,0,0,0,0,0,0,0,0
0.026011,0.023978,0.023656,0,0,0,0,0,0,0,0,0,0,0,0
0.027386,0.025001,0.023382,0,0,0,0,0,0,0,0,0,0,0,0
0.024879,0.035909,0.024069,0,0,0,0,0,0,0,0,0,0,0,0
0.031169,0.024567,0.034907,0,0,0,0,0,0,0,0,0,0,0,0
0.052133,0.054669,0.061042,0,0,0,0,0,0,0,0,0,0,0,0
0.031753,0.026008,0.025531,0,0,0,0,0,0,0,0,0,0,0,0
0.03403,0.029601,0.023283,0,0,0,0,0,0,0,0,0,0,0,0
0.023658,0.035399,0.023659,0,0,0,0,0,0,0,0,0,0,0,0
0.041198,0.035853,0.023886,0,0,0,0,0,0,0,0,0,0,0,0
0.043077,0.023424,0.024054,0,0,0,0,0,0,0,0,0,0,0,0
0.045152,0.048109,0.046262,0,0,0,0,0,0,0,0,0,0,0,0
0.02326,0.025508,0.022844,0,0,0,0,0,0,0,0,0,0,0,0
0.03239,0.024386,0.023498,0,0,0,0,0,0,0,0,0,0,0,0
0.032288,0.023813,0.03964,0,0,0,0,0,0,0,0,0,0,0,0
0.027077,0.023652,0.023412,0,0,0,0,0,0,0,0,0,0,0,0
0.04916,0.024208,0.024385,0,0,0,0,0,0,0,0,0,0,0,0
0.056285,0.053664,0.059102,0,0,0,0,0,0,0,0,0,0,0,0
0.027249,0.031814,0.026224,0,0,0,0,0,0,0,0,0,0,0,0
0.024206,0.024424,0.023332,0,0,0,0,0,0,0,0,0,0,0,0
0.026031,0.034937,0.024168,0,0,0,0,0,0,0,0,0,0,0,0
0.029417,0.024777,0.023725,0,0,0,0,0,0,0,0,0,0,0,0
0.025755,0.03712,0.024483,0,0,0,0,0,0,0,0,0,0,0,0
0.046254,0.050649,0.046562,0,0,0,0,0,0,0,0,0,0,0,0
0.025052,0.024763,0.024132,0,0,0,0,0,0,0,0,0,0,0,0
0.043679,0.024427,0.02333,0,0,0,0,0,0,0,0,0,0,0,0
0.029974,0.031522,0.02913,0,0,0,0,0,0,0,0,0,0,0,0
0.041716,0.024898,0.024361,0,0,0,0,0,0,0,0,0,0,0,0
0.036104,0.024721,0.024663,0,0,0,0,0,0,0,0,0,0,0,0
0.048009,0.051318,0.047269,0,0,0,0,0,0,0,0,0,0,0,0
0.029484,0.023796,0.036289,0,0,0,0,0,0,0,0,0,0,0,0
0.027268,0.031219,0.036088,0,0,0,0,0,0,0,0,0,0,0,0
0.033088,0.026529,0.024216,0,0,0,0,0,0,0,0,0,0,0,0
0.038444,0.024452,0.02454,0,0,0,0,0,0,0,0,0,0,0,0
0.025042,0.030958,0.02635,0,0,0,0,0,0,0,0,0,0,0,0
0.045707,0.054054,0.054602,0,0,0,0,0,0,0,0,0,0,0,0
0.025732,0.027109,0.028003,0,0,0,0,0,0,0,0,0,0,0,0
0.023046,0.032404,0.027206,0,0,0,0,0,0,0,0,0,0,0,0
0.041985,0.023662,0.047491,0,0,0,0,0,0,0,0,0,0,0,0
0.04312,0.023578,0.026519,0,0,0,0,0,0,0,0,0,0,0,0
0.037984,0.024254,0.026077,0,0,0,0,0,0,0,0,0,0,0,0
0.054984,0.047917,0.056011,0,0,0,0,0,0,0,0,0,0,0,0
0.038243,0.024267,0.024685,0,0,0,0,0,0,0,0,0,0,0,0
0.032863,0.023628,0.025111,0,0,0,0,0,0,0,0,0,0,0,0
0.037425,0.023774,0.024579,0,0,0,0,0,0,0,0,0,0,0,0
0.049447,0.036944,0.025618,0,0,0,0,0,0,0,0,0,0,0,0
0.027375,0.035825,0.025949,0,0,0,0,0,0,0,0,0,0,0,0
0.045877,0.04715,0.044918,0,0,0,0,0,0,0,0,0,0,0,0
0.02449,0.02431,0.024212,0,0,0,0,0,0,0,0,0,0,0,0
0.034804,0.024125,0.024044,0,0,0,0,0,0,0,0,0,0,0,0
0.044239,0.025154,0.022495,0,0,0,0,0,0,0,0,0,0,0,0
0.028392,0.024478,0.023674,0,0,0,0,0,0,0,0,0,0,0,0
0.034971,0.023765,0.024918,0,0,0,0,0,0,0,0,0,0,0,0
0.057902,0.047265,0.045725,0,0,0,0,0,0,0,0,0,0,0,0
0.053896,0.024152,0.025437,0,0,0,0,0,0,0,0,0,0,0,0
0.040631,0.025354,0.021835,0,0,0,0,0,0,0,0,0,0,0,0
0.026823,0.024618,0.024974,0,0,0,0,0,0,0,0,0,0,0,0
0.031217,0.024001,0.023484,0,0,0,0,0,0,0,0,0,0,0,0
0.037131,0.023443,0.035842,0,0,0,0,0,0,0,0,0,0,0,0
0.051578,0.050559,0.049826,0,0,0,0,0,0,0,0,0,0,0,0
0.026978,0.024631,0.024361,0,0,0,0,0,0,0,0,0,0,0,0
0.034523,0.024017,0.024474,0,0,0,0,0,0,0,0,0,0,0,0
0.025484,0.024442,0.024173,0,0,0,0,0,0,0,0,0,0,0,0
0.034617,0.031676,0.025266,0,0,0,0,0,0,0,0,0,0,0,0
0.031265,0.024958,0.023644,0,0,0,0,0,0,0,0,0,0,0,0
0.06794,0.047076,0.050285,0,0,0,0,0,0,0,0,0,0,0,0
0.04293,0.02353,0.024713,0,0,0,0,0,0,0,0,0,0,0,0
0.024305,0.025534,0.024598,0,0,0,0,0,0,0,0,0,0,0,0
0.027492,0.023392,0.022937,0,0,0,0,0,0,0,0,0,0,0,0
0.036001,0.024247,0.024718,0,0,0,0,0,0,0,0,0,0,0,0
0.042543,0.023575,0.024412,0,0,0,0,0,0,0,0,0,0,0,0
0.065554,0.04971,0.048582,0,0,0,0,0,0,0,0,0,0,0,0
0.029928,0.025266,0.026702,0,0,0,0,0,0,0,0,0,0,0,0
0.032513,0.025356,0.023906,0,0,0,0,0,0,0,0,0,0,0,0
0.027899,0.023537,0.024317,0,0,0,0,0,0,0,0,0,0,0,0
0.04152,0.023686,0.02494,0,0,0,0,0,0,0,0,0,0,0,0
0.025934,0.024305,0.023807,0,0,0,0,0,0,0,0,0,0,0,0
0.050049,0.048121,0.04968,0,0,0,0,0,0,0,0,0,0,0,0
0.031439,0.024398,0.023334,0,0,0,0,0,0,0,0,0,0,0,0
0.041678,0.026093,0.026293,0,0,0,0,0,0,0,0,0,0,0,0
0.036454,0.024987,0.036147,0,0,0,0,0,0,0,0,0,0,0,0
0.025477,0.027629,0.025226,0,0,0,0,0,0,0,0,0,0,0,0
0.024757,0.024712,0.023426,0,0,0,0,0,0,0,0,0,0,0,0
0.057473,0.061808,0.046535,0,0,0,0,0,0,0,0,0,0,0,0
0.026042,0.035862,0.026581,0,0,0,0,0,0,0,0,0,0,0,0
0.036834,0.024649,0.023569,0,0,0,0,0,0,0,0,0,0,0,0
0.026059,0.026385,0.02435,0,0,0,0,0,0,0,0,0,0,0,0
0.031601,0.025963,0.025645,0,0,0,0,0,0,0,0,0,0,0,0
0.027279,0.023921,0.025412,0,0,0,0,0,0,0,0,0,0,0,0
0.067988,0.053866,0.055925,0,0,0,0,0,0,0,0,0,0,0,0
0.055843,0.024416,0.024933,0,0,0,0,0,0,0,0,0,0,0,0
0.029387,0.023661,0.02465,0,0,0,0,0,0,0,0,0,0,0,0
0.039483,0.025494,0.026105,0,0,0,0,0,0,0,0,0,0,0,0
0.035812,0.04101,0.036616,0,0,0,0,0,0,0,0,0,0,0,0
0.027314,0.024113,0.024001,0,0,0,0,0,0,0,0,0,0,0,0
0.055624,0.054168,0.044764,0,0,0,0,0,0,0,0,0,0,0,0
0.038736,0.023943,0.022953,0,0,0,0,0,0,0,0,0,0,0,0
0.027437,0.024987,0.02494,0,0,0,0,0,0,0,0,0,0,0,0
0.024452,0.032156,0.023587,0,0,0,0,0,0,0,0,0,0,0,0
0.04729,0.027695,0.025489,0,0,0,0,0,0,0,0,0,0,0,0
0.029657,0.035551,0.0247,0,0,0,0,0,0,0,0,0,0,0,0
0.047051,0.047075,0.050546,0,0,0,0,0,0,0,0,0,0,0,0
0.042832,0.024025,0.035832,0,0,0,0,0,0,0,0,0,0,0,0
0.02963,0.024896,0.02433,0,0,0,0,0,0,0,0,0,0,0,0
0.033982,0.025123,0.025598,0,0,0,0,0,0,0,0,0,0,0,0
0.031469,0.024929,0.024785,0,0,0,0,0,0,0,0,0,0,0,0
0.024099,0.034197,0.023978,0,0,0,0,0,0,0,0,0,0,0,0
0.057706,0.045977,0.045897,0,0,0,0,0,0,0,0,0,0,0,0
0.023731,0.023915,0.023261,0,0,0,0,0,0,0,0,0,0,0,0
0.041952,0.024503,0.023257,0,0,0,0,0,0,0,0,0,0,0,0
0.030644,0.023655,0.036168,0,0,0,0,0,0,0,0,0,0,0,0
0.039316,0.025537,0.023075,0,0,0,0,0,0,0,0,0,0,0,0
0.04225,0.025224,0.024212,0,0,0,0,0,0,0,0,0,0,0,0
0.075638,0.055411,0.04983,0,0,0,0,0,0,0,0,0,0,0,0
0.027916,0.025786,0.023775,0,0,0,0,0,0,0,0,0,0,0,0
0.024325,0.031454,0.023491,0,0,0,0,0,0,0,0,0,0,0,0
0.028401,0.035896,0.024351,0,0,0,0,0,0,0,0,0,0,0,0
0.023941,0.022969,0.023178,0,0,0,0,0,0,0,0,0,0,0,0
0.023473,0.032305,0.023531,0,0,0,0,0,0,0,0,0,0,0,0
0.045558,0.051128,0.046175,0,0,0,0,0,0,0,0,0,0,0,0
0.024467,0.026049,0.024145,0,0,0,0,0,0,0,0,0,0,0,0
0.029668,0.023351,0.023203,0,0,0,0,0,0,0,0,0,0,0,0
0.030948,0.023845,0.023311,0,0,0,0,0,0,0,0,0,0,0,0
0.040549,0.025061,0.02348,0,0,0,0,0,0,0,0,0,0,0,0
0.041967,0.02383,0.03236,0,0,0,0,0,0,0,0,0,0,0,0
0.070695,0.049848,0.050164,0,0,0,0,0,0,0,0,0,0,0,0
0.033558,0.025558,0.03611,0,0,0,0,0,0,0,0,0,0,0,0
0.026326,0.024481,0.023007,0,0,0,0,0,0,0,0,0,0,0,0
0.025802,0.024476,0.023539,0,0,0,0,0,0,0,0,0,0,0,0
0.043693,0.024722,0.024306,0,0,0,0,0,0,0,0,0,0,0,0
0.045521,0.024855,0.023974,0,0,0,0,0,0,0,0,0,0,0,0
0.060936,0.050039,0.062459,0,0,0,0,0,0,0,0,0,0,0,0
0.032952,0.023484,0.023807,0,0,0,0,0,0,0,0,0,0,0,0
0.044322,0.023602,0.022368,0,0,0,0,0,0,0,0,0,0,0,0
0.027177,0.031031,0.024909,0,0,0,0,0,0,0,0,0,0,0,0
0.027951,0.024648,0.02538,0,0,0,0,0,0,0,0,0,0,0,0
0.043231,0.024854,0.026097,0,0,0,0,0,0,0,0,0,0,0,0
0.056269,0.047785,0.055695,0,0,0,0,0,0,0,0,0,0,0,0
0.039352,0.023722,0.024793,0,0,0,0,0,0,0,0,0,0,0,0
0.040233,0.02346,0.02566,0,0,0,0,0,0,0,0,0,0,0,0
0.026428,0.024831,0.029337,0,0,0,0,0,0,0,0,0,0,0,0
0.048112,0.025791,0.024792,0,0,0,0,0,0,0,0,0,0,0,0
0.035034,0.024438,0.025005,0,0,0,0,0,0,0,0,0,0,0,0
0.053727,0.057408,0.053439,0,0,0,0,0,0,0,0,0,0,0,0
0.035774,0.035942,0.025366,0,0,0,0,0,0,0,0,0,0,0,0
0.056725,0.023551,0.024763,0,0,0,0,0,0,0,0,0,0,0,0
0.040122,0.023361,0.023945,0,0,0,0,0,0,0,0,0,0,0,0
0.027491,0.024925,0.023863,0,0,0,0,0,0,0,0,0,0,0,0
0.029767,0.023635,0.022559,0,0,0,0,0,0,0,0,0,0,0,0
0.057765,0.060133,0.052307,0,0,0,0,0,0,0,0,0,0,0,0
0.026868,0.024281,0.024925,0,0,0,0,0,0,0,0,0,0,0,0
0.028176,0.031301,0.022505,0,0,0,0,0,0,0,0,0,0,0,0
0.037,0.026335,0.024525,0,0,0,0,0,0,0,0,0,0,0,0
0.029208,0.024421,0.024531,0,0,0,0,0,0,0,0,0,0,0,0
0.024888,0.026516,0.026768,0,0,0,0,0,0,0,0,0,0,0,0
0.055224,0.047966,0.047394,0,0,0,0,0,0,0,0,0,0,0,0
0.023674,0.023149,0.024213,0,0,0,0,0,0,0,0,0,0,0,0
0.038803,0.023582,0.024043,0,0,0,0,0,0,0,0,0,0,0,0
0.039305,0.023822,0.023637,0,0,0,0,0,0,0,0,0,0,0,0
0.039838,0.023289,0.025133,0,0,0,0,0,0,0,0,0,0,0,0
0.026783,0.022931,0.023821,0,0,0,0,0,0,0,0,0,0,0,0
0.05094,0.046678,0.045583,0,0,0,0,0,0,0,0,0,0,0,0
0.023923,0.029664,0.023745,0,0,0,0,0,0,0,0,0,0,0,0
0.024207,0.036222,0.024018,0,0,0,0,0,0,0,0,0,0,0,0
0.027767,0.02389,0.023327,0,0,0,0,0,0,0,0,0,0,0,0
0.035843,0.024474,0.023881,0,0,0,0,0,0,0,0,0,0,0,0
0.038154,0.035198,0.023279,0,0,0,0,0,0,0,0,0,0,0,0
0.0485,0.050095,0.054257,0,0,0,0,0,0,0,0,0,0,0,0
0.028306,0.023145,0.023618,0,0,0,0,0,0,0,0,0,0,0,0
0.023747,0.022933,0.022372,0,0,0,0,0,0,0,0,0,0,0,0
0.024281,0.023742,0.023711,0,0,0,0,0,0,0,0,0,0,0,0
0.050317,0.023944,0.024251,0,0,0,0,0,0,0,0,0,0,0,0
0.02351,0.023408,0.023501,0,0,0,0,0,0,0,0,0,0,0,0
0.074598,0.049761,0.050944,0,0,0,0,0,0,0,0,0,0,0,0
0.02547,0.025593,0.023635,0,0,0,0,0,0,0,0,0,0,0,0
0.028318,0.022828,0.023303,0,0,0,0,0,0,0,0,0,0,0,0
0.043652,0.023708,0.023624,0,0,0,0,0,0,0,0,0,0,0,0
0.025894,0.036661,0.023426,0,0,0,0,0,0,0,0,0,0,0,0
0.042135,0.024617,0.023215,0,0,0,0,0,0,0,0,0,0,0,0
0.046254,0.049917,0.045529,0,0,0,0,0,0,0,0,0,0,0,0
0.033983,0.025986,0.02713,0,0,0,0,0,0,0,0,0,0,0,0
0.036397,0.025841,0.023829,0,0,0,0,0,0,0,0,0,0,0,0
0.027922,0.024172,0.023003,0,0,0,0,0,0,0,0,0,0,0,0
0.024264,0.023819,0.023593,0,0,0,0,0,0,0,0,0,0,0,0
0.037503,0.031355,0.023734,0,0,0,0,0,0,0,0,0,0,0,0
0.048917,0.050092,0.043978,0,0,0,0,0,0,0,0,0,0,0,0
0.029217,0.023334,0.031515,0,0,0,0,0,0,0,0,0,0,0,0
0.024022,0.023021,0.02283,0,0,0,0,0,0,0,0,0,0,0,0
0.02719,0.022974,0.023417,0,0,0,0,0,0,0,0,0,0,0,0
0.027025,0.023132,0.023066,0,0,0,0,0,0,0,0,0,0,0,0
0.025202,0.025031,0.023444,0,0,0,0,0,0,0,0,0,0,0,0
0.066285,0.05083,0.045333,0,0,0,0,0,0,0,0,0,0,0,0
0.032645,0.0246,0.02358,0,0,0,0,0,0,0,0,0,0,0,0
0.027775,0.025145,0.022924,0,0,0,0,0,0,0,0,0,0,0,0
0.024631,0.03534,0.025001,0,0,0,0,0,0,0,0,0,0,0,0
0.035779,0.035879,0.024258,0,0,0,0,0,0,0,0,0,0,0,0
0.042586,0.024351,0.024489,0,0,0,0,0,0,0,0,0,0,0,0
0.045936,0.048213,0.068845,0,0,0,0,0,0,0,0,0,0,0,0
0.032301,0.025742,0.024351,0,0,0,0,0,0,0,0,0,0,0,0
0.022993,0.023957,0.024349,0,0,0,0,0,0,0,0,0,0,0,0
0.023231,0.024124,0.035474,0,0,0,0,0,0,0,0,0,0,0,0
0.024211,0.023971,0.023601,0,0,0,0,0,0,0,0,0,0,0,0
0.041341,0.024356,0.022774,0,0,0,0,0,0,0,0,0,0,0,0
0.065692,0.049431,0.049759,0,0,0,0,0,0,0,0,0,0,0,0
0.040644,0.023607,0.029848,0,0,0,0,0,0,0,0,0,0,0,0
0.049374,0.034555,0.023305,0,0,0,0,0,0,0,0,0,0,0,0
0.023693,0.02437,0.031282,0,0,0,0,0,0,0,0,0,0,0,0
0.028392,0.035481,0.035707,0,0,0,0,0,0,0,0,0,0,0,0
0.025005,0.02246,0.024075,0,0,0,0,0,0,0,0,0,0,0,0
0.058114,0.047788,0.063673,0,0,0,0,0,0,0,0,0,0,0,0
0.023518,0.02425,0.037127,0,0,0,0,0,0,0,0,0,0,0,0
0.024631,0.024587,0.024798,0,0,0,0,0,0,0,0,0,0,0,0
0.035615,0.024544,0.02416,0,0,0,0,0,0,0,0,0,0,0,0
0.026591,0.024169,0.022469,0,0,0,0,0,0,0,0,0,0,0,0
0.041201,0.02394,0.023603,0,0,0,0,0,0,0,0,0,0,0,0
0.046975,0.046704,0.046523,0,0,0,0,0,0,0,0,0,0,0,0
0.024011,0.023236,0.02314,0,0,0,0,0,0,0,0,0,0,0,0
0.028102,0.023163,0.028771,0,0,0,0,0,0,0,0,0,0,0,0
0.028272,0.026911,0.023301,0,0,0,0,0,0,0,0,0,0,0,0
0.046605,0.02458,0.023188,0,0,0,0,0,0,0,0,0,0,0,0
0.023532,0.0252,0.02362,0,0,0,0,0,0,0,0,0,0,0,0
0.074903,0.053323,0.050761,0,0,0,0,0,0,0,0,0,0,0,0
0.036102,0.02687,0.023708,0,0,0,0,0,0,0,0,0,0,0,0
0.0236,0.026581,0.02443,0,0,0,0,0,0,0,0,0,0,0,0
0.025369,0.037154,0.035277,0,0,0,0,0,0,0,0,0,0,0,0
0.054145,0.023189,0.023747,0,0,0,0,0,0,0,0,0,0,0,0
0.033892,0.023004,0.02368,0,0,0,0,0,0,0,0,0,0,0,0
0.06398,0.048633,0.043552,0,0,0,0,0,0,0,0,0,0,0,0
0.040119,0.022431,0.021639,0,0,0,0,0,0,0,0,0,0,0,0
0.03199,0.02295,0.024142,0,0,0,0,0,0,0,0,0,0,0,0
0.048864,0.024626,0.023041,0,0,0,0,0,0,0,0,0,0,0,0
0.052652,0.023156,0.030563,0,0,0,0,0,0,0,0,0,0,0,0
0.064213,0.023413,0.022091,0,0,0,0,0,0,0,0,0,0,0,0
0.046259,0.052917,0.051385,0,0,0,0,0,0,0,0,0,0,0,0
0.044771,0.025853,0.023999,0,0,0,0,0,0,0,0,0,0,0,0
0.030429,0.027186,0.024385,0,0,0,0,0,0,0,0,0,0,0,0
0.026955,0.022744,0.02259,0,0,0,0,0,0,0,0,0,0,0,0
0.02766,0.0352,0.022429,0,0,0,0,0,0,0,0,0,0,0,0
0.040573,0.022098,0.034631,0,0,0,0,0,0,0,0,0,0,0,0
0.051149,0.048473,0.078402,0,0,0,0,0,0,0,0,0,0,0,0
0.032728,0.022656,0.02397,0,0,0,0,0,0,0,0,0,0,0,0
0.026813,0.023956,0.024273,0,0,0,0,0,0,0,0,0,0,0,0
0.02258,0.024154,0.03353,0,0,0,0,0,0,0,0,0,0,0,0
0.030305,0.024773,0.025177,0,0,0,0,0,0,0,0,0,0,0,0
0.024415,0.02704,0.024496,0,0,0,0,0,0,0,0,0,0,0,0
0.047377,0.054392,0.047366,0,0,0,0,0,0,0,0,0,0,0,0
0.049299,0.028811,0.036131,0,0,0,0,0,0,0,0,0,0,0,0
0.037259,0.028151,0.025685,0,0,0,0,0,0,0,0,0,0,0,0
0.036958,0.026365,0.024573,0,0,0,0,0,0,0,0,0,0,0,0
0.036451,0.034092,0.023843,0,0,0,0,0,0,0,0,0,0,0,0
0.036893,0.035468,0.0252,0,0,0,0,0,0,0,0,0,0,0,0
0.053367,0.061347,0.04791,0,0,0,0,0,0,0,0,0,0,0,0
0.033133,0.025194,0.026203,0,0,0,0,0,0,0,0,0,0,0,0
0.044856,0.035671,0.02519,0,0,0,0,0,0,0,0,0,0,0,0
0.044772,0.025162,0.024605,0,0,0,0,0,0,0,0,0,0,0,0
0.031656,0.035057,0.026448,0,0,0,0,0,0,0,0,0,0,0,0
0.039795,0.024601,0.024744,0,0,0,0,0,0,0,0,0,0,0,0
0.045435,0.05082,0.048538,0,0,0,0,0,0,0,0,0,0,0,0
0.045827,0.025067,0.024707,0,0,0,0,0,0,0,0,0,0,0,0
0.025479,0.023911,0.024099,0,0,0,0,0,0,0,0,0,0,0,0
0.03072,0.0243,0.025186,0,0,0,0,0,0,0,0,0,0,0,0
0.024674,0.024268,0.023727,0,0,0,0,0,0,0,0,0,0,0,0
0.028771,0.024901,0.023466,0,0,0,0,0,0,0,0,0,0,0,0
0.049595,0.048151,0.074412,0,0,0,0,0,0,0,0,0,0,0,0
0.044323,0.023687,0.023694,0,0,0,0,0,0,0,0,0,0,0,0
0.032534,0.023422,0.023464,0,0,0,0,0,0,0,0,0,0,0,0
0.024506,0.03268,0.02481,0,0,0,0,0,0,0,0,0,0,0,0
0.041105,0.023543,0.023634,0,0,0,0,0,0,0,0,0,0,0,0
0.03586,0.023892,0.024752,0,0,0,0,0,0,0,0,0,0,0,0
0.046747,0.046808,0.046042,0,0,0,0,0,0,0,0,0,0,0,0
0.03182,0.04139,0.023476,0,0,0,0,0,0,0,0,0,0,0,0
0.039337,0.02892,0.028285,0,0,0,0,0,0,0,0,0,0,0,0
0.033701,0.031332,0.02409,0,0,0,0,0,0,0,0,0,0,0,0
0.044185,0.041503,0.023453,0,0,0,0,0,0,0,0,0,0,0,0
0.032694,0.028088,0.026053,0,0,0,0,0,0,0,0,0,0,0,0
0.053328,0.056434,0.044071,0,0,0,0,0,0,0,0,0,0,0,0
0.041857,0.026102,0.024438,0,0,0,0,0,0,0,0,0,0,0,0
0.024346,0.028792,0.02937,0,0,0,0,0,0,0,0,0,0,0,0
0.043633,0.023232,0.024014,0,0,0,0,0,0,0,0,0,0,0,0
0.034519,0.022714,0.02423,0,0,0,0,0,0,0,0,0,0,0,0
0.02967,0.023101,0.023519,0,0,0,0,0,0,0,0,0,0,0,0
0.075311,0.047549,0.046008,0,0,0,0,0,0,0,0,0,0,0,0
0.029738,0.03185,0.023722,0,0,0,0,0,0,0,0,0,0,0,0
0.025207,0.033334,0.027459,0,0,0,0,0,0,0,0,0,0,0,0
0.02903,0.034793,0.03585,0,0,0,0,0,0,0,0,0,0,0,0
0.035423,0.027542,0.025426,0,0,0,0,0,0,0,0,0,0,0,0
0.024792,0.049202,0.02512,0,0,0,0,0,0,0,0,0,0,0,0
0.047313,0.047912,0.052736,0,0,0,0,0,0,0,0,0,0,0,0
0.023305,0.025251,0.032817,0,0,0,0,0,0,0,0,0,0,0,0
0.039827,0.038779,0.034558,0,0,0,0,0,0,0,0,0,0,0,0
0.024322,0.036118,0.024367,0,0,0,0,0,0,0,0,0,0,0,0
0.030392,0.023491,0.027147,0,0,0,0,0,0,0,0,0,0,0,0
0.02728,0.024634,0.032513,0,0,0,0,0,0,0,0,0,0,0,0
0.060246,0.050262,0.046976,0,0,0,0,0,0,0,0,0,0,0,0
0.040088,0.02527,0.023438,0,0,0,0,0,0,0,0,0,0,0,0
0.043437,0.023778,0.023237,0,0,0,0,0,0,0,0,0,0,0,0
0.028905,0.024219,0.022271,0,0,0,0,0,0,0,0,0,0,0,0
0.038702,0.02506,0.022158,0,0,0,0,0,0,0,0,0,0,0,0
0.03682,0.023043,0.025608,0,0,0,0,0,0,0,0,0,0,0,0
0.053693,0.048333,0.056431,0,0,0,0,0,0,0,0,0,0,0,0
0.033173,0.023387,0.03359,0,0,0,0,0,0,0,0,0,0,0,0
0.045602,0.024391,0.025504,0,0,0,0,0,0,0,0,0,0,0,0
0.034464,0.025119,0.036165,0,0,0,0,0,0,0,0,0,0,0,0
0.029238,0.034217,0.031113,0,0,0,0,0,0,0,0,0,0,0,0
0.03863,0.024847,0.026441,0,0,0,0,0,0,0,0,0,0,0,0
0.063992,0.060319,0.055368,0,0,0,0,0,0,0,0,0,0,0,0
0.041299,0.024204,0.02472,0,0,0,0,0,0,0,0,0,0,0,0
0.047033,0.025608,0.023613,0,0,0,0,0,0,0,0,0,0,0,0
0.02319,0.024884,0.023148,0,0,0,0,0,0,0,0,0,0,0,0
0.042696,0.023732,0.023448,0,0,0,0,0,0,0,0,0,0,0,0
0.023298,0.024356,0.023489,0,0,0,0,0,0,0,0,0,0,0,0
0.062045,0.050518,0.046759,0,0,0,0,0,0,0,0,0,0,0,0
0.036043,0.025065,0.036869,0,0,0,0,0,0,0,0,0,0,0,0
0.026409,0.024337,0.02304,0,0,0,0,0,0,0,0,0,0,0,0
0.023728,0.026508,0.023949,0,0,0,0,0,0,0,0,0,0,0,0
0.039444,0.023424,0.02392,0,0,0,0,0,0,0,0,0,0,0,0
0.0332,0.02411,0.023333,0,0,0,0,0,0,0,0,0,0,0,0
0.061884,0.04996,0.047731,0,0,0,0,0,0,0,0,0,0,0,0
0.04103,0.024614,0.023344,0,0,0,0,0,0,0,0,0,0,0,0
0.029083,0.025219,0.022722,0,0,0,0,0,0,0,0,0,0,0,0
0.028703,0.02344,0.023458,0,0,0,0,0,0,0,0,0,0,0,0
0.022972,0.024211,0.027144,0,0,0,0,0,0,0,0,0,0,0,0
0.028688,0.035855,0.023053,0,0,0,0,0,0,0,0,0,0,0,0
0.04686,0.050874,0.053875,0,0,0,0,0,0,0,0,0,0,0,0
0.043141,0.024089,0.023598,0,0,0,0,0,0,0,0,0,0,0,0
0.038061,0.023507,0.024149,0,0,0,0,0,0,0,0,0,0,0,0
0.043777,0.023599,0.044806,0,0,0,0,0,0,0,0,0,0,0,0
0.025463,0.023733,0.027287,0,0,0,0,0,0,0,0,0,0,0,0
0.030887,0.02576,0.032037,0,0,0,0,0,0,0,0,0,0,0,0
0.057247,0.052577,0.052542,0,0,0,0,0,0,0,0,0,0,0,0
0.035476,0.035072,0.027032,0,0,0,0,0,0,0,0,0,0,0,0
0.038747,0.023553,0.034396,0,0,0,0,0,0,0,0,0,0,0,0
0.023891,0.025364,0.024105,0,0,0,0,0,0,0,0,0,0,0,0
0.043239,0.024346,0.022605,0,0,0,0,0,0,0,0,0,0,0,0
0.042137,0.024078,0.023289,0,0,0,0,0,0,0,0,0,0,0,0
0.054989,0.067684,0.047436,0,0,0,0,0,0,0,0,0,0,0,0
0.044112,0.023655,0.022431,0,0,0,0,0,0,0,0,0,0,0,0
0.038793,0.024151,0.022516,0,0,0,0,0,0,0,0,0,0,0,0
0.028975,0.024981,0.030451,0,0,0,0,0,0,0,0,0,0,0,0
0.033862,0.039445,0.022933,0,0,0,0,0,0,0,0,0,0,0,0
0.024156,0.036436,0.02304,0,0,0,0,0,0,0,0,0,0,0,0
0.055773,0.046581,0.057896,0,0,0,0,0,0,0,0,0,0,0,0
0.026329,0.026763,0.024896,0,0,0,0,0,0,0,0,0,0,0,0
0.034269,0.036357,0.025711,0,0,0,0,0,0,0,0,0,0,0,0
0.026883,0.035833,0.024771,0,0,0,0,0,0,0,0,0,0,0,0
0.04476,0.024287,0.0234,0,0,0,0,0,0,0,0,0,0,0,0
0.023769,0.022842,0.023366,0,0,0,0,0,0,0,0,0,0,0,0
0.067112,0.045127,0.046812,0,0,0,0,0,0,0,0,0,0,0,0
0.034383,0.024187,0.02511,0,0,0,0,0,0,0,0,0,0,0,0
0.046227,0.024299,0.023476,0,0,0,0,0,0,0,0,0,0,0,0
0.048467,0.022904,0.023887,0,0,0,0,0,0,0,0,0,0,0,0
0.0283,0.022996,0.022962,0,0,0,0,0,0,0,0,0,0,0,0
0.039491,0.024759,0.024525,0,0,0,0,0,0,0,0,0,0,0,0
0.053767,0.047349,0.047889,0,0,0,0,0,0,0,0,0,0,0,0
0.059599,0.023147,0.023385,0,0,0,0,0,0,0,0,0,0,0,0
0.03467,0.023864,0.023,0,0,0,0,0,0,0,0,0,0,0,0
0.041845,0.024336,0.023595,0,0,0,0,0,0,0,0,0,0,0,0
0.030807,0.024235,0.023278,0,0,0,0,0,0,0,0,0,0,0,0
0.02644,0.026547,0.024029,0,0,0,0,0,0,0,0,0,0,0,0
0.061848,0.045746,0.046909,0,0,0,0,0,0,0,0,0,0,0,0
0.039451,0.023629,0.024082,0,0,0,0,0,0,0,0,0,0,0,0
0.032368,0.023264,0.024876,0,0,0,0,0,0,0,0,0,0,0,0
0.064402,0.023545,0.023844,0,0,0,0,0,0,0,0,0,0,0,0
0.045716,0.023307,0.022667,0,0,0,0,0,0,0,0,0,0,0,0
0.024377,0.025161,0.025173,0,0,0,0,0,0,0,0,0,0,0,0
0.059842,0.046697,0.045127,0,0,0,0,0,0,0,0,0,0,0,0
0.023437,0.025182,0.02375,0,0,0,0,0,0,0,0,0,0,0,0
0.025967,0.023846,0.023708,0,0,0,0,0,0,0,0,0,0,0,0
0.049504,0.023338,0.024003,0,0,0,0,0,0,0,0,0,0,0,0
0.036607,0.030015,0.024096,0,0,0,0,0,0,0,0,0,0,0,0
0.037554,0.048512,0.023819,0,0,0,0,0,0,0,0,0,0,0,0
0.053123,0.067356,0.046404,0,0,0,0,0,0,0,0,0,0,0,0
0.037818,0.026513,0.022994,0,0,0,0,0,0,0,0,0,0,0,0
0.031385,0.027335,0.023323,0,0,0,0,0,0,0,0,0,0,0,0
0.032796,0.025038,0.023533,0,0,0,0,0,0,0,0,0,0,0,0
0.022896,0.025604,0.030923,0,0,0,0,0,0,0,0,0,0,0,0
0.023129,0.025643,0.02444,0,0,0,0,0,0,0,0,0,0,0,0
0.047577,0.054879,0.047645,0,0,0,0,0,0,0,0,0,0,0,0
0.029055,0.029679,0.026207,0,0,0,0,0,0,0,0,0,0,0,0
0.023539,0.027512,0.02422,0,0,0,0,0,0,0,0,0,0,0,0
0.041793,0.026115,0.024225,0,0,0,0,0,0,0,0,0,0,0,0
0.024975,0.027078,0.024048,0,0,0,0,0,0,0,0,0,0,0,0
0.031055,0.02678,0.023901,0,0,0,0,0,0,0,0,0,0,0,0
0.052954,0.048207,0.049431,0,0,0,0,0,0,0,0,0,0,0,0
0.033177,0.030049,0.036137,0,0,0,0,0,0,0,0,0,0,0,0
0.044004,0.036049,0.03588,0,0,0,0,0,0,0,0,0,0,0,0
0.023691,0.03654,0.022444,0,0,0,0,0,0,0,0,0,0,0,0
0.026593,0.035776,0.024094,0,0,0,0,0,0,0,0,0,0,0,0
0.040245,0.025393,0.02475,0,0,0,0,0,0,0,0,0,0,0,0
0.04913,0.047381,0.045389,0,0,0,0,0,0,0,0,0,0,0,0
0.03687,0.023837,0.022697,0,0,0,0,0,0,0,0,0,0,0,0
0.041955,0.024505,0.02418,0,0,0,0,0,0,0,0,0,0,0,0
0.02891,0.037169,0.023637,0,0,0,0,0,0,0,0,0,0,0,0
0.027411,0.035022,0.023483,0,0,0,0,0,0,0,0,0,0,0,0
0.03516,0.027568,0.024546,0,0,0,0,0,0,0,0,0,0,0,0
0.049838,0.04826,0.048829,0,0,0,0,0,0,0,0,0,0,0,0
0.031567,0.033071,0.023979,0,0,0,0,0,0,0,0,0,0,0,0
0.026554,0.032157,0.023577,0,0,0,0,0,0,0,0,0,0,0,0
0.033735,0.03891,0.028223,0,0,0,0,0,0,0,0,0,0,0,0
0.032599,0.035682,0.026395,0,0,0,0,0,0,0,0,0,0,0,0
0.03503,0.036031,0.022964,0,0,0,0,0,0,0,0,0,0,0,0
0.046547,0.049097,0.049123,0,0,0,0,0,0,0,0,0,0,0,0
0.032683,0.025766,0.024104,0,0,0,0,0,0,0,0,0,0,0,0
0.023469,0.033519,0.023648,0,0,0,0,0,0,0,0,0,0,0,0
0.053779,0.036117,0.024499,0,0,0,0,0,0,0,0,0,0,0,0
0.025583,0.024298,0.027267,0,0,0,0,0,0,0,0,0,0,0,0
0.042006,0.035825,0.025498,0,0,0,0,0,0,0,0,0,0,0,0
0.048218,0.046603,0.054033,0,0,0,0,0,0,0,0,0,0,0,0
0.028997,0.025126,0.026349,0,0,0,0,0,0,0,0,0,0,0,0
0.033171,0.037251,0.026272,0,0,0,0,0,0,0,0,0,0,0,0
0.02372,0.035611,0.033176,0,0,0,0,0,0,0,0,0,0,0,0
0.04448,0.024817,0.026558,0,0,0,0,0,0,0,0,0,0,0,0
0.035065,0.036467,0.034702,0,0,0,0,0,0,0,0,0,0,0,0
0.059776,0.054665,0.053554,0,0,0,0,0,0,0,0,0,0,0,0
0.022713,0.026246,0.025184,0,0,0,0,0,0,0,0,0,0,0,0
0.026771,0.026623,0.025825,0,0,0,0,0,0,0,0,0,0,0,0
0.02396,0.024812,0.02523,0,0,0,0,0,0,0,0,0,0,0,0
0.050602,0.025577,0.025779,0,0,0,0,0,0,0,0,0,0,0,0
0.035103,0.035833,0.025465,0,0,0,0,0,0,0,0,0,0,0,0
0.047885,0.048086,0.049569,0,0,0,0,0,0,0,0,0,0,0,0
0.036791,0.025025,0.023776,0,0,0,0,0,0,0,0,0,0,0,0
0.029872,0.036777,0.023208,0,0,0,0,0,0,0,0,0,0,0,0
0.023848,0.023331,0.023765,0,0,0,0,0,0,0,0,0,0,0,0
0.041532,0.0237,0.02452,0,0,0,0,0,0,0,0,0,0,0,0
0.036981,0.023102,0.028285,0,0,0,0,0,0,0,0,0,0,0,0
0.066114,0.050479,0.050659,0,0,0,0,0,0,0,0,0,0,0,0
0.03352,0.025721,0.026288,0,0,0,0,0,0,0,0,0,0,0,0
0.034504,0.024956,0.023526,0,0,0,0,0,0,0,0,0,0,0,0
0.061812,0.024295,0.022806,0,0,0,0,0,0,0,0,0,0,0,0
0.02974,0.044345,0.022919,0,0,0,0,0,0,0,0,0,0,0,0
0.035573,0.023778,0.0248,0,0,0,0,0,0,0,0,0,0,0,0
0.063426,0.046095,0.055079,0,0,0,0,0,0,0,0,0,0,0,0
0.033838,0.023053,0.024189,0,0,0,0,0,0,0,0,0,0,0,0
0.040768,0.023681,0.024349,0,0,0,0,0,0,0,0,0,0,0,0
0.043132,0.024457,0.025235,0,0,0,0,0,0,0,0,0,0,0,0
0.028142,0.022752,0.031439,0,0,0,0,0,0,0,0,0,0,0,0
0.026705,0.023885,0.023601,0,0,0,0,0,0,0,0,0,0,0,0
0.053051,0.047014,0.046341,0,0,0,0,0,0,0,0,0,0,0,0
0.027089,0.023924,0.025574,0,0,0,0,0,0,0,0,0,0,0,0
0.028278,0.025113,0.030891,0,0,0,0,0,0,0,0,0,0,0,0
0.024093,0.024075,0.023813,0,0,0,0,0,0,0,0,0,0,0,0
0.02525,0.024177,0.022888,0,0,0,0,0,0,0,0,0,0,0,0
0.024933,0.023818,0.028139,0,0,0,0,0,0,0,0,0,0,0,0
0.045747,0.046206,0.05694,0,0,0,0,0,0,0,0,0,0,0,0
0.028895,0.024423,0.022692,0,0,0,0,0,0,0,0,0,0,0,0
0.033183,0.024088,0.037182,0,0,0,0,0,0,0,0,0,0,0,0
0.042433,0.023954,0.022937,0,0,0,0,0,0,0,0,0,0,0,0
0.024174,0.02231,0.022464,0,0,0,0,0,0,0,0,0,0,0,0
0.023604,0.023013,0.023179,0,0,0,0,0,0,0,0,0,0,0,0
0.049577,0.045466,0.047538,0,0,0,0,0,0,0,0,0,0,0,0
0.044825,0.023727,0.023453,0,0,0,0,0,0,0,0,0,0,0,0
0.032685,0.023243,0.023646,0,0,0,0,0,0,0,0,0,0,0,0
0.036033,0.034929,0.02339,0,0,0,0,0,0,0,0,0,0,0,0
0.027654,0.030606,0.031866,0,0,0,0,0,0,0,0,0,0,0,0
0.040917,0.024112,0.023875,0,0,0,0,0,0,0,0,0,0,0,0
0.066865,0.054757,0.054463,0,0,0,0,0,0,0,0,0,0,0,0
0.041106,0.02479,0.024576,0,0,0,0,0,0,0,0,0,0,0,0
0.025076,0.024293,0.023567,0,0,0,0,0,0,0,0,0,0,0,0
0.040292,0.025834,0.023922,0,0,0,0,0,0,0,0,0,0,0,0
0.024079,0.026079,0.025491,0,0,0,0,0,0,0,0,0,0,0,0
0.024662,0.025419,0.02337,0,0,0,0,0,0,0,0,0,0,0,0
0.052545,0.055099,0.055061,0,0,0,0,0,0,0,0,0,0,0,0
0.027665,0.029909,0.035825,0,0,0,0,0,0,0,0,0,0,0,0
0.043276,0.035788,0.02431,0,0,0,0,0,0,0,0,0,0,0,0
0.023237,0.037331,0.022574,0,0,0,0,0,0,0,0,0,0,0,0
0.026868,0.026198,0.025348,0,0,0,0,0,0,0,0,0,0,0,0
0.038055,0.025888,0.025165,0,0,0,0,0,0,0,0,0,0,0,0
0.049273,0.056951,0.048447,0,0,0,0,0,0,0,0,0,0,0,0
0.023658,0.024632,0.023977,0,0,0,0,0,0,0,0,0,0,0,0
0.026854,0.02345,0.025127,0,0,0,0,0,0,0,0,0,0,0,0
0.038736,0.022566,0.035531,0,0,0,0,0,0,0,0,0,0,0,0
0.043517,0.022789,0.023094,0,0,0,0,0,0,0,0,0,0,0,0
0.032154,0.023629,0.023814,0,0,0,0,0,0,0,0,0,0,0,0
0.047783,0.046889,0.051016,0,0,0,0,0,0,0,0,0,0,0,0
0.032703,0.025718,0.023112,0,0,0,0,0,0,0,0,0,0,0,0
0.039097,0.024284,0.022804,0,0,0,0,0,0,0,0,0,0,0,0
0.032066,0.023123,0.03699,0,0,0,0,0,0,0,0,0,0,0,0
0.043055,0.023481,0.023516,0,0,0,0,0,0,0,0,0,0,0,0
0.023338,0.035964,0.025058,0,0,0,0,0,0,0,0,0,0,0,0
0.061742,0.046881,0.050515,0,0,0,0,0,0,0,0,0,0,0,0
0.032009,0.025391,0.035846,0,0,0,0,0,0,0,0,0,0,0,0
0.052685,0.043942,0.024029,0,0,0,0,0,0,0,0,0,0,0,0
0.042484,0.024077,0.023404,0,0,0,0,0,0,0,0,0,0,0,0
0.042836,0.029045,0.023698,0,0,0,0,0,0,0,0,0,0,0,0
0.025185,0.048379,0.023704,0,0,0,0,0,0,0,0,0,0,0,0
0.061233,0.046445,0.047404,0,0,0,0,0,0,0,0,0,0,0,0
0.024678,0.021551,0.023178,0,0,0,0,0,0,0,0,0,0,0,0
