0.000144
0.27498
0.019484
0.012096
0.011525
0.009679
NaN
NaN
NaN
NaN
0.000156
0.26495
0.012267
0.011226
0.010929
0.010276
0.010216
0.009943
0.009752
0.009713
0.009738
NaN
NaN
NaN
NaN
0.000378
0.46426
NaN
NaN
NaN
NaN
0.000184
0.24855
0.012183
0.010586
0.010969
0.009994
0.010193
0.010013
0.010627
0.01095
0.010186
0.009979
0.010129
0.010804
0.010439
0.010742
0.009914
0.0104
0.009684
0.009963
0.010228
0.009789
0.009495
0.010022
0.009722
0.01049
0.010409
0.009523
0.009601
0.009627
0.00968
0.009575
0.009826
0.010121
0.009672
0.00997
0.009743
0.009851
0.009998
0.009437
0.009903
0.009646
0.009538
0.00969
0.010224
0.010133
NaN
NaN
NaN
NaN
0.000178
0.2516
0.010048
0.009858
0.009813
0.009611
0.010324
0.00996
0.010851
0.010577
0.010256
0.009984
0.010138
0.009783
0.009813
0.009687
0.010272
0.010562
0.009907
0.0097
0.009839
0.009712
0.010367
0.009978
0.009924
0.010112
0.009661
0.010185
0.010312
0.010026
0.009512
0.00973
0.009859
0.010387
0.020818
0.019995
0.012545
0.009665
0.009879
0.009663
0.009814
NaN
NaN
NaN
NaN
0.000185
0.23781
0.010031
0.010362
0.020183
0.012267
0.010003
0.010242
0.010692
0.010041
0.00985
NaN
NaN
NaN
NaN
0.000156
0.24245
0.010501
0.01016
NaN
NaN
NaN
NaN
0.000164
0.24206
0.010474
0.009756
0.01002
0.010325
0.009826
0.010094
0.009675
0.010059
0.010565
0.009588
0.009808
0.009734
0.009808
0.010102
0.009851
0.010329
0.009905
NaN
NaN
NaN
NaN
0.000174
0.24565
0.010267
0.010066
0.009736
0.010374
0.009632
0.010041
0.010137
0.010274
0.009451
0.010023
0.0095
0.009396
0.009763
0.010005
0.009952
0.009189
0.009908
0.010049
0.009231
0.009641
0.009487
0.009418
0.010354
0.009193
0.009551
0.009251
0.009389
0.009539
0.009345
0.009492
0.009457
0.009276
0.010557
0.009647
0.00945
0.009933
0.009252
0.009404
0.009936
0.009179
0.009473
0.009249
0.00985
0.009403
0.009285
0.009369
0.009293
0.009287
0.009467
0.02109
0.012996
0.01045
0.010846
0.01012
0.009601
0.01073
0.020404
0.012292
0.009833
0.009895
0.009747
0.009508
0.009416
0.010544
0.019427
0.012061
0.009493
0.009597
0.010698
0.009609
0.00962
0.009684
0.009662
0.010159
0.010017
0.009564
0.009333
0.009566
0.010052
0.009379
0.010234
0.009957
0.009682
0.009389
0.010021
0.009821
0.009657
0.009836
0.010521
0.009502
0.009371
0.009548
0.009544
0.012933
0.012098
0.010601
0.010434
0.010426
0.009383
0.009467
0.009442
0.009435
0.009651
0.009569
0.009435
0.009748
0.009511
0.009979
0.009588
0.009415
0.009946
0.009492
0.009398
0.010357
0.009739
0.010207
0.019986
0.011661
0.009939
0.010232
0.009476
0.00966
0.009393
0.010525
0.009569
0.01001
0.009896
0.009723
0.010041
NaN
NaN
NaN
NaN
0.000259
0.24194
0.010932
0.011674
0.010885
0.011876
0.010449
0.011761
NaN
NaN
NaN
NaN
0.00017
0.23263
0.010535
0.010554
0.021024
0.01301
0.011006
0.010272
0.010336
0.009903
0.010031
0.010017
0.009883
0.009924
0.009871
0.010366
0.010193
NaN
NaN
NaN
