1.0009
0.13788
0.069194
0.051175
0.076541
NaN
0.069008
0.039502
0.042895
0.036078
0.020381
0.016626
0.025084
0.017032
0.015984
0.03647
0.028353
0.015946
0.015675
0.015094
0.016057
0.037326
0.014962
0.01578
0.014941
0.014775
0.019471
0.041158
0.019901
0.014413
0.016758
0.023027
0.017348
0.037828
0.016489
0.022695
0.019046
0.014995
0.021804
0.03406
0.027074
0.014423
0.014455
0.015308
0.014804
0.031728
0.014238
0.014205
0.014269
0.014727
0.014608
0.042368
0.014544
0.014684
0.01913
0.02423
0.024212
0.03549
NaN
NaN
NaN
NaN
1.014
0.13552
0.071077
0.060855
0.086932
NaN
0.06971
0.040549
0.039125
0.03943
0.029101
0.014791
0.022175
NaN
NaN
NaN
NaN
1.0761
0.13162
0.061639
0.049502
0.075527
NaN
0.066932
0.03536
0.040717
0.036904
0.020521
0.01555
0.015207
0.015873
0.017762
0.037709
0.022022
0.024123
0.015652
0.020737
0.017906
0.041741
0.014112
0.015021
0.013904
0.014762
0.014545
0.034491
0.015683
0.014495
0.021755
0.022627
0.024264
0.03635
0.032031
0.022233
0.015906
0.015582
0.015615
0.042649
0.014724
0.022527
0.023264
0.016874
0.014292
0.041867
0.01487
0.015389
0.01547
0.015046
0.015466
0.03224
0.017953
0.016165
0.025964
0.024681
0.01572
0.03234
0.015598
0.033208
0.015774
0.015233
0.013683
0.032274
0.015499
0.014596
0.015891
0.015156
0.015446
0.032752
0.016742
0.027014
0.020686
0.014593
0.017053
0.030767
0.013518
0.023184
0.013694
0.013838
0.015141
0.042387
0.013827
0.014869
0.013402
0.014516
0.014594
0.031914
0.013818
0.029399
0.015587
0.015201
0.015778
0.050203
0.016216
0.016267
0.015405
0.015157
0.016543
0.037897
0.015507
0.014916
0.015536
0.01461
0.027998
0.029718
0.015121
0.01441
0.014821
0.015273
0.02187
0.029762
0.015542
0.02704
0.014951
0.020265
0.015587
0.045128
0.017802
0.018593
0.02003
0.015611
0.014759
0.031214
0.015735
0.015637
0.015279
0.019638
0.014506
0.029245
0.01457
0.014514
0.014248
0.014698
0.016702
0.045631
0.015701
0.016028
0.015389
0.015186
0.015935
0.037378
0.016332
0.015666
0.0251
0.025501
0.014414
0.03283
0.016023
0.018722
0.015836
0.015133
0.014365
0.03402
0.019463
0.015063
0.015574
0.014964
0.015739
0.031648
0.015314
0.016694
0.014405
0.015087
0.015443
0.0316
0.014984
0.015692
0.015146
0.014381
0.015972
0.03093
0.013835
0.014015
0.015095
0.01498
0.014445
0.037417
0.027302
0.015272
0.015615
0.015225
0.014036
0.030527
0.014051
0.014997
0.015221
0.015382
0.014043
0.041408
0.015477
0.015542
0.018055
0.013819
0.015132
0.03705
0.017529
0.025199
0.016647
0.015632
0.01543
0.032028
0.015512
0.024396
0.024
0.014912
0.015028
0.030287
0.023557
0.014833
0.013943
0.014111
0.014471
0.0367
0.027536
0.014388
0.014643
0.018015
0.014642
0.03446
0.013891
0.013706
0.015408
0.013638
0.014675
0.03077
0.013992
0.014412
0.013674
0.013921
0.014444
0.035333
0.024806
0.023516
0.013974
0.014121
0.013885
0.042781
0.016339
0.01604
0.023905
0.014357
0.013869
0.030181
0.014909
0.026375
0.014399
0.021614
0.014378
0.03351
0.014689
0.014636
0.019433
0.014818
0.016657
0.031561
0.021497
0.016371
0.014739
0.015094
0.014166
0.030212
0.018457
0.015503
0.013613
0.014164
0.014523
0.028738
0.014444
0.01437
0.013658
0.026456
0.023174
0.03287
0.018142
NaN
NaN
NaN
NaN
1.0381
0.13051
0.071227
0.052064
0.075219
NaN
0.061902
0.033357
0.032476
0.03263
0.01926
0.013971
0.014001
0.019378
0.024162
0.048354
0.013244
0.013627
0.015436
