0.000157,9e-05,0.000165,0.000139,0.000138,0.000134,0.000197,0.000142,0.00014,0.00014,0.000165,9.8e-05,0.000207,0.000144,0.000294
0.60189,0.59776,0.61345,0.6202,0.61406,0.61427,0.61121,0.60519,0.6023,0.60988,0.61775,0.60001,0.60418,0.60143,0.62748
0.015048,0.014651,0.015537,0.015548,0.015058,0.015052,0.015196,0.01537,0.015018,0.015131,0.014832,0.015092,0.015077,0.015097,0.015268
0.014458,0.015013,0.015184,0.015037,0.016892,0.014906,0.014574,0.014585,0.014812,0.014527,0.01564,0.014624,0.01491,0.014854,0.015828
0.014611,0.014755,0.014937,0.014662,0.017854,0.015097,0.015278,0.015277,0.014817,0.014389,0.014728,0.014706,0.014576,0.01495,0.015159
0.014614,0.015047,0.01501,0.017518,0.014876,0.015007,0.015796,0.014883,0.01487,0.015198,0.01533,0.014902,0.015155,0.014682,0.014863
0.015239,0.014746,0.01567,0.015019,0.015726,0.015533,0.015177,0.014989,0.014957,0.014972,0.015511,0.014808,0.015191,0.01569,0.014825
0.026667,0.027094,0.028008,0.026936,0.026557,0.027309,0.028109,0.027008,0.026212,0.026224,0.027051,0.027071,0.027373,0.026468,0.028069
0.029088,0.030157,0.030158,0.027341,0.032092,0.030795,0.030422,0.030899,0.029498,0.03017,0.029719,0.03011,0.030342,0.029999,0.031498
0.027705,0.029179,0.027277,0.026357,0.030119,0.026832,0.030675,0.028119,0.026829,0.02794,0.027876,0.027222,0.030126,0.027416,0.028413
0.030877,0.030408,0.029388,0.031991,0.030858,0.034587,0.030225,0.032776,0.031233,0.031214,0.030941,0.031331,0.030435,0.030887,0.033181
0.0198,0.019728,0.024194,0.023645,0.020571,0.02045,0.020416,0.019258,0.01994,0.020645,0.020865,0.019904,0.020373,0.020054,0.017366
0.09782,0.090886,0.087368,0.096608,0.089027,0.086704,0.088693,0.089767,0.08728,0.090582,0.089318,0.095945,0.094367,0.087142,0.080471
0.02029,0.019112,0.021139,0.026313,0.02289,0.026185,0.01714,0.02628,0.026434,0.020276,0.020131,0.025977,0.024233,0.019354,0.018667
0.01624,0.016248,0.016831,0.019269,0.016395,0.016508,0.016988,0.016864,0.016526,0.015911,0.01677,0.01682,0.016592,0.016319,0.017842
0.016576,0.016187,0.016841,0.016868,0.018592,0.016516,0.016494,0.016478,0.01604,0.016334,0.016291,0.016303,0.016581,0.016185,0.01671
0.015882,0.016057,0.017006,0.016207,0.015472,0.016358,0.017157,0.01596,0.015345,0.016359,0.016642,0.015868,0.015606,0.016211,0.015658
0.015495,0.015574,0.015715,0.019496,0.015207,0.015778,0.015399,0.015934,0.015466,0.016002,0.016209,0.015328,0.015444,0.015989,0.01682
0.015455,0.015953,0.015824,0.017335,0.015893,0.015646,0.015931,0.016012,0.015406,0.016265,0.015529,0.015928,0.016047,0.016055,0.015935
0.016704,0.016315,0.016752,0.017987,0.019155,0.016134,0.016445,0.016689,0.016401,0.017781,0.016728,0.016677,0.015974,0.016484,0.016807
0.016755,0.016824,0.016518,0.016597,0.016833,0.016488,0.017729,0.017016,0.016545,0.016607,0.01661,0.016349,0.0166,0.016817,0.016823
0.016712,0.016581,0.01741,0.017022,0.017452,0.016782,0.01696,0.016793,0.0167,0.016619,0.016928,0.016719,0.016434,0.016545,0.017519
0.016763,0.01682,0.017089,0.016744,0.016671,0.016815,0.018941,0.017144,0.016786,0.016703,0.017163,0.016729,0.016689,0.016765,0.016861
0.016,0.015784,0.015892,0.016478,0.017223,0.016921,0.015954,0.016707,0.016432,0.016048,0.015835,0.01572,0.01603,0.016018,0.016416
0.01632,0.016028,0.0165,0.0165,0.016241,0.016624,0.016323,0.016759,0.016102,0.016348,0.015877,0.016003,0.016373,0.017253,0.016956
0.016657,0.016867,0.01769,0.016494,0.016532,0.016545,0.016597,0.017151,0.017006,0.016535,0.016933,0.018009,0.016405,0.016396,0.017383
0.016715,0.016877,0.017312,0.017141,0.017227,0.016866,0.01693,0.018011,0.0169,0.017123,0.016872,0.017527,0.017031,0.016904,0.018236
0.017124,0.016858,0.01754,0.017189,0.017789,0.017588,0.017101,0.017932,0.01682,0.016725,0.017652,0.017249,0.017057,0.017,0.017632
0.017063,0.017009,0.01777,0.017305,0.017854,0.017527,0.017026,0.020648,0.017249,0.01725,0.017741,0.016894,0.017199,0.017402,0.017188
0.017243,0.01645,0.016766,0.01642,0.016794,0.01624,0.018119,0.016238,0.01616,0.0163,0.016733,0.015863,0.016662,0.01612,0.016627
0.018957,0.017015,0.017097,0.016442,0.018817,0.016447,0.017387,0.016142,0.016339,0.016158,0.016854,0.016718,0.019283,0.016497,0.016475
0.018188,0.016939,0.017575,0.0168,0.017731,0.016922,0.016952,0.016908,0.019843,0.01697,0.01717,0.016978,0.016995,0.016872,0.017397
0.017271,0.017228,0.017128,0.017239,0.018861,0.018038,0.017359,0.016655,0.016906,0.017152,0.017236,0.017283,0.017475,0.017199,0.017414
0.017217,0.016911,0.017692,0.017199,0.017163,0.017647,0.01854,0.017413,0.017056,0.017115,0.01786,0.017452,0.017199,0.01685,0.017359
0.016797,0.016836,0.017028,0.016909,0.017212,0.018028,0.020558,0.016792,0.017873,0.017619,0.017239,0.016937,0.016951,0.017253,0.018558
0.016062,0.01635,0.017096,0.016593,0.016475,0.016714,0.016391,0.016089,0.016104,0.016138,0.016357,0.016339,0.016418,0.016055,0.017096
0.016167,0.016266,0.016627,0.016414,0.016028,0.01651,0.016305,0.015987,0.01633,0.017043,0.016737,0.016737,0.016251,0.016135,0.016871
0.017016,0.016466,0.017223,0.016826,0.016812,0.017456,0.017038,0.01616,0.01687,0.016765,0.017205,0.017283,0.016955,0.016557,0.017648
0.017148,0.017129,0.018029,0.017167,0.017574,0.017476,0.019744,0.017051,0.01695,0.017073,0.017658,0.017317,0.016837,0.017304,0.016871
0.018315,0.016819,0.017637,0.016998,0.016751,0.019224,0.019367,0.019916,0.016686,0.017116,0.017738,0.016845,0.017011,0.017023,0.017536
0.016081,0.016836,0.016889,0.017137,0.016982,0.017208,0.018441,0.016809,0.017261,0.016787,0.017008,0.016907,0.016918,0.017069,0.017099
0.016355,0.016292,0.016585,0.019618,0.016155,0.016206,0.016217,0.015925,0.016088,0.016213,0.016263,0.016164,0.018694,0.016296,0.016027
0.019188,0.016116,0.017414,0.016461,0.016595,0.016289,0.017339,0.016149,0.016607,0.016022,0.016384,0.016838,0.016134,0.016215,0.016507
0.017018,0.016856,0.017118,0.017225,0.017077,0.01703,0.017331,0.016964,0.017317,0.017299,0.017058,0.016766,0.016773,0.016909,0.01695
0.017249,0.017259,0.017728,0.017241,0.017331,0.017247,0.020043,0.017422,0.016935,0.017192,0.017099,0.017258,0.017399,0.017104,0.017504
0.016984,0.017045,0.017714,0.017311,0.016778,0.017061,0.01769,0.017205,0.016842,0.017006,0.017206,0.017149,0.017309,0.017105,0.017414
0.016961,0.017203,0.01748,0.016957,0.01745,0.017439,0.018185,0.019028,0.017086,0.017002,0.017009,0.016944,0.017295,0.017189,0.017481
0.016545,0.016102,0.016394,0.016503,0.019206,0.016586,0.016057,0.015917,0.016084,0.017034,0.016567,0.016334,0.016334,0.01668,0.016495
0.016406,0.016355,0.016336,0.016913,0.016547,0.016182,0.016255,0.01608,0.016484,0.01743,0.016292,0.016148,0.019266,0.016468,0.026928
0.018812,0.017183,0.016954,0.016848,0.017422,0.016949,0.018089,0.016884,0.016307,0.017296,0.016751,0.016659,0.01724,0.016945,0.01724
0.017589,0.017045,0.017807,0.016841,0.017507,0.017035,0.017076,0.020025,0.017069,0.017072,0.017083,0.01709,0.017493,0.016943,0.016972
0.01701,0.016644,0.017089,0.017115,0.018942,0.01697,0.017723,0.017143,0.017885,0.017224,0.017391,0.017231,0.016749,0.017121,0.0171
0.016094,0.017297,0.017322,0.017192,0.018748,0.01708,0.016956,0.017082,0.018257,0.01723,0.016888,0.016918,0.017137,0.017218,0.016799
0.018659,0.016055,0.016459,0.016377,0.016023,0.016224,0.01604,0.016255,0.016134,0.015938,0.01642,0.015986,0.018405,0.016163,0.016131
0.015926,0.015774,0.016244,0.016374,0.015921,0.016084,0.01614,0.01795,0.016418,0.015839,0.016127,0.016016,0.01599,0.018693,0.015718
0.016861,0.016968,0.016633,0.016848,0.017166,0.016477,0.016841,0.016768,0.016373,0.019244,0.01636,0.016793,0.016238,0.016878,0.016347
0.016954,0.020092,0.017687,0.016527,0.016774,0.016987,0.016673,0.019737,0.016545,0.016764,0.016843,0.016913,0.016743,0.01708,0.016604
0.019537,0.016792,0.017034,0.016922,0.016968,0.017817,0.017184,0.019137,0.016778,0.017014,0.017052,0.016684,0.01821,0.01706,0.016778
0.016798,0.016845,0.017277,0.016936,0.016683,0.016676,0.016706,0.016498,0.016781,0.018999,0.016485,0.016658,0.016562,0.018818,0.01664
0.016794,0.020968,0.01589,0.01563,0.015786,0.015649,0.015791,0.018063,0.015591,0.016154,0.016108,0.015907,0.020715,0.015591,0.015624
0.017812,0.015698,0.015779,0.015872,0.016578,0.016286,0.01571,0.016283,0.01611,0.015904,0.015657,0.015345,0.016284,0.015839,0.015878
0.019409,0.016235,0.016526,0.016356,0.017093,0.016756,0.017545,0.018562,0.01621,0.016402,0.016647,0.01655,0.018301,0.016083,0.016446
0.017601,0.016522,0.017088,0.016672,0.016674,0.016625,0.016569,0.017003,0.016475,0.016819,0.0172,0.016764,0.017017,0.016537,0.016902
0.018347,0.016897,0.016931,0.016639,0.016791,0.016554,0.016993,0.016865,0.01632,0.016881,0.016873,0.016523,0.017207,0.016644,0.016576
0.018921,0.016268,0.017009,0.016704,0.016497,0.016337,0.016458,0.016542,0.017666,0.016715,0.017013,0.016718,0.018616,0.016821,0.016412
0.016445,0.015663,0.016171,0.01548,0.018697,0.015625,0.016754,0.015752,0.015855,0.015471,0.01621,0.015796,0.016282,0.015289,0.015512
0.016092,0.015513,0.015811,0.015926,0.017293,0.015707,0.016657,0.015947,0.015958,0.015807,0.015675,0.015727,0.016299,0.015751,0.016145
0.017668,0.016016,0.016752,0.016488,0.016144,0.01636,0.017169,0.016067,0.016252,0.016685,0.016728,0.016339,0.016449,0.016066,0.015851
0.016353,0.016707,0.017477,0.016554,0.015953,0.016411,0.016536,0.016436,0.016594,0.016448,0.017395,0.016892,0.017068,0.016888,0.01666
0.016348,0.016642,0.016745,0.016575,0.016592,0.016382,0.017251,0.016429,0.016687,0.016857,0.016739,0.016504,0.016787,0.016542,0.016345
0.01639,0.016348,0.017205,0.016625,0.01904,0.016136,0.016508,0.01641,0.016592,0.017521,0.019269,0.016774,0.016584,0.016775,0.016578
0.015378,0.016089,0.016065,0.015824,0.015684,0.015403,0.016191,0.015339,0.020823,0.015287,0.015699,0.016216,0.015834,0.015616,0.018446
0.016086,0.015798,0.018291,0.01588,0.016345,0.0155,0.016181,0.015875,0.015394,0.015995,0.015825,0.015371,0.015967,0.015851,0.016213
0.016109,0.01618,0.017106,0.016529,0.016037,0.016021,0.016605,0.016607,0.015981,0.016346,0.016151,0.016268,0.016297,0.016457,0.016648
0.016438,0.016727,0.016858,0.016362,0.016569,0.016424,0.016816,0.016566,0.016611,0.016679,0.019908,0.019383,0.016861,0.016379,0.019945
0.01659,0.016848,0.017048,0.016469,0.017616,0.016753,0.016824,0.016804,0.018084,0.017437,0.016811,0.016677,0.016661,0.016727,0.0169
0.01648,0.017228,0.019318,0.016727,0.017366,0.017048,0.01706,0.016118,0.017075,0.020113,0.016644,0.016548,0.016559,0.019063,0.016622
0.015446,0.019342,0.016065,0.015749,0.015488,0.015707,0.015831,0.015438,0.015875,0.016378,0.015694,0.019175,0.016131,0.015619,0.016137
0.01593,0.016752,0.016621,0.015816,0.015773,0.015498,0.016104,0.016044,0.015643,0.015985,0.015665,0.016155,0.016177,0.016094,0.015931
0.01642,0.016329,0.016514,0.017128,0.016411,0.016442,0.016627,0.016274,0.01678,0.016034,0.01647,0.016933,0.016477,0.01658,0.016588
0.016771,0.016835,0.016714,0.016599,0.016582,0.016764,0.018091,0.016816,0.01934,0.017265,0.016357,0.016797,0.016327,0.016787,0.016805
0.016783,0.017075,0.017201,0.016711,0.016619,0.016732,0.017319,0.016711,0.018867,0.017096,0.016372,0.016744,0.016727,0.016895,0.016715
0.016681,0.016942,0.016642,0.016664,0.016885,0.016683,0.01646,0.016606,0.017861,0.017297,0.016284,0.016753,0.016364,0.016834,0.016772
0.015688,0.015851,0.016093,0.015857,0.016182,0.015778,0.016124,0.016212,0.015594,0.01616,0.015647,0.015802,0.016031,0.015864,0.015555
0.015886,0.016261,0.016304,0.015812,0.015692,0.0156,0.017275,0.015697,0.018284,0.016102,0.015491,0.015759,0.016096,0.016018,0.015676
0.016846,0.016649,0.017083,0.016729,0.016117,0.016363,0.01692,0.016813,0.016651,0.016515,0.016553,0.016402,0.016784,0.016813,0.016411
0.016753,0.017194,0.016847,0.017497,0.01678,0.016846,0.017448,0.016766,0.019254,0.016987,0.016557,0.016582,0.016904,0.017123,0.01673
0.017052,0.017295,0.017568,0.016662,0.016376,0.016696,0.017428,0.016572,0.016777,0.016808,0.016239,0.016548,0.016662,0.017342,0.016706
0.016784,0.021013,0.016792,0.016465,0.016613,0.016386,0.018103,0.016448,0.017581,0.017648,0.016663,0.016749,0.016852,0.01809,0.016807
0.015577,0.01668,0.016064,0.015799,0.016307,0.015633,0.018326,0.01554,0.015908,0.016399,0.015655,0.016143,0.015969,0.016279,0.016021
0.015723,0.016318,0.016099,0.015954,0.016327,0.015883,0.017068,0.015823,0.015447,0.016605,0.015854,0.016143,0.015997,0.016451,0.015942
0.016501,0.01716,0.016344,0.016896,0.016307,0.016557,0.018163,0.016507,0.016509,0.016992,0.017131,0.016842,0.016921,0.017327,0.016994
0.016895,0.017136,0.017089,0.017228,0.016785,0.016595,0.01754,0.016988,0.016667,0.017927,0.020247,0.01672,0.017037,0.017654,0.018773
0.016677,0.017484,0.019722,0.01753,0.01691,0.017203,0.017667,0.016781,0.017138,0.017999,0.016696,0.016672,0.016796,0.017445,0.025748
0.017325,0.017218,0.018549,0.01665,0.016782,0.017138,0.018505,0.016629,0.017218,0.017147,0.01667,0.017181,0.016998,0.016887,0.016044
0.016567,0.018091,0.016677,0.015884,0.016277,0.015797,0.01659,0.016318,0.015963,0.017585,0.016153,0.01688,0.01619,0.019985,0.015606
0.017439,0.016701,0.016437,0.016281,0.01579,0.015972,0.01683,0.016021,0.015807,0.016602,0.016209,0.016296,0.016006,0.017143,0.016733
0.016715,0.01737,0.016778,0.016685,0.016701,0.0165,0.018115,0.016513,0.016459,0.017683,0.016385,0.016593,0.01673,0.017609,0.016838
0.016856,0.017987,0.017568,0.016735,0.016751,0.016785,0.017526,0.01734,0.01669,0.01784,0.016483,0.016722,0.017149,0.017642,0.017246
0.016609,0.01828,0.017687,0.017409,0.016871,0.016882,0.017766,0.017313,0.016908,0.018084,0.016775,0.017002,0.017086,0.01936,0.016743
0.016708,0.018865,0.016282,0.017155,0.01672,0.016999,0.018024,0.016978,0.01729,0.017622,0.016609,0.017405,0.016938,0.017191,0.017095
0.015954,0.016814,0.016483,0.016159,0.016494,0.016231,0.017575,0.015859,0.015955,0.017167,0.015915,0.016095,0.01694,0.016998,0.015927
0.015836,0.016968,0.01638,0.016415,0.015935,0.015781,0.017071,0.016108,0.016014,0.017261,0.015943,0.016251,0.01658,0.016956,0.016073
0.016579,0.020429,0.016535,0.016724,0.016295,0.016643,0.018101,0.016681,0.016486,0.020555,0.017745,0.016714,0.016757,0.020633,0.018065
0.016712,0.018221,0.017051,0.016919,0.017634,0.016654,0.019108,0.016746,0.016819,0.019474,0.017709,0.016701,0.017091,0.018353,0.017322
0.016676,0.019079,0.018336,0.01693,0.016998,0.016866,0.018303,0.016719,0.0168,0.018666,0.016995,0.016762,0.016785,0.020139,0.016811
0.016818,0.018527,0.016775,0.016725,0.017079,0.016622,0.016768,0.016656,0.017114,0.018045,0.016509,0.016852,0.016822,0.016977,0.016767
0.016122,0.017472,0.016728,0.015694,0.016665,0.015902,0.017348,0.015681,0.01609,0.018563,0.0155,0.017125,0.016201,0.019102,0.015437
0.016113,0.019968,0.015973,0.016033,0.015762,0.015748,0.016362,0.015482,0.016281,0.017613,0.016293,0.015743,0.015669,0.017215,0.015688
0.016733,0.01768,0.016759,0.01664,0.019158,0.016378,0.016992,0.016503,0.016854,0.019972,0.016462,0.016464,0.01638,0.01807,0.016718
0.016334,0.019814,0.017127,0.016639,0.01848,0.016525,0.017723,0.016793,0.016799,0.02049,0.016491,0.01629,0.016539,0.019433,0.017133
0.016746,0.017564,0.016964,0.016718,0.018157,0.016842,0.018661,0.016672,0.016731,0.018012,0.019628,0.016692,0.016709,0.017984,0.018214
0.016007,0.017809,0.018868,0.016698,0.01722,0.017079,0.017397,0.016554,0.017085,0.017198,0.016162,0.016659,0.016699,0.017925,0.01671
0.015888,0.017283,0.016284,0.016178,0.015519,0.015926,0.017671,0.015631,0.01584,0.016788,0.015734,0.015939,0.016022,0.01711,0.015948
0.015859,0.016843,0.016071,0.015729,0.015835,0.016304,0.026587,0.015778,0.01549,0.017703,0.01604,0.01758,0.015845,0.017,0.01594
0.016996,0.017806,0.016552,0.016757,0.016656,0.016773,0.018094,0.0163,0.015896,0.017415,0.019454,0.016383,0.016798,0.017233,0.019046
0.016794,0.01791,0.017276,0.017258,0.018504,0.016498,0.018243,0.016554,0.016753,0.017451,0.01644,0.016499,0.016688,0.017444,0.017006
0.016723,0.017344,0.017227,0.01661,0.017054,0.016865,0.01721,0.01681,0.016639,0.01731,0.016878,0.01675,0.016917,0.017516,0.016803
0.016907,0.017215,0.017237,0.016291,0.017949,0.016762,0.017455,0.016718,0.017006,0.017569,0.016734,0.016578,0.017186,0.017405,0.016467
0.016126,0.016638,0.01637,0.015939,0.015824,0.016531,0.016557,0.016071,0.01603,0.016913,0.019597,0.017847,0.016321,0.016756,0.018484
0.016005,0.016403,0.017808,0.015909,0.015938,0.016596,0.017221,0.016162,0.015971,0.016541,0.016055,0.016188,0.016186,0.016751,0.016189
0.016701,0.017445,0.017103,0.016976,0.016597,0.01695,0.017305,0.016421,0.016594,0.016984,0.018604,0.016339,0.016635,0.017289,0.019346
0.017014,0.017682,0.019716,0.016942,0.01648,0.017161,0.017745,0.016787,0.016797,0.017856,0.020967,0.016829,0.016997,0.017525,0.019322
0.016942,0.017614,0.018762,0.016954,0.017042,0.017143,0.017836,0.01681,0.017632,0.017722,0.017742,0.018704,0.017064,0.017392,0.019056
0.016975,0.017604,0.018336,0.016875,0.018125,0.01695,0.017573,0.016757,0.017121,0.017594,0.018458,0.019228,0.016888,0.016803,0.024723
0.017157,0.016473,0.017367,0.015992,0.015639,0.015949,0.016419,0.01588,0.016157,0.01665,0.016153,0.018123,0.01609,0.016876,0.016239
0.015949,0.01683,0.01642,0.016294,0.015643,0.01582,0.016626,0.015995,0.015987,0.017353,0.017311,0.016591,0.015943,0.01665,0.018221
0.016574,0.017593,0.01962,0.016949,0.016747,0.016287,0.016922,0.016487,0.016198,0.017567,0.01621,0.018327,0.016618,0.017117,0.016765
0.016809,0.018098,0.01758,0.017098,0.017216,0.016828,0.017636,0.016804,0.016571,0.017845,0.016647,0.018173,0.017084,0.017758,0.01702
0.017066,0.017864,0.01749,0.017052,0.017406,0.017016,0.017183,0.016876,0.017068,0.0179,0.016591,0.019156,0.01699,0.017721,0.017145
0.016574,0.017662,0.017376,0.017107,0.016635,0.016691,0.017008,0.017059,0.016749,0.018328,0.017083,0.018927,0.01709,0.018005,0.027751
0.015884,0.017177,0.01633,0.016275,0.015492,0.016152,0.016378,0.015647,0.015979,0.016844,0.016237,0.016439,0.01608,0.017355,0.016289
0.016156,0.017163,0.016171,0.015746,0.016063,0.01645,0.016712,0.015727,0.015811,0.01834,0.016248,0.015954,0.016159,0.016962,0.016122
0.016705,0.017397,0.016607,0.01665,0.01699,0.016492,0.017106,0.01648,0.016388,0.017611,0.016654,0.016608,0.016497,0.017694,0.016246
0.016853,0.017801,0.01756,0.016704,0.016479,0.017032,0.016832,0.016653,0.016701,0.017549,0.016844,0.017235,0.016778,0.017566,0.016281
0.016771,0.018222,0.017391,0.016696,0.017382,0.016681,0.01726,0.016428,0.016896,0.017567,0.016854,0.01685,0.017206,0.017579,0.016482
0.016658,0.017919,0.017273,0.018083,0.016734,0.01679,0.017749,0.016641,0.017053,0.017962,0.016948,0.017035,0.016982,0.017485,0.016667
0.016243,0.017037,0.016008,0.01606,0.015614,0.015795,0.0167,0.015952,0.016352,0.017032,0.015701,0.016479,0.016006,0.016997,0.015745
0.0161,0.017108,0.01597,0.016033,0.015921,0.015981,0.016435,0.015963,0.015816,0.016929,0.016126,0.015847,0.016106,0.016703,0.015652
0.016725,0.017701,0.016756,0.016576,0.018595,0.016533,0.017244,0.016875,0.016718,0.017307,0.01671,0.016599,0.016643,0.01767,0.016432
0.017071,0.018117,0.017268,0.018944,0.016883,NaN,0.017636,0.017136,0.017024,0.017522,0.016727,0.016995,0.016853,0.017374,0.016568
0.016914,0.018157,0.017881,NaN,NaN,NaN,0.018,0.017236,NaN,0.017511,NaN,0.017129,0.017276,0.017849,NaN
0.017226,0.017251,0.017528,NaN,NaN,NaN,0.017664,0.017556,NaN,0.017876,NaN,0.017095,0.017315,0.016751,NaN
0.016281,0.017758,0.016559,NaN,NaN,NaN,0.016857,0.016564,NaN,0.016595,NaN,0.016225,0.016561,0.016565,NaN
0.016497,0.017349,0.016702,NaN,NaN,0.000171,0.016909,0.016572,NaN,0.017685,NaN,0.015626,0.016345,0.017146,NaN
0.016919,0.017264,0.016904,0.000121,0.000177,0.61373,0.017279,0.016963,0.000184,0.017959,0.000141,0.016674,0.016825,0.018109,0.000135
0.017648,0.017763,0.017745,0.60484,0.60912,0.015279,0.017798,0.016975,0.60823,0.01783,0.61315,0.016956,0.016857,0.017829,0.60194
0.016708,0.017893,0.017339,0.014968,0.014913,0.014845,0.017909,0.01711,0.014837,0.018167,0.015893,0.017226,0.016909,0.018008,0.015476
0.016703,0.017748,0.017472,0.0146,0.014826,0.015114,0.017751,0.016885,0.014602,0.017475,0.014816,0.017309,0.016793,0.017412,0.014783
0.015885,0.016997,0.016547,0.01499,0.014905,0.015132,0.016489,0.016112,0.014781,0.016629,0.015103,0.016097,0.01637,0.016713,0.014682
0.01599,0.016731,0.016874,0.014588,0.015055,0.015596,0.016946,0.015627,0.017608,0.016838,0.014766,0.015609,0.016259,0.016492,0.014959
0.016246,0.017467,0.016955,0.015078,0.015423,0.025474,0.017058,0.016348,0.015593,0.017475,0.014742,0.016833,0.016575,0.017593,0.015139
0.017368,0.018111,0.017195,0.026046,0.02702,0.035369,0.017738,0.016456,0.023554,0.018302,0.027342,0.017221,0.016671,0.017821,0.026818
0.01688,0.017696,0.017259,0.031239,0.0303,0.031876,0.017945,0.016361,0.03311,0.017638,0.029851,0.017106,0.016789,0.01787,0.03047
0.017949,0.017866,0.016892,0.026568,0.027501,0.031849,0.017775,0.01671,0.036265,0.017158,0.030743,0.016652,0.016703,0.017545,0.031445
NaN,0.017218,0.016019,0.029599,0.030754,0.022062,0.017181,NaN,0.032717,0.016813,0.031927,NaN,NaN,0.016887,0.031592
NaN,0.016894,0.015937,0.023024,0.020685,0.087481,0.017025,NaN,0.017049,0.016177,0.018485,NaN,NaN,0.016548,0.020198
NaN,0.017705,0.016951,0.096155,0.095301,0.021297,0.016989,NaN,0.086001,0.017698,0.09549,NaN,NaN,0.017621,0.095865
NaN,NaN,0.017101,0.022928,0.019664,0.01656,NaN,NaN,0.019088,NaN,0.026088,NaN,NaN,NaN,0.025847
0.000176,NaN,0.016898,0.016195,0.016174,0.017117,NaN,0.000165,0.016306,NaN,0.016234,0.000173,0.000144,NaN,0.016805
0.61895,NaN,0.01633,0.016317,0.016511,0.016334,NaN,0.61996,0.016014,NaN,0.016498,0.60226,0.62715,NaN,0.016579
0.014005,NaN,0.015776,0.016354,0.016831,0.015713,NaN,0.013939,0.017339,NaN,0.015983,0.014014,0.014559,NaN,0.016168
0.014128,0.001359,0.015802,0.015434,0.015666,0.016136,0.000204,0.014071,0.015815,0.000242,0.015275,0.014425,0.014111,0.000136,0.015946
0.014336,0.60871,0.016734,0.015859,0.015596,0.01684,0.61235,0.014098,0.01572,0.62589,0.015569,0.014349,0.014761,0.61376,0.016327
0.014025,0.0143,0.017132,0.016529,0.016644,0.016989,0.014196,0.014004,0.016895,0.023837,0.016402,0.015677,0.014242,0.01787,0.017281
0.014422,0.016465,0.016837,0.017046,0.018145,0.017231,0.014051,0.014746,0.016849,0.013927,0.016441,0.014793,0.014611,0.014399,0.016967
0.021954,0.01414,0.017073,0.017089,0.017052,0.017543,0.014387,0.022141,0.016545,0.014345,0.01667,0.025439,0.025662,0.017162,0.016476
0.029574,0.01417,0.015993,0.016669,0.016839,0.016575,0.014657,0.025708,0.017222,0.014187,0.016505,0.03379,0.030822,0.015065,0.018572
0.022257,0.015061,0.015761,0.015982,0.015916,0.016449,0.014531,0.022805,0.016002,0.016943,0.018663,0.024892,0.026142,0.015006,0.017122
0.030498,0.02702,0.016488,0.015776,0.016277,0.017138,0.026658,0.025507,0.016102,0.025929,0.015908,0.026628,0.030535,0.028097,0.016491
0.024936,0.03002,0.016796,0.016777,0.016782,0.017555,0.030644,0.03053,0.017013,0.025945,0.016655,0.025652,0.020085,0.030862,0.016747
0.096153,0.030176,0.016572,0.017436,0.017636,0.017265,0.027113,0.10037,0.017052,0.028207,0.01704,0.10025,0.088323,0.033459,0.017726
0.023888,0.038408,0.01677,0.017214,0.017667,0.017439,0.03168,0.023105,0.017643,0.031451,0.017147,0.020823,0.020087,0.031812,0.017761
0.015449,0.024883,0.015952,0.017513,0.017471,0.017051,0.020155,0.015607,0.017704,0.022621,0.017352,0.015698,0.015517,0.023741,0.016796
0.015285,0.088574,0.015684,0.016606,0.016479,0.016807,0.089339,0.015468,0.017422,0.097688,0.016466,0.015682,0.015315,0.089252,0.020647
0.015685,0.023209,0.016462,0.016435,0.017109,0.01776,0.021514,0.015779,0.017483,0.024278,0.019745,0.015662,0.014998,0.023996,0.016695
0.014879,0.015582,0.016806,0.017551,0.017767,0.01803,0.015765,0.01557,0.017653,0.016026,0.017036,0.01438,0.014712,0.016719,0.017284
0.015136,0.015718,0.016618,0.017186,0.017994,0.019174,0.015516,0.015194,0.017362,0.016291,0.017366,0.01511,0.014979,0.016037,0.018424
0.015565,0.015628,0.016855,0.017498,0.017969,0.016892,0.015738,0.015806,0.01798,0.015719,0.017398,0.01543,0.01573,0.015212,0.020434
0.01594,0.015439,0.01591,0.016906,0.018505,0.017113,0.014852,0.015476,0.017998,0.015272,0.020153,0.016125,0.016238,0.015317,0.017412
0.015735,0.01536,0.015867,0.01641,0.01674,0.016602,0.015454,0.015997,0.016296,0.015418,0.01651,0.021003,0.015961,0.015052,0.01666
0.016125,0.015349,0.01658,0.016469,0.016625,0.017652,0.015949,0.015964,0.016794,0.016213,0.016344,0.016792,0.016232,0.015718,0.016634
0.015721,0.015746,0.016681,0.017339,0.017491,0.018246,0.016532,0.015739,0.017821,0.015838,0.017479,0.015161,0.015106,0.016168,0.017114
0.01518,0.016258,0.016775,0.017725,0.017843,0.017603,0.016194,0.015319,0.017566,0.016306,0.020741,0.015566,0.015544,0.016402,0.020374
0.016746,0.016025,0.016689,0.017449,0.017887,0.018508,0.016559,0.015965,0.017659,0.016177,0.017625,0.016361,0.016271,0.016022,0.020668
0.016689,0.015727,0.015992,0.017652,0.017401,0.017316,0.01561,0.016646,0.017748,0.015889,0.020723,0.017242,0.016566,0.015683,0.019807
0.016806,0.016158,0.015683,0.016453,0.016727,0.017616,0.01584,0.016731,0.016566,0.01535,0.017503,0.01678,0.016825,0.015449,0.016621
0.016625,0.016497,0.016881,0.016671,0.016744,0.018247,0.017449,0.01666,0.016679,0.016546,0.020585,0.017016,0.017176,0.016137,0.027852
0.01599,0.016387,0.016853,0.017331,0.017408,0.018148,0.017605,0.015827,0.01715,0.016753,0.017191,0.015888,0.015793,0.016453,0.017779
0.016457,0.016366,0.016814,0.017428,0.01783,0.017851,0.016565,0.01592,0.018126,0.016874,0.017571,0.016883,0.016195,0.01677,0.019665
0.016978,0.01634,0.01665,0.017766,0.017475,0.017631,0.016442,0.016196,0.018068,0.016598,0.019765,0.016834,0.017629,0.016616,0.017831
0.017036,0.015839,0.016003,0.017003,0.017797,0.016773,0.015355,0.016839,0.017228,0.015503,0.016989,0.017747,0.017043,0.015585,0.017638
0.018285,0.01618,0.015928,NaN,NaN,NaN,0.01693,0.017106,NaN,0.016164,NaN,0.018042,0.01725,0.015855,NaN
0.016693,0.016539,0.017006,NaN,NaN,NaN,0.016806,0.017048,NaN,0.016995,NaN,0.017744,0.017063,0.017092,NaN
0.01591,0.017017,0.016814,NaN,NaN,NaN,0.016997,0.016355,NaN,0.01714,NaN,0.017475,0.016226,0.0174,NaN
0.016425,0.017497,0.017066,NaN,NaN,NaN,0.01645,0.016008,NaN,0.017702,NaN,0.0167,0.016674,0.017349,NaN
0.016752,0.017115,0.016565,0.000171,0.000675,0.000174,0.017201,0.016664,0.000172,0.017266,0.000145,0.019164,0.01658,0.016956,0.00015
0.016927,0.016304,0.015796,0.60055,0.60533,0.62847,0.015693,NaN,0.62126,0.015885,0.61259,NaN,0.019659,0.016268,0.61117
0.017415,0.016313,0.016253,0.014268,0.014256,0.016629,0.015692,NaN,0.014393,0.016022,0.01443,NaN,0.018475,0.015767,0.014377
0.017686,0.016399,0.017008,0.013821,0.014031,0.014655,0.016726,NaN,0.014354,0.016537,0.014206,NaN,0.017351,0.016583,0.014491
0.016611,0.016579,0.016788,0.013999,0.014036,0.014797,0.016659,NaN,0.013741,0.016647,0.014214,NaN,0.016354,0.017082,0.013687
0.01638,0.01702,0.017059,0.014354,0.014167,0.014672,0.016435,0.000715,0.014213,0.016794,0.014852,0.000142,0.016096,0.016915,0.014209
0.0173,0.016905,0.01671,0.014481,0.014533,0.014675,0.017078,0.61302,0.015457,0.017111,0.015465,0.60118,0.017606,0.016851,0.014935
0.018158,0.01605,0.015629,0.025924,0.022034,0.027075,0.015995,0.014783,0.026672,0.016005,0.026147,0.014782,0.01737,0.016058,0.026943
0.017165,0.015974,0.016106,0.03019,0.029528,0.031769,0.015852,0.014557,0.027625,0.01587,0.02952,0.014354,0.017337,0.015965,0.03145
0.017055,0.016137,0.016339,0.027046,0.02669,0.030582,0.016656,0.014631,0.020551,0.016666,0.030131,0.015099,0.016914,0.016647,0.030266
0.015573,0.016605,0.01663,0.031355,0.03119,0.03113,0.016688,0.014498,0.035182,0.016861,0.031928,0.014705,0.015972,0.018052,0.031528
0.016294,0.016704,0.017183,0.020658,0.024299,0.020521,0.016404,0.015093,0.028663,0.016949,0.022825,0.015075,0.016385,0.017335,0.018353
0.017173,0.016714,0.017107,0.097482,0.10004,0.086946,0.017273,0.027063,0.10393,0.017123,0.087717,0.027069,0.017068,0.017023,0.081945
0.016951,0.016131,0.015638,0.020352,0.021738,0.022571,0.015606,0.030759,0.020973,0.01633,0.021255,0.030327,0.018139,0.016106,0.01951
0.018139,0.016013,0.015808,0.01609,0.016209,0.016251,0.015892,0.030087,0.018698,0.016147,0.016363,0.029975,0.01873,0.016126,0.016335
0.017541,0.016534,0.016552,0.016016,0.016253,0.016478,0.017002,0.03024,0.016692,0.016957,0.016396,0.029909,0.017262,0.016644,0.016223
0.016308,0.016841,0.016641,0.016073,0.015417,0.016023,0.016722,0.020502,0.020143,0.017846,0.015773,0.022991,0.016391,0.017108,0.015285
0.016453,0.017039,0.016665,0.015288,0.015146,0.016565,0.017083,0.089301,0.016242,0.018555,0.015189,0.10235,0.016438,0.017225,0.015573
0.017057,0.016928,0.01664,0.01534,0.015534,0.015556,0.017448,0.020869,0.017997,0.016909,0.016174,0.0191,0.017073,0.017138,0.015677
0.017517,0.016677,0.015839,0.016131,0.015882,0.016001,0.016316,0.016288,0.016533,0.015886,0.016457,0.016121,0.01856,0.01633,0.015839
0.017545,0.016028,0.015963,0.016103,0.016432,0.016786,0.016317,0.017009,0.016674,0.016092,0.016368,0.016866,0.017184,0.016366,0.016783
0.016231,0.016803,0.016765,0.016534,0.016243,0.016651,0.016617,0.015943,0.019208,0.016885,0.016781,0.015801,0.016895,0.017235,0.016629
0.016736,0.017386,0.016517,0.016481,0.016608,0.016291,0.016563,0.016099,0.01667,0.016988,0.016738,0.016442,0.017106,0.017251,0.016432
0.016573,0.016974,0.016648,0.015771,0.015409,0.015554,0.017321,0.016109,0.016054,0.017468,0.017012,0.015948,0.01706,0.017132,0.015931
0.017094,0.017073,0.016643,0.015607,0.015699,0.016325,0.017283,0.016647,0.01571,0.017114,0.016603,0.016563,0.017591,0.017426,0.019149
0.018618,0.016127,0.015891,0.016295,0.016451,0.016949,0.016001,0.01666,0.016194,0.016633,0.018782,0.017165,0.01783,0.016188,0.016971
0.01726,0.016364,0.016292,0.016608,0.016565,0.016466,0.016441,0.016808,0.016736,0.016333,0.016719,0.017203,0.017602,0.016227,0.016852
0.016937,NaN,0.0165,0.016768,0.016793,0.016805,0.016847,0.016296,0.016761,0.017123,0.016759,0.016975,0.017323,0.017507,0.017178
0.016456,NaN,0.016757,0.01671,0.016571,0.017628,0.017073,0.015871,0.016499,0.017065,0.017302,0.016296,0.016553,0.017135,0.016593
0.016521,NaN,0.016382,0.015898,0.015697,0.015868,NaN,0.016089,0.016165,0.017074,0.015751,0.016086,0.016319,NaN,0.016538
0.017182,NaN,0.016852,0.016656,0.016317,0.016327,NaN,0.016821,0.016152,0.017171,0.016363,0.017197,0.01748,NaN,0.016482
0.017343,0.000169,0.015616,0.01732,0.016601,0.016445,NaN,0.016938,0.016639,0.016014,0.016731,0.018104,0.017669,NaN,0.016961
0.017127,0.6196,0.016212,0.01703,0.01703,0.016876,NaN,0.016886,0.016937,0.01604,0.016676,0.017663,0.017339,NaN,0.017085
NaN,0.014588,0.016632,0.017077,0.016775,0.017214,0.000225,0.017231,0.017004,0.016977,0.016963,0.017656,NaN,0.000136,0.017224
NaN,0.016851,0.016674,0.016944,0.016913,0.017069,0.61701,0.01606,0.01705,NaN,0.016801,0.017086,NaN,0.61335,0.016882
NaN,0.014965,0.016594,0.016328,0.016595,0.016336,0.015056,0.016531,0.016025,NaN,0.016114,0.017241,NaN,0.014898,0.017801
NaN,0.014262,0.016731,0.016556,0.016683,0.016954,0.01486,0.017015,0.016136,NaN,0.018441,0.017551,NaN,0.015048,0.017376
0.000408,0.014527,0.015655,0.017067,0.016449,0.016938,0.014769,0.017278,0.016592,NaN,0.01653,0.017643,0.000151,0.014862,0.016689
0.60024,0.027461,0.016084,0.017095,0.016835,0.01704,0.014847,0.017604,0.017256,0.000168,0.016741,0.017563,0.60386,0.016381,0.01665
0.015087,0.037885,0.016951,0.016887,0.016961,0.017026,0.015368,0.016813,0.016931,0.61848,0.016743,0.017416,0.015253,0.014772,0.01705
0.014843,0.03065,0.017076,0.017026,0.017122,0.017291,0.026627,0.016193,0.016593,0.014785,0.017135,0.016455,0.014702,0.025604,0.01715
0.014732,0.035117,0.016916,0.016152,0.015939,0.015777,0.030072,0.016644,0.016017,0.016571,0.016564,0.016593,0.014654,0.029975,0.016278
0.01485,0.017885,0.016866,0.015747,0.016053,0.01631,0.030223,0.017147,0.016155,0.014746,0.016183,0.017641,0.01474,0.027691,0.018838
0.015318,0.094377,0.016354,0.016151,0.01641,0.016256,0.030354,0.017671,0.017798,0.016709,0.019755,0.017196,0.014967,0.041272,0.016788
0.022183,0.018697,0.01614,0.016788,0.01689,0.016746,0.020318,0.017633,0.01746,0.017892,0.016704,0.017464,0.026898,0.017892,0.01713
0.025941,0.015806,0.016894,0.016726,0.01721,0.016955,0.095399,0.017428,0.017508,0.027095,0.016606,0.017379,0.030146,0.089174,0.016986
0.025381,0.016261,0.017187,0.016734,0.016862,0.01736,0.020946,0.016491,0.017455,0.029691,0.016418,0.016204,0.030711,0.017218,0.016721
0.030061,0.016109,0.017305,0.015977,0.016248,0.016464,0.015847,0.01687,0.016627,0.02731,0.017191,0.01634,0.027167,0.015803,0.018926
0.023202,0.015393,0.017669,0.015921,0.015742,0.015943,0.015817,0.017325,0.015844,0.029839,0.026964,0.017318,0.02375,0.015581,0.016309
0.09616,0.015339,0.027142,0.016198,0.016551,0.016539,0.015879,0.017997,0.017101,0.023006,0.016807,0.018466,0.093164,0.016495,0.016818
0.024178,0.016187,0.016604,0.016768,0.016599,0.016948,0.015261,0.01763,0.016921,0.094326,0.01667,0.017232,0.019903,0.015424,0.016925
0.015947,0.016351,0.019733,0.016401,0.01671,0.01769,0.01542,0.017537,0.016719,0.019264,0.018607,0.017226,0.016155,0.0151,0.019948
0.01588,0.01637,0.017357,0.01663,0.016917,0.017464,0.016046,0.016643,0.016947,0.015803,0.016612,0.016079,0.015918,0.015688,0.017162
0.015587,0.016519,0.017607,0.016541,0.016129,0.016451,0.016446,0.016468,0.015811,0.01592,0.020889,0.016912,0.01551,0.016783,0.020144
0.01527,0.015539,0.017638,0.015752,0.015532,0.016146,0.016713,0.017497,0.015483,0.015121,0.016234,0.01695,0.015147,0.016072,0.015892
0.015587,0.01572,0.016726,0.015828,0.016229,0.017151,0.01642,0.017507,0.016334,0.015175,0.016633,0.017286,0.015982,0.016704,0.016976
0.016002,0.016871,0.016657,0.016517,0.016758,0.017075,0.015677,0.017829,0.016533,0.015415,0.027198,0.017351,0.016261,0.015561,0.016999
0.016567,0.01693,0.017283,0.01646,0.016847,0.01762,0.016927,0.017383,0.016454,0.016597,0.017668,0.017272,0.017028,0.015778,0.017097
0.016425,0.016863,0.017464,0.016341,0.016332,0.017337,0.017641,0.016627,0.016566,0.016718,0.0191,0.017401,0.016559,0.016393,0.019904
0.016413,0.017073,0.017281,0.015432,0.015812,0.016576,0.017229,0.016441,0.015644,0.015913,0.016476,0.017104,0.016514,0.016759,0.016161
0.015791,0.016074,0.017269,0.015526,0.015344,0.015713,0.017429,0.017355,0.01561,0.016724,0.016603,0.018679,0.016352,0.016525,0.015752
0.015783,0.016027,0.016905,0.015954,0.015982,0.016948,0.016838,0.017613,0.016204,0.015431,0.016572,0.017517,0.016152,0.017475,0.016506
0.01667,0.018263,0.016652,0.016587,0.016579,0.016821,0.016559,0.017725,0.016655,0.016073,0.01679,0.019521,0.016666,0.015726,0.016609
0.016965,0.018149,0.017265,0.016726,0.016994,0.017103,0.016411,0.017055,0.016607,0.016512,0.017055,0.017515,0.016892,0.016845,0.016605
0.016678,0.017459,0.017622,0.01672,0.017883,0.016813,0.017578,0.016495,0.016868,0.01679,0.016822,0.016795,0.016914,0.017187,0.017915
0.017069,0.017541,0.01733,0.01525,0.015938,0.016096,0.017063,0.016681,0.015751,0.016799,0.016189,0.017271,0.017087,0.017695,0.016033
0.016264,0.015759,0.016933,0.015084,0.015517,0.015994,0.017335,0.017424,0.015905,0.016715,0.016219,0.017375,0.016124,0.017972,0.015541
0.016993,0.016448,0.016162,0.016292,0.01622,0.01651,0.017316,0.017343,0.016377,0.015588,0.016575,0.017907,0.016253,0.018279,0.017088
0.017186,0.017223,0.01681,0.016496,0.01647,0.016826,0.017135,0.017447,0.0168,0.015962,0.017593,0.017782,0.01732,0.016497,0.016957
0.017391,0.017486,0.01955,0.015958,0.01666,0.016807,0.016935,0.016869,0.016833,0.016503,0.017002,0.017553,0.01725,0.016465,0.016838
0.017367,0.01739,0.017736,0.016247,0.016627,0.017659,0.017124,0.016368,0.017229,0.016866,0.017125,0.016768,0.017208,0.017177,0.016892
0.017499,0.017232,0.01774,0.015692,0.015892,0.016274,0.017811,0.016435,0.01677,0.016749,0.015962,0.016975,0.016829,0.017715,0.015641
0.016712,0.01628,0.017282,0.015463,0.015558,0.016031,0.017422,0.017114,0.015833,0.017424,0.016165,0.01737,0.016781,0.017348,0.01609
0.016359,0.016488,0.016449,0.016303,0.016188,0.016991,0.016712,0.017618,0.016893,0.015822,0.016748,0.017385,0.016407,0.017415,0.016694
0.017484,0.016998,0.016976,0.018719,0.016443,0.01841,0.016496,0.017662,0.016626,0.016173,0.017037,0.017632,0.01761,0.016097,0.017321
0.018147,0.017483,0.017827,0.016215,0.016789,0.016921,0.016281,0.017547,0.016563,0.016405,0.0171,0.017649,0.017496,0.015972,0.017199
0.017534,0.017392,0.018213,0.016647,0.016617,0.016822,0.016884,0.016409,0.01651,0.017099,0.017417,0.017035,0.017621,0.017293,0.01708
0.01712,0.017333,NaN,0.018358,0.015611,0.01626,0.017212,0.016705,0.015827,0.016881,0.016061,0.016773,0.01754,0.016855,NaN
0.01674,0.016766,NaN,0.015619,0.01535,0.016324,0.01731,0.016949,0.015561,0.017268,0.025779,0.01685,0.016998,0.017655,NaN
0.016841,0.017128,NaN,0.016022,0.016121,0.017075,0.017126,NaN,NaN,0.016367,0.017887,0.017321,0.017516,0.017002,NaN
0.01804,0.017255,NaN,0.016927,0.016636,0.016994,0.015931,NaN,NaN,0.016453,0.017169,NaN,0.017695,0.016351,NaN
0.018129,NaN,0.000169,0.016325,0.016719,0.017162,0.017214,NaN,NaN,0.016779,0.017179,NaN,0.017922,NaN,0.000162
0.017665,NaN,0.60988,0.016553,0.019115,0.017146,NaN,NaN,NaN,NaN,0.016823,NaN,0.017521,NaN,0.60995
0.017518,NaN,0.01734,0.015228,0.016126,0.015703,NaN,0.000151,0.000177,NaN,0.016581,NaN,0.018198,NaN,0.014632
0.017037,NaN,0.014312,0.015374,0.015351,0.015925,NaN,0.62575,0.60348,NaN,0.015953,0.000103,0.016886,NaN,0.014033
0.016631,0.000156,0.014388,0.016393,0.016193,0.016668,NaN,0.014638,0.014671,NaN,0.016503,0.6087,0.017472,6e-05,0.014612
0.016965,0.61672,0.014848,0.016824,0.019309,0.01669,0.00018,0.014738,0.014306,0.000152,0.017003,0.014607,0.017531,0.61356,0.014929
0.017701,0.014157,0.014843,0.016465,0.016551,0.017063,0.60223,0.014711,0.015028,0.63042,0.017013,0.014791,0.017731,0.014556,0.015572
0.0178,0.014359,0.025908,0.016127,0.016564,0.016709,0.01447,0.014772,0.014745,0.014287,0.016712,0.014594,0.017753,0.014134,0.022824
0.017804,0.014382,0.029773,0.015507,0.015685,0.015941,0.014096,0.015519,0.017939,0.014318,0.015987,0.014855,0.017446,0.014202,0.031509
0.017096,0.015609,0.03106,0.015457,0.016099,0.017863,0.014692,0.038273,0.027884,0.017235,0.015708,0.014965,0.017827,0.014302,0.025868
0.017287,0.01465,0.030729,0.01612,0.016545,0.016419,0.014547,0.027516,0.031157,0.014868,0.016558,0.026343,0.017384,0.014933,0.029716
0.017582,0.027408,0.019603,0.016706,0.0165,0.016806,0.014801,0.029492,0.029465,0.014959,0.017014,0.029952,0.01772,0.025155,0.02306
0.017965,0.027749,0.088054,0.01649,0.017345,0.019649,0.022702,0.025842,0.036821,0.026319,0.01699,0.031053,0.017798,0.02621,0.10379
0.018161,0.026314,0.01828,NaN,NaN,0.016756,0.028803,0.016635,0.020033,0.032858,0.01593,0.030725,0.017882,0.022978,0.026259
0.017567,0.031297,0.015883,NaN,NaN,NaN,0.027012,0.084167,0.085636,0.026478,NaN,0.019824,0.017331,0.02935,0.016209
0.016792,0.027204,0.015911,NaN,NaN,NaN,0.026577,0.025097,0.019798,0.025481,NaN,0.094383,0.017215,0.029628,0.016298
0.017113,0.10207,0.016317,NaN,NaN,NaN,0.024656,0.016044,0.01587,0.025854,NaN,0.016793,0.017088,0.10602,0.015385
0.017589,0.025259,0.015216,0.000168,0.00019,NaN,0.096013,0.016253,0.015568,0.10256,NaN,0.015753,0.017792,0.020545,0.015416
0.018214,0.016464,0.015003,0.60469,0.60436,0.000147,0.0212,0.015395,0.015763,0.026375,0.00023,0.015899,0.017917,0.016012,0.014987
0.017983,0.018681,0.016092,0.014745,0.014664,0.60324,0.016182,0.015025,0.014876,0.018368,0.61473,0.016054,0.017427,0.016488,0.019353
0.017464,0.018201,0.016222,0.014774,0.014511,0.014366,0.015681,0.015299,0.015164,0.016431,0.014692,0.014972,0.017464,0.016132,0.016306
0.016957,0.019103,0.016406,0.014938,0.014397,0.014124,0.015158,0.016313,0.016057,0.01767,0.014505,0.01588,0.016132,0.020273,0.016386
0.017248,0.015724,0.016831,0.014592,0.014753,0.014158,0.01519,0.016111,0.016191,0.015384,0.014145,0.016188,0.016255,0.016607,0.016837
0.017766,0.018931,0.015875,0.014471,0.01454,0.014283,0.015032,0.016716,0.016298,0.015278,0.01448,0.016455,0.01755,0.01682,0.016074
0.01799,0.016311,0.015826,0.02542,0.02614,0.014967,0.015985,0.016764,0.016599,0.018288,0.015026,0.016334,0.017835,0.016555,0.015664
0.017537,0.016512,0.016684,0.030125,0.029861,0.027626,0.016205,0.015766,0.015446,0.016535,0.022941,0.01627,0.018127,0.016872,0.016622
0.017559,0.018283,0.016972,0.02645,0.025597,0.03036,0.016462,0.015847,0.015588,0.016527,0.030617,0.019566,0.017327,0.018011,0.018827
0.017121,0.015612,0.01742,0.031315,0.030027,0.026874,0.016284,0.015919,0.016209,0.016042,0.023406,0.015406,0.016942,0.015915,0.017125
0.01657,0.015993,0.017302,0.024909,0.02297,0.031314,0.015831,0.016336,0.016859,0.016182,0.031103,0.016677,0.016743,0.015811,0.017358
0.016798,0.016377,0.016435,0.091514,0.0961,0.017472,0.01563,0.017136,0.017492,0.015658,0.027599,0.016904,0.017492,0.016578,0.016076
0.017062,0.016691,0.016017,0.019354,0.019832,0.082395,0.016495,0.01752,0.018381,0.016688,0.10338,0.016835,0.018203,0.016572,0.019508
0.016562,0.016857,0.017163,0.015969,0.015508,0.022765,0.016602,0.01623,0.016064,0.016926,0.019635,0.017255,0.017635,0.017595,0.017148
0.017155,0.016808,0.020091,0.015383,0.015489,0.016339,0.016459,0.01665,0.01642,0.016747,0.016485,0.016397,0.01741,0.016698,0.01767
NaN,0.016111,0.017907,0.015738,0.015902,0.016472,0.016626,0.01698,0.016757,0.01733,0.017268,0.019309,NaN,0.015861,0.018108
NaN,0.01592,0.01802,0.014873,0.014895,0.016211,0.016092,0.028369,0.017216,0.016343,0.018827,0.017493,NaN,0.016108,0.020592
NaN,0.01688,0.016715,0.015149,0.015282,0.015675,0.015636,0.017508,0.017194,0.016232,0.018874,0.017369,NaN,0.016751,0.016591
NaN,0.017194,0.019286,0.015624,0.015806,0.0152,0.016486,0.016044,0.016989,0.0169,0.017852,0.017144,NaN,0.017164,0.02133
0.00015,0.017188,0.017481,0.016135,0.016451,0.016104,0.017011,0.015968,0.015768,0.01709,0.01591,NaN,0.000158,0.017212,0.018072
0.60521,0.016981,0.017418,0.015862,0.016107,0.016438,0.016809,0.015911,0.016186,0.017484,0.0175,NaN,0.60848,0.016648,0.019561
0.014475,0.01686,0.01799,0.016368,0.0165,0.016499,0.016723,0.016889,0.01662,0.016955,0.017393,NaN,0.014978,0.016124,0.017923
0.014844,0.016321,0.017776,0.01594,0.015554,0.016459,0.016165,0.017224,0.016776,0.016324,0.016452,NaN,0.01458,0.015955,0.017295
0.01453,0.017215,0.016909,0.015623,0.015618,0.015477,0.016363,0.017609,0.016837,0.016408,0.018296,0.000139,0.014629,0.017041,0.019285
0.014855,0.017598,0.016747,0.016356,0.016377,0.015264,0.01724,0.01726,0.017027,0.016663,0.015311,0.60353,0.015226,0.017144,0.017415
0.01548,0.017114,0.017361,0.016526,0.016458,0.016757,0.017347,0.016393,0.015748,0.017388,0.016506,0.014481,0.014854,0.017084,0.017675
0.026101,0.016611,0.01807,0.016311,0.016524,0.016883,0.017062,0.016279,0.015562,0.01695,0.016765,0.014854,0.026709,0.016856,0.017956
0.029531,0.016365,0.01756,0.016908,0.016821,0.017681,0.017145,0.017162,0.016815,0.016934,0.017375,0.014665,0.03002,0.016067,0.017825
0.027165,0.015937,0.017578,0.015949,0.015735,0.01674,0.016032,0.017168,0.016901,0.016276,0.016878,0.014877,0.030402,0.015833,0.017294
0.030755,0.016904,0.01732,0.016122,0.016023,0.015796,0.016035,0.016969,0.016688,0.015752,0.016053,0.014883,0.030595,0.017573,0.017374
0.019747,0.017547,0.017149,0.016399,0.016639,0.015982,0.016846,0.017086,0.016579,0.016592,0.015578,0.026931,0.020649,0.017023,0.016518
