9.4e-05
0.23717
0.007035
0.006287
0.007169
0.006266
0.007086
0.007312
0.007426
0.006819
0.006419
0.006347
0.007957
0.007387
0.007084
0.006319
0.006411
0.006639
0.00626
0.006566
0.006846
0.006296
0.006226
0.006529
0.007331
0.012706
0.009787
0.007416
0.006607
0.006508
0.006395
0.006238
0.006403
0.006409
0.006405
0.006446
0.00639
0.006276
0.00639
0.006389
0.006411
0.00665
0.006437
0.006479
0.006647
0.00667
0.006989
0.006329
0.007283
0.013098
0.010269
0.007663
0.006229
0.006636
0.006458
0.006685
0.006534
0.006571
0.006293
0.006496
0.006359
0.006486
0.006302
0.006659
0.006298
0.0063
0.006383
0.006285
0.007507
0.013232
0.009339
0.008064
0.013017
0.009522
0.007841
0.006481
0.006845
0.006433
0.006262
0.00679
0.006583
0.00633
0.006334
0.006339
0.006274
0.006369
0.006593
0.00832
0.006718
0.007201
0.006574
0.006254
0.00624
0.006355
0.006632
0.007497
0.012511
0.008985
0.007339
0.006433
0.006323
0.006613
0.006432
0.006287
0.006427
0.006278
0.006269
0.006693
0.007081
0.006915
0.009053
0.006444
0.00639
0.006422
0.006718
0.006648
0.006853
0.006619
0.006492
0.006533
0.006412
0.006647
0.006424
0.006426
0.006593
0.006271
0.006261
0.006409
0.006258
0.006416
0.007375
0.006656
0.00648
0.006578
0.006996
0.007476
0.009259
0.00712
