0.97433
0.1354
0.067079
0.056201
0.080441
0.070956
0.036089
0.033382
0.04656
0.015945
0.02028
0.014744
0.014438
0.014338
0.032527
0.020377
0.015464
0.014028
0.014609
0.014072
0.031544
0.014557
0.017689
0.024565
0.014826
0.015028
0.032297
0.023271
0.022352
0.015157
0.023757
0.016954
0.037609
0.028139
0.022001
0.016481
0.0155
0.015332
0.033629
0.014655
0.014727
0.019926
0.018681
0.015347
0.040605
0.01476
0.015614
0.017921
0.024243
0.014471
0.031805
0.015678
0.015634
0.021043
0.02519
0.016513
0.031767
0.01509
0.022197
0.017531
0.01457
0.014324
0.030783
0.014502
0.014719
0.01528
0.015195
0.014596
0.03367
0.020979
0.014523
0.015514
0.018122
0.024541
0.032527
0.015093
0.01487
0.023536
0.016283
0.0155
0.031255
0.022049
0.017613
0.014852
0.015509
0.017054
0.030141
0.015323
0.021977
0.016264
0.016002
0.015145
0.032343
0.014796
0.014958
0.022546
0.01831
0.016128
0.036899
0.017349
0.016573
0.015674
0.015747
0.016769
0.037669
0.015647
0.016342
0.015958
0.015629
0.014923
0.037494
0.024188
0.024682
0.014637
0.015756
0.015268
0.031453
0.015958
0.015341
0.015501
0.015657
0.015526
0.037031
0.01603
0.016201
0.014871
0.014903
0.01716
0.030519
0.014546
0.014307
0.015089
0.015257
0.015607
0.031313
0.015472
0.016097
0.015503
0.015387
0.015228
