1.1244
0.13894
0.073588
0.054546
0.083807
0.073887
0.041923
0.042505
0.039391
0.023028
0.034245
0.021252
0.018807
0.020755
0.049071
0.024523
0.022743
0.033533
0.018668
0.018977
0.039528
0.018635
0.030946
0.024461
0.023853
0.019522
0.039442
0.027389
0.034512
0.023699
0.029919
0.021983
0.051176
0.020622
0.036031
0.019815
0.021748
0.019711
0.043572
0.029109
0.023628
0.020206
0.022109
0.018955
0.038239
0.018107
0.029531
0.020828
0.019446
0.018646
0.044157
0.018457
0.01961
0.027811
0.024525
0.025596
0.047239
0.019545
0.020217
0.019455
0.019231
0.018101
0.037642
0.025918
0.019916
0.019058
0.019594
0.017621
0.046174
0.019083
0.0201
0.018637
0.02009
0.035292
0.051244
0.017209
0.02047
0.017846
0.0193
0.017462
0.062586
0.021021
0.018417
0.019295
0.019312
0.028418
0.041174
0.020188
0.018214
0.017575
0.019722
0.017411
0.047458
0.017781
0.019557
0.023622
0.019233
0.028659
0.049612
0.017505
0.018508
0.01674
0.019756
0.024478
0.037254
0.01785
0.018877
0.021009
0.018534
0.019233
0.042614
0.023448
0.020271
0.025713
0.022967
0.017717
0.041663
0.01802
0.019852
0.018831
0.018833
0.019094
0.042284
0.021255
0.019572
0.033367
0.023285
0.01848
0.039732
0.017913
0.018422
