1.0215
0.16508
0.093366
0.087316
NaN
0.096313
NaN
0.082869
0.054562
0.056234
NaN
0.057967
0.043433
0.042403
0.036205
0.035054
0.034464
0.060469
0.034338
0.033859
0.034208
0.033672
0.045813
0.052535
0.034226
0.033364
0.04582
0.036496
0.035822
0.055888
0.04005
0.050288
0.048219
0.053685
0.038446
0.063293
0.037501
0.042045
0.035372
0.034986
0.035238
0.055747
NaN
0.03459
0.035206
0.03893
0.045365
0.035061
0.050723
0.036171
0.04554
0.035126
0.03323
0.033988
0.051197
0.040051
0.035943
0.048431
0.038198
0.034458
0.051303
0.035484
0.035268
0.044392
0.033782
0.035063
0.05276
0.046135
0.03381
0.034543
0.035685
0.03406
0.053267
0.034921
0.036627
0.037883
0.036219
0.03501
0.053913
0.035375
0.037566
0.035457
0.034909
0.040063
0.050996
0.044585
0.038201
0.036039
0.034501
0.033313
0.051356
0.034508
0.035582
0.035431
0.033998
0.032665
0.050135
0.033407
0.034872
0.035515
0.042779
0.035622
0.05267
0.034238
0.034409
0.033391
0.033494
0.034002
0.051551
0.034476
0.033623
0.03375
0.033599
0.034107
0.054166
0.036363
0.035332
0.033455
0.034676
0.033748
0.052744
0.034101
0.033443
0.03738
0.03351
0.034084
0.053351
0.047942
0.034736
0.034539
0.038668
0.033873
0.062233
0.034062
0.035116
0.034447
0.039137
0.034343
0.05042
0.034128
0.036225
0.03672
0.035278
0.034552
0.055667
NaN
0.03555
0.042938
0.033176
0.034171
0.033825
0.05228
0.034609
0.040011
0.034692
0.033742
0.035572
0.051782
0.035039
0.03484
0.050664
0.033635
0.034584
0.056923
0.035756
0.035007
0.034841
0.034475
0.036049
0.057392
0.036502
0.035349
0.034592
0.035606
0.034216
0.051649
0.034019
0.033863
0.040825
0.034107
0.035871
0.055373
0.037652
0.033749
0.034167
0.03576
0.0353
0.0515
0.033864
0.033753
0.046658
0.033967
0.034051
0.051549
0.035381
0.047889
0.035016
0.033815
0.035462
0.052783
0.034885
0.035057
0.035696
0.03501
0.038807
0.053103
0.04182
0.036578
0.034597
0.036529
0.045828
0.051658
0.034921
0.033747
0.032944
0.034042
0.036066
0.064964
NaN
0.034335
0.033555
0.033901
0.036225
0.033758
0.055509
0.034476
0.034661
0.043415
0.033662
0.033835
0.052741
0.033857
0.044523
0.03331
0.033158
0.035154
0.052119
0.034824
0.035502
0.033388
0.033951
0.035499
0.051387
0.032958
0.034036
0.044147
0.033801
0.033529
0.050688
0.036728
0.03371
0.038216
0.055224
0.034673
0.053138
0.036221
0.035305
0.036016
0.034497
0.034042
0.063135
0.046924
0.033544
0.033933
0.0329
0.036753
0.069031
NaN
0.035096
0.035148
0.036686
0.032724
0.034327
0.067065
0.033191
0.033763
0.032917
0.033806
0.033185
0.051306
0.034875
0.04661
0.034614
0.033816
0.033398
0.050372
0.039644
0.033739
0.03285
0.03411
0.033076
0.058017
0.034304
0.034216
0.033429
0.033175
0.033938
0.059566
0.033887
0.033792
0.035484
0.035248
0.03305
0.055774
0.035698
0.034764
0.038085
0.035856
0.034518
0.05197
0.033669
0.033446
0.034359
0.034042
0.033799
0.050497
0.033632
0.034415
0.03561
0.03455
0.037526
0.058146
NaN
0.034889
0.037641
0.033534
0.034129
0.033474
0.049144
0.034322
0.033339
0.033704
0.033223
0.034043
0.051403
0.036063
0.035056
0.034437
0.036008
0.039301
0.050219
0.035983
0.044388
0.034697
0.035399
0.034063
0.051878
0.035637
0.035422
0.036363
0.034303
0.032971
0.048958
0.033127
0.034291
0.033304
0.035469
0.033623
0.061282
0.034309
0.034579
0.034846
0.034348
0.036707
0.049392
0.034583
0.036062
0.034734
0.033978
0.033003
0.058264
0.034569
0.033747
0.052535
0.04074
0.03667
0.058033
0.036962
0.033805
0.035422
0.033172
0.033695
0.05172
0.033765
0.036198
0.048102
0.033983
0.036208
NaN
NaN
NaN
NaN
1.0368
0.1668
0.10603
0.073957
0.1029
NaN
NaN
NaN
NaN
NaN
NaN
1.1805
0.1576
0.098833
0.0688
0.10256
NaN
0.084851
NaN
NaN
NaN
NaN
NaN
1.0298
0.16509
0.090067
0.076484
NaN
0.099653
NaN
NaN
NaN
NaN
NaN
1.1489
0.15276
0.083412
0.068031
0.099139
NaN
0.087316
NaN
NaN
NaN
NaN
NaN
1.024
0.16437
0.088453
0.074313
0.10214
NaN
NaN
NaN
NaN
NaN
NaN
1.1025
0.1524
0.085471
0.072911
0.098564
NaN
0.084396
NaN
0.068054
0.051763
NaN
0.05822
0.036076
0.03527
0.036029
0.034959
0.035385
0.053247
0.039895
0.036041
0.035132
0.035218
0.04054
0.058633
0.035523
NaN
NaN
NaN
NaN
1.044
0.15609
0.086256
0.073156
0.096788
NaN
0.086526
NaN
0.067782
0.059639
NaN
0.053932
0.043793
0.034932
0.03495
0.034369
0.039422
0.060527
0.047565
0.034049
0.036989
0.035226
0.035114
0.052473
0.046423
0.037102
0.034445
0.034113
0.037327
0.051383
0.035108
0.034997
0.03447
0.048533
0.048479
0.059986
0.047569
0.044377
0.040228
0.040136
0.03532
0.054428
0.048557
0.034365
0.034184
0.033855
0.03589
0.054458
0.035763
0.034424
0.034004
0.034061
0.036186
0.051141
0.03606
0.034779
0.038797
0.036054
0.047093
0.056198
NaN
0.041487
0.038232
0.034141
0.034944
0.036432
0.051456
0.034319
0.034276
0.033904
0.034409
0.033145
0.05044
0.035704
0.034405
0.035986
0.037319
0.035464
0.051843
0.0345
0.035928
0.033988
0.03377
0.035282
0.053479
0.034869
0.034997
0.037297
0.035014
0.034158
0.057513
0.034727
0.036409
0.042685
0.034329
0.03378
0.051846
0.036257
0.034388
0.035542
0.034848
