1
1103.0000,617.0000,1143.0000,617.0000,1143.0000,664.0000,1103.0000,664.0000
1104.0000,594.0000,1143.0000,594.0000,1143.0000,639.0000,1104.0000,639.0000
2
0
0
0
0
1
917.0000,618.0000,972.0000,618.0000,972.0000,679.0000,917.0000,679.0000
906.0000,612.0000,965.0000,612.0000,965.0000,676.0000,906.0000,676.0000
906.0000,612.0000,965.0000,612.0000,965.0000,676.0000,906.0000,676.0000
880.0000,602.0000,940.0000,602.0000,940.0000,666.0000,880.0000,666.0000
858.0000,592.0000,914.0000,592.0000,914.0000,653.0000,858.0000,653.0000
858.0000,592.0000,914.0000,592.0000,914.0000,653.0000,858.0000,653.0000
839.0000,569.0000,895.0000,569.0000,895.0000,631.0000,839.0000,631.0000
839.0000,569.0000,895.0000,569.0000,895.0000,631.0000,839.0000,631.0000
833.0000,567.0000,888.0000,567.0000,888.0000,627.0000,833.0000,627.0000
810.0000,558.0000,865.0000,558.0000,865.0000,618.0000,810.0000,618.0000
797.0000,568.0000,850.0000,568.0000,850.0000,626.0000,797.0000,626.0000
801.0000,567.0000,852.0000,567.0000,852.0000,623.0000,801.0000,623.0000
794.0000,556.0000,845.0000,556.0000,845.0000,612.0000,794.0000,612.0000
803.0000,561.0000,852.0000,561.0000,852.0000,615.0000,803.0000,615.0000
804.0000,561.0000,853.0000,561.0000,853.0000,614.0000,804.0000,614.0000
785.0000,568.0000,836.0000,568.0000,836.0000,624.0000,785.0000,624.0000
789.0000,592.0000,842.0000,592.0000,842.0000,650.0000,789.0000,650.0000
2
0
0
0
0
1
801.0000,495.0000,843.0000,495.0000,843.0000,553.0000,801.0000,553.0000
800.0000,485.0000,841.0000,485.0000,841.0000,543.0000,800.0000,543.0000
787.0000,471.0000,829.0000,471.0000,829.0000,528.0000,787.0000,528.0000
787.0000,471.0000,829.0000,471.0000,829.0000,528.0000,787.0000,528.0000
781.0000,467.0000,823.0000,467.0000,823.0000,526.0000,781.0000,526.0000
781.0000,467.0000,823.0000,467.0000,823.0000,526.0000,781.0000,526.0000
763.0000,464.0000,805.0000,464.0000,805.0000,522.0000,763.0000,522.0000
740.0000,461.0000,782.0000,461.0000,782.0000,519.0000,740.0000,519.0000
730.0000,458.0000,771.0000,458.0000,771.0000,514.0000,730.0000,514.0000
730.0000,458.0000,771.0000,458.0000,771.0000,514.0000,730.0000,514.0000
725.0000,445.0000,767.0000,445.0000,767.0000,504.0000,725.0000,504.0000
2
0
0
0
0
1
529.0000,452.0000,564.0000,452.0000,564.0000,471.0000,529.0000,471.0000
499.0000,449.0000,536.0000,449.0000,536.0000,469.0000,499.0000,469.0000
468.0000,448.0000,504.0000,448.0000,504.0000,467.0000,468.0000,467.0000
468.0000,448.0000,504.0000,448.0000,504.0000,467.0000,468.0000,467.0000
435.0000,445.0000,471.0000,445.0000,471.0000,464.0000,435.0000,464.0000
2
0
0
0
0
1
125.0000,444.0000,158.0000,444.0000,158.0000,470.0000,125.0000,470.0000
80.0000,447.0000,114.0000,447.0000,114.0000,473.0000,80.0000,473.0000
34.0000,449.0000,68.0000,449.0000,68.0000,476.0000,34.0000,476.0000
