1
522.0000,57.0000,27.0000,27.0000
521.0000,61.0000,26.0000,26.0000
518.0000,79.0000,26.0000,26.0000
519.0000,86.0000,27.0000,27.0000
516.0000,103.0000,26.0000,26.0000
516.0000,114.0000,26.0000,26.0000
513.0000,124.0000,27.0000,27.0000
518.0000,129.0000,27.0000,27.0000
507.0000,151.0000,27.0000,27.0000
515.0000,161.0000,28.0000,28.0000
525.0000,165.0000,28.0000,28.0000
535.0000,169.0000,28.0000,28.0000
2
0
0
0
0
1
601.0000,242.0000,11.0000,16.0000
606.0000,248.0000,11.0000,16.0000
2
0
0
0
0
1
627.0000,270.0000,16.0000,12.0000
631.0000,271.0000,16.0000,11.0000
632.0000,273.0000,16.0000,12.0000
635.0000,271.0000,16.0000,11.0000
642.0000,273.0000,15.0000,11.0000
638.0000,274.0000,15.0000,11.0000
642.0000,270.0000,15.0000,10.0000
637.0000,266.0000,15.0000,11.0000
643.0000,263.0000,14.0000,10.0000
2
0
0
0
0
