1.3114
0.15558
0.08522
0.074348
0.091222
0.091224
0.051929
0.060093
0.049888
0.021561
0.0213
0.022717
0.021518
0.022209
0.049366
0.021713
0.020636
0.029885
0.021425
0.020757
0.05673
0.024115
0.023226
0.021249
0.021993
0.021414
0.048719
0.021539
0.022507
0.025912
0.036214
0.035944
0.051676
0.023305
0.028882
0.024185
0.021005
0.02101
0.051398
0.022996
0.021621
0.021554
0.023507
0.022263
0.049438
0.027027
0.023025
0.032081
0.021094
0.021926
0.0458
0.023073
0.022324
0.025981
0.037384
0.021069
0.051013
0.022352
0.027586
0.021653
0.02596
0.019786
0.044597
0.032365
0.021132
0.022407
0.020445
0.02108
0.04537
0.027451
0.022659
0.026229
0.021095
0.020723
0.054082
0.025701
0.021217
0.021431
0.021318
0.020821
0.045919
0.020979
0.022467
0.021243
0.020666
0.020974
0.047886
0.021266
0.020584
0.021988
0.021163
0.022222
0.045477
0.021371
0.020905
0.02175
0.022933
0.034673
0.044227
0.021614
0.021091
0.020123
0.020243
0.020342
0.046539
0.021167
0.020722
0.021118
0.021335
0.0238
0.050262
0.024114
0.021487
0.021459
0.020479
0.020423
0.044874
0.019525
0.0194
0.02556
0.024373
0.024945
0.053649
0.020262
0.019693
0.022872
0.019894
0.020477
0.050143
0.020008
0.02051
0.022108
0.021855
0.020936
0.044158
0.020333
0.020903
0.021495
0.019965
0.02139
0.059047
0.024009
0.023798
0.025286
0.02163
0.020629
0.045564
0.02019
0.026009
0.02097
0.020569
0.021881
0.05983
0.020028
0.020385
0.02224
0.020995
0.020873
0.051515
0.020816
0.020286
0.022008
0.020512
0.020255
0.043342
0.026264
0.020132
0.020379
0.02016
0.019696
0.043476
0.021508
0.019874
0.020157
0.019611
0.020814
0.052012
0.020956
0.020035
0.021494
0.02167
0.021876
0.043895
0.020116
0.020159
0.038535
0.021339
0.021082
0.043654
0.024339
0.021293
0.027755
0.021159
0.021697
0.047247
0.021871
0.021521
0.023381
0.021244
0.020778
0.043694
0.034058
0.020716
0.020947
0.032971
0.024319
0.043694
0.029356
0.022017
0.026878
0.020126
0.02009
0.045802
0.020308
0.019628
0.020157
0.022964
0.023324
0.047464
0.020112
0.020899
0.020334
0.019599
0.020736
0.047406
0.019622
0.027112
0.020401
0.020327
0.020641
0.045764
0.021146
0.020975
0.02005
0.020947
0.021078
0.044281
0.019465
0.021063
0.020879
0.020101
0.020138
0.051662
0.021872
0.028291
0.035635
0.021866
0.020703
0.043044
0.020625
0.02215
0.021981
0.021805
0.022251
0.047421
0.020874
0.020437
0.021498
0.019986
0.02112
0.051792
0.021321
0.020578
0.020721
0.020746
0.020101
0.042668
0.020819
0.021022
0.020848
0.019844
0.019803
0.054205
0.020961
0.021746
0.021801
0.031924
0.023527
0.051923
0.021697
0.02199
0.027113
0.022491
0.021494
0.05229
0.023797
0.027239
0.033423
0.02193
0.022178
0.05249
0.02295
0.021342
0.022326
0.019739
0.026835
0.046977
0.020774
0.019918
0.022626
0.025183
0.021065
0.042618
0.032742
0.024603
0.021207
0.020182
0.020152
0.043579
0.020655
0.02137
0.019924
0.020059
0.020497
0.045702
0.020804
0.019933
0.021335
0.020496
0.020169
0.042667
0.0222
0.036268
0.053747
0.03727
0.024764
0.053074
0.021442
0.020802
0.023133
0.023252
0.023529
0.053997
0.022358
0.023117
0.029716
0.023428
0.022186
0.049596
0.024751
0.022448
0.021273
0.020685
0.021802
0.045192
0.026704
0.020039
0.021918
0.020721
0.020209
0.042176
0.020175
0.019795
0.021413
0.02135
0.025066
0.042979
0.038076
0.02904
0.021149
0.027145
0.0225
0.051969
0.021524
0.022561
0.02281
0.022979
0.021891
0.045574
0.023724
0.021742
0.02064
0.020448
0.020271
0.0436
0.020732
0.020662
0.020832
0.020589
0.020366
0.044277
0.021667
0.020174
0.020158
0.020248
0.02159
0.04229
0.020484
0.020107
0.020041
0.032204
0.020719
0.041859
0.02326
0.021409
0.020701
0.020619
0.02324
0.043027
0.020688
0.020125
0.020779
0.020733
0.019798
0.046424
0.020688
0.020715
0.023049
0.027155
0.020554
0.042613
0.019997
0.019752
0.022017
0.019983
0.020739
0.043375
0.020864
0.020688
0.031042
0.019565
0.020524
0.046806
0.025143
0.020663
0.020892
0.020627
0.020207
0.043719
0.023059
0.022055
0.02116
0.019923
0.021988
0.043021
0.021991
0.021173
0.020212
0.020548
0.020919
0.042625
0.021335
0.019986
0.020912
0.021437
0.026171
0.049628
0.020268
0.020906
0.022574
0.020327
0.020721
0.043973
0.020286
0.033957
0.027211
0.02052
0.021001
0.041769
0.022955
0.020535
0.030306
0.020736
0.020164
0.043623
0.025766
0.024035
0.020804
0.029087
0.020975
0.051976
0.023848
0.024988
0.020949
0.026537
0.024634
0.043194
0.030719
0.019804
0.022565
0.020704
0.023832
0.048668
0.021388
0.027202
0.024
0.019941
0.020058
0.042836
0.024786
0.021578
0.020143
0.031246
0.02108
0.043951
0.020572
0.020197
0.024285
0.025581
0.020553
0.044229
0.022067
0.034919
0.023899
0.022682
0.021164
0.04218
0.033665
0.023937
0.021372
0.026653
0.023959
0.043482
0.02249
0.020501
0.020639
0.020988
0.020565
0.046489
