1.2714
0.15015
0.077064
0.068379
0.08989
NaN
0.084837
NaN
0.05629
0.045813
0.049772
0.022951
0.022124
0.021889
0.034776
0.021998
0.049391
0.022458
0.020722
0.022207
0.032274
0.021915
0.045803
0.021172
0.02174
0.021173
0.020466
0.021485
0.047009
0.020799
0.022609
0.021372
0.029531
0.03158
0.054179
0.023462
0.029035
0.027558
0.026639
0.022063
0.049521
0.023242
0.024856
0.020549
0.028373
0.022832
0.04641
0.020634
0.034373
0.022547
0.034446
0.021019
0.045592
0.021177
0.02036
0.033881
0.021754
0.021834
0.055114
0.023851
0.023574
0.024221
0.023151
0.022539
0.060003
0.022875
0.02149
0.027766
0.021033
0.026914
0.047314
0.026038
0.020903
0.020591
0.020146
0.03344
0.045764
0.021515
0.020963
NaN
NaN
NaN
NaN
1.285
0.14427
0.075754
0.067787
0.087039
NaN
0.06956
0.041767
0.047338
0.046718
0.021772
0.020187
0.020413
0.019406
0.019663
0.043754
0.019427
0.019721
0.019583
0.019904
0.018454
0.042833
NaN
NaN
NaN
NaN
1.2928
0.15009
0.082015
0.064921
0.090858
NaN
0.091032
NaN
0.050278
0.047799
0.047648
0.025408
0.021784
0.020702
0.022642
0.022016
0.049419
0.022308
0.022808
0.024272
0.024301
0.021188
0.046961
0.021531
0.029805
0.02427
0.021935
0.034729
0.050865
0.022729
0.023542
0.023417
0.031847
0.035079
0.056236
0.028024
0.02737
0.022979
0.024174
0.022824
0.050463
0.035356
0.022752
0.024569
0.024096
0.024116
0.048039
0.024896
0.024104
0.031389
0.02386
0.023443
0.055476
0.025032
0.022784
0.035966
0.02991
0.02323
0.056737
0.023592
0.023974
0.025533
0.022829
0.023012
0.045533
NaN
