0.000147
0.22305
0.004555
0.004381
0.00508
0.004573
0.004259
0.004326
0.004782
0.004372
0.004409
0.004422
0.004649
0.004394
0.004382
0.004437
0.004482
0.00433
0.00448
0.004412
0.004443
0.004516
0.004484
0.004473
0.004367
0.004456
0.004547
0.004398
0.004435
0.004628
0.004692
0.004717
0.005135
0.004434
0.004377
0.006243
0.008814
0.008541
0.006976
0.00626
0.005571
0.004711
0.004612
0.004399
0.004732
0.004516
0.004515
0.004447
0.004266
0.004402
0.004544
0.004396
0.004672
0.004361
0.004331
0.004394
0.004709
0.004336
0.004417
0.004485
0.004646
0.0042
0.004389
0.003851
0.003783
0.003891
0.004328
0.003745
0.004008
0.004074
0.008013
0.006859
0.005625
0.004406
0.004358
0.003799
0.003719
0.004235
0.004359
0.004779
0.004099
0.004234
0.004129
0.004034
0.003946
0.004734
0.003914
0.003928
0.004039
0.003978
0.0043
0.005979
0.007362
0.006714
0.005549
0.004742
0.004614
0.003961
0.004101
0.003967
0.003817
0.003944
0.003634
0.003421
0.003943
0.003555
0.00393
0.003979
0.003928
0.00388
0.0038
0.003795
0.003867
0.003943
0.004367
0.003849
0.003818
0.00384
0.003523
0.003526
0.003969
0.003724
0.003679
0.003681
0.003677
0.003623
0.003463
0.003583
0.003581
0.003847
0.003476
0.003426
0.003782
0.004083
0.00374
0.003789
0.003846
0.004021
0.003819
0.003836
0.003817
0.003771
0.003806
0.003926
0.004036
0.004224
0.00399
0.003909
0.003809
0.003841
0.003463
0.003584
0.003509
0.003532
0.003597
0.003527
0.003525
0.003482
0.003532
0.00351
0.004047
0.004251
0.004888
0.004285
0.004296
0.007544
0.008512
0.007115
0.005867
0.004884
0.005448
0.004324
0.004285
0.004137
0.004288
0.004439
0.004008
0.004058
0.004354
0.004284
0.007789
0.007971
0.006921
0.005516
0.005364
0.00449
0.004504
0.004186
0.004251
0.004658
0.00493
0.004648
0.005023
0.004585
0.004643
0.004936
0.004458
0.004304
0.004488
0.004847
0.00407
0.004158
0.004159
0.004144
0.004606
0.004193
0.004002
0.003729
0.003975
0.004259
0.003857
0.004399
0.003919
0.004182
0.003708
0.00412
0.003747
0.003784
0.003665
0.003439
0.00522
0.004078
0.003575
0.003731
0.003588
0.003926
0.00352
0.004754
0.004641
0.004171
0.004135
0.004405
0.004405
0.003938
0.003752
0.003945
0.003898
0.003828
0.003847
0.003784
0.003757
0.00382
0.004163
0.004071
0.004009
0.004746
0.003741
0.003795
0.006156
0.007107
0.004063
0.003916
0.004089
0.003805
0.004243
0.003835
0.003704
0.003698
0.003866
0.003912
0.003873
0.003853
0.004161
0.003508
0.003441
0.00352
0.003483
0.003453
0.003436
0.003602
0.003478
0.003447
0.003558
0.003562
0.003532
0.004298
0.005243
0.006419
0.007984
0.00681
0.005921
0.005112
0.005451
0.004458
0.00437
0.004279
0.004738
0.004188
0.006193
0.007635
0.006558
0.007409
0.008078
0.007005
0.007257
0.007929
0.006806
0.006189
0.00483
0.004617
0.004629
0.004281
0.004144
0.004188
0.004434
0.006734
0.007846
0.006531
0.005458
0.005102
0.004362
0.005306
0.005966
0.005984
0.004588
0.004156
0.004449
0.004241
0.004069
0.004083
0.004061
0.004183
0.004535
0.003981
0.004065
0.00383
0.003922
0.004043
0.003774
0.003681
0.004234
0.003751
0.00376
0.003733
0.003812
0.003811
0.003706
0.003758
0.003709
0.003779
0.00364
0.003673
0.003311
0.003563
0.003525
0.003613
0.003471
0.004
0.004217
0.00443
0.004239
0.004327
0.004268
0.004582
0.004124
0.00543
0.004222
0.004892
0.004086
0.00389
0.00528
0.007136
0.006864
0.005498
0.004919
0.00478
0.004285
0.003865
0.003957
0.005121
0.004733
0.00353
0.003436
0.003355
0.003553
0.003427
0.003588
0.003663
0.003882
0.004392
0.00345
0.003451
0.003427
0.003481
0.003562
0.003744
0.004031
0.004183
0.004574
0.004065
0.004238
0.004091
0.004717
0.004384
0.008296
0.006336
0.005732
0.004759
0.003913
0.003712
0.003787
0.004053
0.003785
0.003726
0.003819
0.003701
0.003807
0.004322
0.00374
0.003701
0.003732
0.003861
0.003756
0.004385
0.004334
0.00409
0.004145
0.003667
0.003792
0.003701
0.003932
0.003982
0.004121
0.004126
0.00389
0.004106
0.005823
0.00728
0.00736
0.005282
0.004159
0.003792
0.003715
0.003495
0.003598
0.003561
0.003419
0.003424
0.003246
0.003385
0.003371
0.003299
0.003376
0.003658
0.006486
0.006858
0.005999
0.00508
0.005064
0.005754
0.004251
0.004722
0.003944
0.003955
0.004079
0.004068
0.004088
0.004245
0.004115
0.003975
0.003944
0.004234
0.004558
0.004252
0.004459
0.004273
0.004243
0.004247
0.004337
0.00437
0.004214
0.004392
0.004293
0.004217
0.004506
0.004366
0.004308
0.004407
0.004694
0.004337
0.004257
0.004283
0.004358
0.004497
0.004424
0.004422
0.004313
0.004608
0.004265
0.004585
0.004352
0.004937
0.004745
0.004386
0.004581
0.004531
0.00456
0.004527
0.007132
0.009594
0.007223
0.006212
0.005267
0.004955
0.004489
0.00467
0.00426
0.004245
0.00421
0.004248
0.004538
0.004261
0.004279
0.004444
0.004734
0.004434
0.004608
0.004622
0.004678
0.004301
0.004274
0.00423
0.004239
0.004342
0.004252
0.004212
0.00424
0.004286
0.004578
0.004353
0.004232
0.004219
0.00428
0.004363
0.004489
0.004308
0.004597
0.004711
0.00476
0.0046
0.004642
0.004595
0.004276
0.00434
0.004638
0.004206
0.004359
0.004374
0.004538
0.004192
0.004266
0.004446
0.004529
0.004701
0.004504
0.004477
0.004391
0.00481
0.004448
0.00459
0.004523
0.004479
0.004467
0.004523
0.004334
0.004396
0.004506
0.004461
0.004142
0.00381
0.003757
0.00345
0.003368
0.003704
0.003395
0.003563
0.003529
0.003388
0.003469
0.007468
0.006337
0.006379
0.006485
0.006754
0.005055
0.004034
0.004142
0.00386
0.003842
0.004133
0.003512
0.003543
0.003631
0.003581
0.003548
0.004891
0.006759
0.006176
0.005568
0.00486
0.004392
0.004254
0.003822
0.003721
0.003645
0.003542
0.003498
0.003668
0.00517
0.006605
0.00551
0.005128
0.00461
0.004383
0.004249
0.003939
0.003634
0.003736
0.003605
0.003499
0.0042
0.004537
0.004501
0.004374
0.004141
0.004371
0.004587
0.004381
0.0041
0.004303
0.00409
0.004394
0.00405
0.004155
0.003989
0.004108
0.004115
0.004443
0.004209
0.003816
0.00391
0.003815
0.003824
0.004201
0.003893
0.004178
0.00377
0.00404
0.004074
0.003921
0.003902
0.003965
0.003916
0.003877
0.004134
0.003796
0.003722
0.003822
0.003869
0.003861
0.003762
0.003777
0.003808
0.003763
0.003784
0.003751
0.004114
0.004208
0.003879
0.003819
0.003921
0.00397
0.0038
0.003973
0.004262
0.003735
0.003863
0.005234
0.007249
0.006491
0.005668
0.004665
0.004365
0.004137
0.003986
0.004008
0.005471
0.007468
0.007078
0.00627
0.005448
0.004925
0.004495
0.004841
0.004342
0.004262
0.004136
0.004215
0.004536
0.004136
0.004277
0.004097
0.004092
0.004069
0.004599
0.00408
0.004228
0.004268
0.004196
0.004547
0.004086
0.00412
0.004291
0.004087
0.004162
0.004099
0.004053
0.004007
0.004262
0.004301
0.004279
0.004078
0.004139
0.004178
0.004087
0.004109
0.004021
0.004456
0.004161
0.00443
0.004208
0.004012
0.004421
0.004169
0.004134
0.004181
0.004139
0.004282
0.004562
0.004154
0.004195
0.00406
0.004129
0.004222
0.004369
0.004158
0.004312
0.004108
0.004122
0.004742
0.004369
0.00444
0.004141
0.00417
0.004509
0.004245
0.004498
0.004447
0.006662
0.0077
0.006851
0.006323
0.004668
0.004736
0.004073
0.003792
0.003906
0.003879
0.004228
0.004014
0.005529
0.007443
0.005981
0.005264
0.004764
0.004932
0.005321
0.004948
0.005297
0.004163
0.004281
0.004172
0.003885
0.0038
0.003919
0.004297
0.003915
0.003787
0.003949
0.003941
0.003967
0.003787
0.003802
0.004462
0.004391
0.003754
0.003797
0.003752
0.003817
0.004056
0.004111
0.004105
0.004182
0.003922
0.003952
0.003976
0.003873
0.003978
0.004064
0.00431
0.003835
0.003971
0.004031
0.004154
0.004224
0.003816
0.004372
0.003814
0.003799
0.003972
0.003933
0.003839
0.004015
0.004053
0.003795
0.004389
0.003804
0.003843
0.003935
0.003781
0.003948
0.003822
0.003863
0.00382
0.004197
0.003917
0.004015
0.003818
0.003947
0.003837
0.003958
0.003959
0.004007
0.004314
0.003858
0.003956
0.003884
0.004012
0.005066
0.004213
0.004279
0.006592
0.005815
0.005369
0.003921
0.005009
0.006666
0.006606
0.005429
0.004778
0.004359
0.003719
0.003728
0.00376
0.003495
0.003404
0.003462
0.003503
0.003507
0.003567
0.003627
0.003451
0.003686
0.003495
0.003435
0.003381
0.003461
0.003531
0.003488
0.003889
0.003641
0.00342
0.003426
0.003409
0.003447
0.003474
0.003738
0.003652
0.003643
0.00349
0.003459
0.003431
0.003513
0.004084
0.003613
0.003565
0.003513
0.003576
0.003675
0.004269
0.003468
0.003526
0.003606
0.003525
0.003673
0.003607
0.003464
0.003419
0.003451
0.003834
0.003765
0.003513
0.003736
0.003829
0.003875
0.003838
0.003816
0.003802
0.003855
0.003765
0.004184
0.003886
0.003868
0.003827
0.003834
0.003883
0.003843
0.003889
0.003977
0.003957
0.003921
0.004187
0.0038
0.003819
0.003794
0.003874
0.003868
0.00382
0.004046
0.004448
0.00397
0.004104
0.004067
0.003718
0.004054
0.004211
0.003793
0.003694
0.003761
0.003708
0.005399
0.007356
0.006797
0.005792
0.004428
0.007701
0.007485
0.005558
0.005096
0.004558
0.004425
0.003934
0.003882
0.00357
0.00354
0.004254
0.003286
0.003388
0.003462
0.00358
0.003639
0.003575
0.003865
0.003412
0.003486
0.003504
0.003663
0.003751
0.003576
0.003709
0.003551
0.003526
0.003705
0.003831
0.003812
0.003642
0.004059
0.003862
0.004497
0.004477
0.00491
0.004974
0.00448
0.004379
0.004517
0.004392
0.004354
0.004324
0.004409
0.004635
0.004153
0.004651
0.004419
0.004292
0.00433
0.004342
0.00427
0.004293
0.004445
0.004325
0.004562
0.004562
0.004279
0.004593
0.004641
0.004719
0.004322
0.004229
0.004596
0.004529
0.004253
0.007756
0.007791
0.00684
0.006124
0.005065
0.004502
0.005276
0.004566
0.003899
0.00365
0.00374
0.003721
0.003681
0.003546
0.00357
0.004192
0.00402
0.003756
0.003611
0.003515
0.004063
0.003999
0.004257
0.004326
0.004913
0.004273
0.004526
0.004289
0.004791
0.004473
0.004301
0.004351
0.004721
0.004463
0.006422
0.006902
0.00519
0.004898
0.005259
0.004353
0.00472
0.004271
0.00456
0.004329
0.004797
0.004314
0.004514
0.005136
0.004616
0.004808
0.005314
0.004528
0.004684
0.005199
0.004404
0.004492
0.004602
0.004344
0.004245
0.004396
0.004394
0.004859
0.004294
0.004396
0.004416
0.004698
0.004353
0.004405
0.004302
0.004405
0.004399
0.00452
0.004434
0.004598
0.004396
0.004479
0.00439
0.004404
0.006753
0.008446
0.007375
0.006475
0.005953
0.005158
0.004787
0.004495
0.004464
0.004409
0.004488
0.004284
0.004636
0.004629
0.00468
0.004331
0.004436
0.004478
0.004712
0.004475
0.00437
0.004334
0.004747
0.004306
0.004294
0.004459
0.00487
0.004389
0.004377
0.004428
0.004439
0.003858
0.003848
0.004053
0.004087
0.003598
0.003885
0.003593
0.00357
0.003992
0.003972
0.003595
0.003589
0.003559
0.003487
0.003723
0.003549
0.004316
0.00438
0.004362
0.004294
0.004362
0.004215
0.004255
0.004513
0.004546
0.004351
0.004552
0.004467
0.004921
0.004689
0.004458
0.004614
0.004445
0.00456
0.004411
0.004549
0.004338
0.004539
0.004432
0.004495
0.004276
0.004477
0.004344
0.004335
0.004846
0.004727
0.004702
0.004864
0.004882
0.005309
0.004724
0.00483
0.004706
0.004856
0.00486
0.006353
0.007407
0.007923
0.00899
0.009365
0.007609
0.005569
0.006028
0.005669
0.005481
0.005374
0.005554
0.005651
0.005162
0.005496
0.004917
0.005249
0.004711
0.004859
0.004926
0.004693
0.004288
0.004936
0.005092
0.006702
0.006902
0.009577
0.008355
0.00674
0.006399
0.005086
0.00502
0.00413
0.003948
0.006815
0.008379
0.006561
0.007013
0.005348
0.005313
0.005265
0.004754
0.004606
0.005198
0.00486
0.004669
0.007241
0.008283
0.007132
0.005691
0.005332
0.004653
0.004774
0.004754
0.00505
0.005358
0.005056
0.004919
0.004932
0.004708
0.00649
0.005531
0.004819
0.004387
0.005716
0.006366
0.004573
0.004895
0.005916
0.004968
0.004098
0.004302
0.004682
0.005325
0.004599
0.00412
0.004082
0.004645
0.004777
0.00472
0.004875
0.004193
0.004158
0.004059
0.004162
0.004594
0.004865
0.004175
0.0043
0.004505
0.004029
0.004085
0.004257
0.004638
0.004542
0.004433
0.004185
0.003707
0.003771
0.004091
0.006292
0.004179
0.004226
0.006203
0.008096
0.007294
0.006008
0.004908
0.005036
0.004212
0.004288
0.005745
0.004703
0.004401
0.004185
0.004496
0.004281
0.004763
0.004574
0.006276
0.008228
0.006911
0.006164
0.005001
0.005064
0.004206
0.004325
0.00453
0.005028
0.004607
0.004451
0.004443
0.004276
0.004617
0.00422
0.004978
0.00437
0.006191
0.008312
0.006736
0.006818
0.004951
0.004662
0.004786
0.004419
0.004348
0.004678
0.004734
0.004442
0.004184
0.004405
0.00669
0.008094
0.009025
0.008475
0.008131
0.008139
0.007145
0.006199
0.005291
0.005221
0.006025
0.008163
0.0084
0.008391
0.007345
0.006339
0.004892
0.004839
0.005342
0.005252
0.004318
0.00427
0.004567
0.004094
0.004218
0.004162
0.005089
0.004491
0.004416
0.004188
0.004601
0.005054
0.005006
0.004372
0.004669
0.004178
0.004311
0.004414
0.004898
0.004342
0.00439
0.004233
0.004356
0.004578
0.004606
0.004602
0.005416
0.004669
0.004376
0.004708
0.005008
0.004553
0.004756
0.004413
0.004694
0.00457
0.004511
0.004371
0.004226
0.00423
0.004532
0.004153
0.004436
0.004125
0.008037
0.009151
0.005534
0.006948
0.007602
0.006435
0.005582
0.004692
0.00491
0.004468
0.004841
0.004252
0.004361
0.004356
0.004381
0.0043
0.004328
0.004768
0.004515
0.004521
0.004573
0.004168
0.004172
0.004891
0.005357
0.006486
0.005307
0.006736
0.006044
0.00494
0.004494
0.004704
0.005168
0.004844
0.00425
0.004229
0.004195
0.004465
0.00439
0.005478
0.006469
0.007901
0.007108
0.006003
0.006148
0.007482
0.008774
0.007156
0.006166
0.00568
0.004927
0.004529
0.006969
0.007818
0.006751
0.006577
0.005049
0.005084
0.004416
0.00443
0.004336
0.004749
0.004321
0.004379
0.004397
0.00476
0.004315
0.004698
0.008674
0.007589
0.006265
0.005189
0.005084
0.004597
0.004463
0.004301
0.004312
0.004199
0.004128
0.004417
0.004312
0.004635
0.004648
0.004381
0.004481
0.004428
0.004476
0.006785
0.008533
0.006993
0.006214
0.005324
0.004846
0.004348
0.004419
0.004288
0.004255
0.004226
0.004243
0.004252
