0.00012,0.000121,0.000151,0,0,0,0,0,0,0,0,0,0,0,0
0.21862,0.23508,0.21751,0,0,0,0,0,0,0,0,0,0,0,0
0.00618,0.006125,0.006016,0,0,0,0,0,0,0,0,0,0,0,0
0.006015,0.006301,0.006009,0,0,0,0,0,0,0,0,0,0,0,0
0.005337,0.005884,0.005592,0,0,0,0,0,0,0,0,0,0,0,0
0.005834,0.006615,0.005569,0,0,0,0,0,0,0,0,0,0,0,0
0.005616,0.005526,0.005326,0,0,0,0,0,0,0,0,0,0,0,0
0.00526,0.006231,0.005207,0,0,0,0,0,0,0,0,0,0,0,0
0.00547,0.005964,0.005472,0,0,0,0,0,0,0,0,0,0,0,0
0.005362,0.00633,0.005507,0,0,0,0,0,0,0,0,0,0,0,0
0.005398,0.005728,0.005641,0,0,0,0,0,0,0,0,0,0,0,0
0.005442,0.005791,0.00537,0,0,0,0,0,0,0,0,0,0,0,0
0.005555,0.006441,0.005454,0,0,0,0,0,0,0,0,0,0,0,0
0.005575,0.006246,0.005515,0,0,0,0,0,0,0,0,0,0,0,0
0.00541,0.005746,0.005757,0,0,0,0,0,0,0,0,0,0,0,0
0.006242,0.00607,0.005574,0,0,0,0,0,0,0,0,0,0,0,0
0.005462,0.01196,0.006098,0,0,0,0,0,0,0,0,0,0,0,0
NaN,NaN,NaN,0,0,0,0,0,0,0,0,0,0,0,0
NaN,NaN,NaN,0,0,0,0,0,0,0,0,0,0,0,0
NaN,NaN,NaN,0,0,0,0,0,0,0,0,0,0,0,0
NaN,NaN,NaN,0,0,0,0,0,0,0,0,0,0,0,0
0.000104,0.000178,0.000172,0,0,0,0,0,0,0,0,0,0,0,0
0.24346,0.22955,0.22365,0,0,0,0,0,0,0,0,0,0,0,0
0.006054,0.006957,0.006048,0,0,0,0,0,0,0,0,0,0,0,0
0.005565,0.005465,0.005503,0,0,0,0,0,0,0,0,0,0,0,0
0.005271,0.005597,0.005402,0,0,0,0,0,0,0,0,0,0,0,0
0.005286,0.006055,0.005449,0,0,0,0,0,0,0,0,0,0,0,0
0.005393,0.005326,0.005551,0,0,0,0,0,0,0,0,0,0,0,0
0.005455,0.006112,0.005385,0,0,0,0,0,0,0,0,0,0,0,0
0.005322,0.005408,0.005332,0,0,0,0,0,0,0,0,0,0,0,0
0.005363,0.005517,0.00542,0,0,0,0,0,0,0,0,0,0,0,0
0.00531,0.005639,0.005262,0,0,0,0,0,0,0,0,0,0,0,0
0.005478,0.006041,0.005605,0,0,0,0,0,0,0,0,0,0,0,0
0.005544,0.006454,0.005407,0,0,0,0,0,0,0,0,0,0,0,0
0.005546,0.006334,0.005601,0,0,0,0,0,0,0,0,0,0,0,0
0.005466,0.005943,0.005402,0,0,0,0,0,0,0,0,0,0,0,0
0.006403,0.005751,0.005494,0,0,0,0,0,0,0,0,0,0,0,0
0.005453,0.005738,0.005259,0,0,0,0,0,0,0,0,0,0,0,0
0.005687,0.005387,0.005418,0,0,0,0,0,0,0,0,0,0,0,0
0.00599,0.005635,0.005432,0,0,0,0,0,0,0,0,0,0,0,0
0.005534,0.006033,0.005621,0,0,0,0,0,0,0,0,0,0,0,0
0.005772,0.006174,0.005737,0,0,0,0,0,0,0,0,0,0,0,0
0.005525,0.005535,0.006046,0,0,0,0,0,0,0,0,0,0,0,0
0.006171,0.005639,0.006149,0,0,0,0,0,0,0,0,0,0,0,0
0.005467,0.00593,0.005473,0,0,0,0,0,0,0,0,0,0,0,0
0.005681,0.007998,0.00607,0,0,0,0,0,0,0,0,0,0,0,0
0.005681,0.012073,0.00567,0,0,0,0,0,0,0,0,0,0,0,0
0.00534,0.008446,0.005681,0,0,0,0,0,0,0,0,0,0,0,0
0.005773,0.00678,0.00604,0,0,0,0,0,0,0,0,0,0,0,0
0.005849,0.006214,0.005678,0,0,0,0,0,0,0,0,0,0,0,0
0.005938,0.005586,0.005542,0,0,0,0,0,0,0,0,0,0,0,0
0.005574,0.005698,0.005902,0,0,0,0,0,0,0,0,0,0,0,0
0.005414,0.006007,0.005689,0,0,0,0,0,0,0,0,0,0,0,0
0.006615,0.005456,0.005997,0,0,0,0,0,0,0,0,0,0,0,0
0.005411,0.00548,0.005366,0,0,0,0,0,0,0,0,0,0,0,0
0.005895,0.005503,0.005525,0,0,0,0,0,0,0,0,0,0,0,0
0.006599,0.005797,0.005379,0,0,0,0,0,0,0,0,0,0,0,0
0.005333,0.005482,0.005414,0,0,0,0,0,0,0,0,0,0,0,0
NaN,NaN,NaN,0,0,0,0,0,0,0,0,0,0,0,0
NaN,NaN,NaN,0,0,0,0,0,0,0,0,0,0,0,0
NaN,NaN,NaN,0,0,0,0,0,0,0,0,0,0,0,0
NaN,NaN,NaN,0,0,0,0,0,0,0,0,0,0,0,0
0.000167,0.000153,0.000179,0,0,0,0,0,0,0,0,0,0,0,0
0.22473,0.23274,0.22126,0,0,0,0,0,0,0,0,0,0,0,0
0.006386,0.013353,0.006823,0,0,0,0,0,0,0,0,0,0,0,0
0.00557,0.009861,0.005614,0,0,0,0,0,0,0,0,0,0,0,0
0.005635,0.006879,0.006143,0,0,0,0,0,0,0,0,0,0,0,0
0.005609,0.006443,0.006034,0,0,0,0,0,0,0,0,0,0,0,0
0.005954,0.006903,0.005811,0,0,0,0,0,0,0,0,0,0,0,0
0.005711,0.006348,0.006004,0,0,0,0,0,0,0,0,0,0,0,0
0.005622,0.005777,0.005841,0,0,0,0,0,0,0,0,0,0,0,0
0.006328,0.007269,0.005601,0,0,0,0,0,0,0,0,0,0,0,0
0.005759,0.00677,0.005532,0,0,0,0,0,0,0,0,0,0,0,0
0.005698,0.006409,0.005644,0,0,0,0,0,0,0,0,0,0,0,0
0.005706,0.006139,0.005566,0,0,0,0,0,0,0,0,0,0,0,0
0.005638,0.005921,0.006041,0,0,0,0,0,0,0,0,0,0,0,0
0.005672,0.006095,0.006099,0,0,0,0,0,0,0,0,0,0,0,0
0.005708,0.005586,0.005597,0,0,0,0,0,0,0,0,0,0,0,0
0.006088,0.005649,0.005626,0,0,0,0,0,0,0,0,0,0,0,0
0.005741,0.005751,0.005746,0,0,0,0,0,0,0,0,0,0,0,0
0.005847,0.005568,0.005565,0,0,0,0,0,0,0,0,0,0,0,0
0.005708,0.006148,0.006338,0,0,0,0,0,0,0,0,0,0,0,0
0.005729,0.00624,0.005428,0,0,0,0,0,0,0,0,0,0,0,0
0.006249,0.005567,0.005889,0,0,0,0,0,0,0,0,0,0,0,0
0.005759,0.006127,0.005921,0,0,0,0,0,0,0,0,0,0,0,0
0.005904,0.005983,0.007465,0,0,0,0,0,0,0,0,0,0,0,0
0.005674,0.005753,0.00643,0,0,0,0,0,0,0,0,0,0,0,0
0.005891,0.00597,0.012276,0,0,0,0,0,0,0,0,0,0,0,0
0.005872,0.005995,0.009014,0,0,0,0,0,0,0,0,0,0,0,0
0.006024,0.005892,0.006811,0,0,0,0,0,0,0,0,0,0,0,0
0.005857,0.00593,0.006902,0,0,0,0,0,0,0,0,0,0,0,0
0.006197,0.005932,0.006029,0,0,0,0,0,0,0,0,0,0,0,0
0.005898,0.005932,0.005893,0,0,0,0,0,0,0,0,0,0,0,0
0.005867,0.005593,0.006366,0,0,0,0,0,0,0,0,0,0,0,0
0.006393,0.005625,0.005923,0,0,0,0,0,0,0,0,0,0,0,0
0.005759,0.00571,0.005487,0,0,0,0,0,0,0,0,0,0,0,0
0.005666,0.005624,0.005611,0,0,0,0,0,0,0,0,0,0,0,0
0.00621,0.005569,0.005895,0,0,0,0,0,0,0,0,0,0,0,0
0.006345,0.005902,0.006049,0,0,0,0,0,0,0,0,0,0,0,0
0.006381,0.005851,0.006344,0,0,0,0,0,0,0,0,0,0,0,0
0.00698,0.005582,0.011981,0,0,0,0,0,0,0,0,0,0,0,0
0.006298,0.006958,0.009535,0,0,0,0,0,0,0,0,0,0,0,0
0.00663,0.012505,0.007506,0,0,0,0,0,0,0,0,0,0,0,0
0.006165,0.009974,0.00653,0,0,0,0,0,0,0,0,0,0,0,0
0.006588,0.007116,0.005839,0,0,0,0,0,0,0,0,0,0,0,0
0.005898,0.007576,0.005829,0,0,0,0,0,0,0,0,0,0,0,0
0.006361,0.006235,0.006177,0,0,0,0,0,0,0,0,0,0,0,0
0.005782,0.005702,0.006473,0,0,0,0,0,0,0,0,0,0,0,0
0.006424,0.007101,0.012539,0,0,0,0,0,0,0,0,0,0,0,0
0.005806,0.006155,0.009932,0,0,0,0,0,0,0,0,0,0,0,0
0.00582,0.006137,0.007214,0,0,0,0,0,0,0,0,0,0,0,0
0.006376,0.006464,0.006356,0,0,0,0,0,0,0,0,0,0,0,0
0.005774,0.005835,0.005721,0,0,0,0,0,0,0,0,0,0,0,0
0.005609,0.00631,0.005796,0,0,0,0,0,0,0,0,0,0,0,0
0.005914,0.012344,0.00597,0,0,0,0,0,0,0,0,0,0,0,0
0.00579,0.010111,0.005708,0,0,0,0,0,0,0,0,0,0,0,0
0.00652,0.012487,0.006,0,0,0,0,0,0,0,0,0,0,0,0
0.01204,0.010101,0.005965,0,0,0,0,0,0,0,0,0,0,0,0
0.008622,0.014251,0.005912,0,0,0,0,0,0,0,0,0,0,0,0
0.006581,0.012046,0.005817,0,0,0,0,0,0,0,0,0,0,0,0
0.006087,0.009459,0.006367,0,0,0,0,0,0,0,0,0,0,0,0
0.00594,0.007847,0.005975,0,0,0,0,0,0,0,0,0,0,0,0
0.005595,0.006134,0.006012,0,0,0,0,0,0,0,0,0,0,0,0
NaN,NaN,NaN,0,0,0,0,0,0,0,0,0,0,0,0
NaN,NaN,NaN,0,0,0,0,0,0,0,0,0,0,0,0
NaN,NaN,NaN,0,0,0,0,0,0,0,0,0,0,0,0
NaN,NaN,NaN,0,0,0,0,0,0,0,0,0,0,0,0
0.000169,0.000194,0.000166,0,0,0,0,0,0,0,0,0,0,0,0
0.23094,0.23214,0.21703,0,0,0,0,0,0,0,0,0,0,0,0
0.007816,0.006952,0.007741,0,0,0,0,0,0,0,0,0,0,0,0
0.006343,0.006086,0.012455,0,0,0,0,0,0,0,0,0,0,0,0
0.005734,0.005782,0.00921,0,0,0,0,0,0,0,0,0,0,0,0
0.005989,0.005925,0.007276,0,0,0,0,0,0,0,0,0,0,0,0
0.005679,0.007474,0.006551,0,0,0,0,0,0,0,0,0,0,0,0
0.005581,0.005897,0.005734,0,0,0,0,0,0,0,0,0,0,0,0
0.006082,0.006136,0.005508,0,0,0,0,0,0,0,0,0,0,0,0
0.005962,0.006124,0.005908,0,0,0,0,0,0,0,0,0,0,0,0
0.005637,0.005871,0.005901,0,0,0,0,0,0,0,0,0,0,0,0
0.005607,0.00631,0.005949,0,0,0,0,0,0,0,0,0,0,0,0
0.005888,0.006235,0.005704,0,0,0,0,0,0,0,0,0,0,0,0
0.00567,0.006854,0.005582,0,0,0,0,0,0,0,0,0,0,0,0
0.00558,0.005837,0.005684,0,0,0,0,0,0,0,0,0,0,0,0
0.00567,0.005627,0.00565,0,0,0,0,0,0,0,0,0,0,0,0
0.005847,0.007402,0.006636,0,0,0,0,0,0,0,0,0,0,0,0
0.006273,0.00592,0.005536,0,0,0,0,0,0,0,0,0,0,0,0
0.005623,0.005689,0.005631,0,0,0,0,0,0,0,0,0,0,0,0
0.005528,0.006248,0.005682,0,0,0,0,0,0,0,0,0,0,0,0
0.005796,0.005722,0.006073,0,0,0,0,0,0,0,0,0,0,0,0
0.005639,0.006402,0.006036,0,0,0,0,0,0,0,0,0,0,0,0
0.006162,0.011634,0.005629,0,0,0,0,0,0,0,0,0,0,0,0
0.005426,0.009209,0.005814,0,0,0,0,0,0,0,0,0,0,0,0
0.005515,0.007987,0.005643,0,0,0,0,0,0,0,0,0,0,0,0
0.005625,0.011553,0.005551,0,0,0,0,0,0,0,0,0,0,0,0
0.005502,0.008931,0.006348,0,0,0,0,0,0,0,0,0,0,0,0
0.00579,0.007997,0.005708,0,0,0,0,0,0,0,0,0,0,0,0
0.005729,0.005751,0.005707,0,0,0,0,0,0,0,0,0,0,0,0
0.006172,0.006171,0.005846,0,0,0,0,0,0,0,0,0,0,0,0
0.005608,0.005813,0.006029,0,0,0,0,0,0,0,0,0,0,0,0
0.005619,0.005726,0.006722,0,0,0,0,0,0,0,0,0,0,0,0
0.005557,0.005894,0.006726,0,0,0,0,0,0,0,0,0,0,0,0
0.005636,0.006057,0.007206,0,0,0,0,0,0,0,0,0,0,0,0
0.00572,0.005719,0.007021,0,0,0,0,0,0,0,0,0,0,0,0
0.005437,0.00599,0.006295,0,0,0,0,0,0,0,0,0,0,0,0
0.005483,0.00561,0.007388,0,0,0,0,0,0,0,0,0,0,0,0
0.005425,0.005703,0.006792,0,0,0,0,0,0,0,0,0,0,0,0
0.005591,0.006558,0.006294,0,0,0,0,0,0,0,0,0,0,0,0
0.005564,0.006129,0.005931,0,0,0,0,0,0,0,0,0,0,0,0
0.005493,0.005701,0.006234,0,0,0,0,0,0,0,0,0,0,0,0
0.005747,0.005596,0.006016,0,0,0,0,0,0,0,0,0,0,0,0
0.006232,0.005743,0.006087,0,0,0,0,0,0,0,0,0,0,0,0
0.005579,0.005886,0.006856,0,0,0,0,0,0,0,0,0,0,0,0
0.00545,0.005995,0.00677,0,0,0,0,0,0,0,0,0,0,0,0
0.005449,0.00564,0.006508,0,0,0,0,0,0,0,0,0,0,0,0
0.005657,0.005751,0.00578,0,0,0,0,0,0,0,0,0,0,0,0
0.005856,0.006181,0.006198,0,0,0,0,0,0,0,0,0,0,0,0
0.005787,0.005604,0.006939,0,0,0,0,0,0,0,0,0,0,0,0
NaN,NaN,NaN,0,0,0,0,0,0,0,0,0,0,0,0
NaN,NaN,NaN,0,0,0,0,0,0,0,0,0,0,0,0
NaN,NaN,NaN,0,0,0,0,0,0,0,0,0,0,0,0
NaN,NaN,NaN,0,0,0,0,0,0,0,0,0,0,0,0
0.000163,0.000216,0.000193,0,0,0,0,0,0,0,0,0,0,0,0
0.22583,0.2493,0.22868,0,0,0,0,0,0,0,0,0,0,0,0
0.006501,0.006994,0.007034,0,0,0,0,0,0,0,0,0,0,0,0
0.005739,0.00658,0.006032,0,0,0,0,0,0,0,0,0,0,0,0
0.006463,0.005903,0.006055,0,0,0,0,0,0,0,0,0,0,0,0
0.005708,0.006341,0.005876,0,0,0,0,0,0,0,0,0,0,0,0
0.005842,0.00708,0.006025,0,0,0,0,0,0,0,0,0,0,0,0
0.005679,0.006645,0.005891,0,0,0,0,0,0,0,0,0,0,0,0
0.00629,0.005981,0.006298,0,0,0,0,0,0,0,0,0,0,0,0
0.005786,0.006005,0.005694,0,0,0,0,0,0,0,0,0,0,0,0
0.005624,0.006439,0.006191,0,0,0,0,0,0,0,0,0,0,0,0
0.00594,0.007815,0.006293,0,0,0,0,0,0,0,0,0,0,0,0
0.005806,0.005854,0.006112,0,0,0,0,0,0,0,0,0,0,0,0
0.005944,0.005907,0.005969,0,0,0,0,0,0,0,0,0,0,0,0
0.005697,0.005783,0.005983,0,0,0,0,0,0,0,0,0,0,0,0
0.005676,0.006262,0.006078,0,0,0,0,0,0,0,0,0,0,0,0
0.006055,0.007368,0.006342,0,0,0,0,0,0,0,0,0,0,0,0
0.005855,0.006549,0.005857,0,0,0,0,0,0,0,0,0,0,0,0
0.005611,0.007327,0.006483,0,0,0,0,0,0,0,0,0,0,0,0
0.005896,0.00726,0.012732,0,0,0,0,0,0,0,0,0,0,0,0
0.005797,0.007673,0.009578,0,0,0,0,0,0,0,0,0,0,0,0
0.006994,0.006603,0.007558,0,0,0,0,0,0,0,0,0,0,0,0
0.006879,0.00611,0.005833,0,0,0,0,0,0,0,0,0,0,0,0
0.006292,0.006995,0.00686,0,0,0,0,0,0,0,0,0,0,0,0
0.006823,0.006696,0.007207,0,0,0,0,0,0,0,0,0,0,0,0
0.006484,0.007323,0.00668,0,0,0,0,0,0,0,0,0,0,0,0
0.006356,0.00608,0.006429,0,0,0,0,0,0,0,0,0,0,0,0
0.005677,0.006256,0.006828,0,0,0,0,0,0,0,0,0,0,0,0
0.006059,0.005962,0.007025,0,0,0,0,0,0,0,0,0,0,0,0
0.005753,0.007204,0.006513,0,0,0,0,0,0,0,0,0,0,0,0
0.005623,0.006236,0.006717,0,0,0,0,0,0,0,0,0,0,0,0
0.006045,0.006328,0.006667,0,0,0,0,0,0,0,0,0,0,0,0
0.006272,0.00638,0.006262,0,0,0,0,0,0,0,0,0,0,0,0
0.005557,0.006041,0.006072,0,0,0,0,0,0,0,0,0,0,0,0
0.005731,0.007342,0.006151,0,0,0,0,0,0,0,0,0,0,0,0
NaN,NaN,NaN,0,0,0,0,0,0,0,0,0,0,0,0
NaN,NaN,NaN,0,0,0,0,0,0,0,0,0,0,0,0
NaN,NaN,NaN,0,0,0,0,0,0,0,0,0,0,0,0
NaN,NaN,NaN,0,0,0,0,0,0,0,0,0,0,0,0
0.000153,0.000137,0.000151,0,0,0,0,0,0,0,0,0,0,0,0
0.25321,0.24505,0.2273,0,0,0,0,0,0,0,0,0,0,0,0
0.006215,0.006106,0.005943,0,0,0,0,0,0,0,0,0,0,0,0
0.005699,0.006113,0.005402,0,0,0,0,0,0,0,0,0,0,0,0
0.005191,0.005197,0.005605,0,0,0,0,0,0,0,0,0,0,0,0
0.00522,0.005905,0.005853,0,0,0,0,0,0,0,0,0,0,0,0
0.005396,0.005401,0.005393,0,0,0,0,0,0,0,0,0,0,0,0
0.005383,0.005486,0.005349,0,0,0,0,0,0,0,0,0,0,0,0
0.005458,0.005395,0.005444,0,0,0,0,0,0,0,0,0,0,0,0
0.005235,0.005349,0.005378,0,0,0,0,0,0,0,0,0,0,0,0
0.005809,0.00542,0.005265,0,0,0,0,0,0,0,0,0,0,0,0
0.011856,0.005416,0.005368,0,0,0,0,0,0,0,0,0,0,0,0
0.007927,0.00525,0.005656,0,0,0,0,0,0,0,0,0,0,0,0
0.006569,0.005303,0.006106,0,0,0,0,0,0,0,0,0,0,0,0
0.00607,0.005498,0.005459,0,0,0,0,0,0,0,0,0,0,0,0
0.005265,0.005268,0.005444,0,0,0,0,0,0,0,0,0,0,0,0
0.005581,0.005548,0.005402,0,0,0,0,0,0,0,0,0,0,0,0
0.005248,0.005645,0.005337,0,0,0,0,0,0,0,0,0,0,0,0
0.005239,0.005755,0.005294,0,0,0,0,0,0,0,0,0,0,0,0
0.005417,0.005284,0.005423,0,0,0,0,0,0,0,0,0,0,0,0
0.005365,0.005454,0.005331,0,0,0,0,0,0,0,0,0,0,0,0
0.005313,0.005192,0.005387,0,0,0,0,0,0,0,0,0,0,0,0
0.006539,0.005608,0.005522,0,0,0,0,0,0,0,0,0,0,0,0
0.0054,0.005246,0.005249,0,0,0,0,0,0,0,0,0,0,0,0
0.00602,0.005541,0.006272,0,0,0,0,0,0,0,0,0,0,0,0
0.005327,0.005442,0.006786,0,0,0,0,0,0,0,0,0,0,0,0
0.005458,0.005956,0.005464,0,0,0,0,0,0,0,0,0,0,0,0
0.005351,0.005453,0.006196,0,0,0,0,0,0,0,0,0,0,0,0
0.005338,0.005311,0.005493,0,0,0,0,0,0,0,0,0,0,0,0
0.005275,0.005236,0.006471,0,0,0,0,0,0,0,0,0,0,0,0
0.005479,0.005958,0.007193,0,0,0,0,0,0,0,0,0,0,0,0
0.005314,0.005311,0.005894,0,0,0,0,0,0,0,0,0,0,0,0
0.005566,0.005322,0.00531,0,0,0,0,0,0,0,0,0,0,0,0
0.005503,0.006145,0.005854,0,0,0,0,0,0,0,0,0,0,0,0
0.005405,0.005504,0.007309,0,0,0,0,0,0,0,0,0,0,0,0
0.005353,0.005354,0.005467,0,0,0,0,0,0,0,0,0,0,0,0
0.005423,0.00536,0.005325,0,0,0,0,0,0,0,0,0,0,0,0
0.005832,0.0064,0.006671,0,0,0,0,0,0,0,0,0,0,0,0
0.005298,0.011629,0.00589,0,0,0,0,0,0,0,0,0,0,0,0
0.005321,0.009811,0.006651,0,0,0,0,0,0,0,0,0,0,0,0
0.005363,0.007385,0.005754,0,0,0,0,0,0,0,0,0,0,0,0
0.005482,0.006393,0.005571,0,0,0,0,0,0,0,0,0,0,0,0
0.005418,0.006069,0.00559,0,0,0,0,0,0,0,0,0,0,0,0
0.005425,0.005453,0.005305,0,0,0,0,0,0,0,0,0,0,0,0
0.005547,0.007431,0.005302,0,0,0,0,0,0,0,0,0,0,0,0
0.005406,0.007155,0.006322,0,0,0,0,0,0,0,0,0,0,0,0
0.005612,0.006435,0.005575,0,0,0,0,0,0,0,0,0,0,0,0
0.005473,0.005682,0.006264,0,0,0,0,0,0,0,0,0,0,0,0
0.005351,0.00626,0.011352,0,0,0,0,0,0,0,0,0,0,0,0
0.005635,0.005321,0.008788,0,0,0,0,0,0,0,0,0,0,0,0
0.005308,0.005205,0.006602,0,0,0,0,0,0,0,0,0,0,0,0
0.005298,0.005305,0.005842,0,0,0,0,0,0,0,0,0,0,0,0
0.005322,0.005286,0.005379,0,0,0,0,0,0,0,0,0,0,0,0
0.005442,0.00551,0.005633,0,0,0,0,0,0,0,0,0,0,0,0
0.005347,0.005499,0.005401,0,0,0,0,0,0,0,0,0,0,0,0
0.005385,0.005359,0.006082,0,0,0,0,0,0,0,0,0,0,0,0
0.005242,0.0053,0.005915,0,0,0,0,0,0,0,0,0,0,0,0
0.00522,0.005885,0.005375,0,0,0,0,0,0,0,0,0,0,0,0
0.00557,0.005241,0.005492,0,0,0,0,0,0,0,0,0,0,0,0
0.005212,0.005444,0.005488,0,0,0,0,0,0,0,0,0,0,0,0
0.005923,0.005379,0.005388,0,0,0,0,0,0,0,0,0,0,0,0
0.005371,0.0056,0.005523,0,0,0,0,0,0,0,0,0,0,0,0
0.00655,0.005311,0.005621,0,0,0,0,0,0,0,0,0,0,0,0
0.005453,0.005792,0.005357,0,0,0,0,0,0,0,0,0,0,0,0
0.005399,0.00518,0.005556,0,0,0,0,0,0,0,0,0,0,0,0
0.005333,0.005632,0.005347,0,0,0,0,0,0,0,0,0,0,0,0
0.005551,0.005713,0.005569,0,0,0,0,0,0,0,0,0,0,0,0
0.005401,0.005656,0.005633,0,0,0,0,0,0,0,0,0,0,0,0
0.005275,0.005396,0.005262,0,0,0,0,0,0,0,0,0,0,0,0
0.005528,0.005173,0.005492,0,0,0,0,0,0,0,0,0,0,0,0
0.011526,0.005345,0.005765,0,0,0,0,0,0,0,0,0,0,0,0
0.009103,0.00547,0.005375,0,0,0,0,0,0,0,0,0,0,0,0
0.007848,0.005698,0.005745,0,0,0,0,0,0,0,0,0,0,0,0
0.006058,0.005244,0.005396,0,0,0,0,0,0,0,0,0,0,0,0
0.005555,0.005345,0.005583,0,0,0,0,0,0,0,0,0,0,0,0
0.005702,0.005174,0.005331,0,0,0,0,0,0,0,0,0,0,0,0
0.005431,0.005541,0.006008,0,0,0,0,0,0,0,0,0,0,0,0
0.005272,0.00551,0.00566,0,0,0,0,0,0,0,0,0,0,0,0
0.005867,0.00527,0.005368,0,0,0,0,0,0,0,0,0,0,0,0
0.005668,0.005316,0.005278,0,0,0,0,0,0,0,0,0,0,0,0
0.005552,0.00539,0.005328,0,0,0,0,0,0,0,0,0,0,0,0
0.005473,0.005313,0.005505,0,0,0,0,0,0,0,0,0,0,0,0
0.005412,0.005267,0.005387,0,0,0,0,0,0,0,0,0,0,0,0
0.005339,0.005373,0.005368,0,0,0,0,0,0,0,0,0,0,0,0
0.00537,0.005207,0.005596,0,0,0,0,0,0,0,0,0,0,0,0
0.005232,0.006131,0.00535,0,0,0,0,0,0,0,0,0,0,0,0
0.005403,0.011416,0.005366,0,0,0,0,0,0,0,0,0,0,0,0
0.005454,0.007812,0.005456,0,0,0,0,0,0,0,0,0,0,0,0
0.00521,0.006416,0.005423,0,0,0,0,0,0,0,0,0,0,0,0
0.005627,0.005961,0.005906,0,0,0,0,0,0,0,0,0,0,0,0
0.006403,0.005335,0.005422,0,0,0,0,0,0,0,0,0,0,0,0
0.005502,0.005154,0.005848,0,0,0,0,0,0,0,0,0,0,0,0
0.005478,0.005166,0.00563,0,0,0,0,0,0,0,0,0,0,0,0
0.005293,0.005463,0.005495,0,0,0,0,0,0,0,0,0,0,0,0
0.005651,0.005551,0.0054,0,0,0,0,0,0,0,0,0,0,0,0
0.005316,0.005326,0.005978,0,0,0,0,0,0,0,0,0,0,0,0
0.005531,0.005682,0.005274,0,0,0,0,0,0,0,0,0,0,0,0
0.005468,0.005253,0.005724,0,0,0,0,0,0,0,0,0,0,0,0
0.00546,0.005458,0.005242,0,0,0,0,0,0,0,0,0,0,0,0
0.005301,0.005332,0.005501,0,0,0,0,0,0,0,0,0,0,0,0
0.005688,0.005601,0.005315,0,0,0,0,0,0,0,0,0,0,0,0
0.005298,0.005282,0.005525,0,0,0,0,0,0,0,0,0,0,0,0
0.005445,0.005731,0.005848,0,0,0,0,0,0,0,0,0,0,0,0
0.005319,0.005373,0.00632,0,0,0,0,0,0,0,0,0,0,0,0
0.005779,0.005263,0.006293,0,0,0,0,0,0,0,0,0,0,0,0
0.005238,0.005234,0.00551,0,0,0,0,0,0,0,0,0,0,0,0
0.005572,0.005866,0.005302,0,0,0,0,0,0,0,0,0,0,0,0
0.005547,0.005173,0.007273,0,0,0,0,0,0,0,0,0,0,0,0
0.005306,0.005836,0.006121,0,0,0,0,0,0,0,0,0,0,0,0
0.005258,0.005049,0.00609,0,0,0,0,0,0,0,0,0,0,0,0
0.00582,0.005632,0.005872,0,0,0,0,0,0,0,0,0,0,0,0
0.005719,0.005282,0.005251,0,0,0,0,0,0,0,0,0,0,0,0
0.005604,0.005702,0.005698,0,0,0,0,0,0,0,0,0,0,0,0
0.005344,0.005123,0.005345,0,0,0,0,0,0,0,0,0,0,0,0
0.005258,0.005701,0.005351,0,0,0,0,0,0,0,0,0,0,0,0
0.005229,0.005114,0.005357,0,0,0,0,0,0,0,0,0,0,0,0
0.005367,0.006125,0.005541,0,0,0,0,0,0,0,0,0,0,0,0
0.005237,0.011126,0.005298,0,0,0,0,0,0,0,0,0,0,0,0
0.005594,0.008986,0.005589,0,0,0,0,0,0,0,0,0,0,0,0
0.005412,0.007361,0.005387,0,0,0,0,0,0,0,0,0,0,0,0
0.00545,0.006088,0.005603,0,0,0,0,0,0,0,0,0,0,0,0
0.005297,0.00545,0.005345,0,0,0,0,0,0,0,0,0,0,0,0
0.005857,0.00517,0.005365,0,0,0,0,0,0,0,0,0,0,0,0
0.005149,0.00547,0.005225,0,0,0,0,0,0,0,0,0,0,0,0
0.005864,0.005497,0.005823,0,0,0,0,0,0,0,0,0,0,0,0
0.005314,0.005323,0.005277,0,0,0,0,0,0,0,0,0,0,0,0
0.005407,0.005735,0.005619,0,0,0,0,0,0,0,0,0,0,0,0
0.005309,0.00525,0.005312,0,0,0,0,0,0,0,0,0,0,0,0
0.005663,0.00588,0.005661,0,0,0,0,0,0,0,0,0,0,0,0
0.005414,0.00516,0.00531,0,0,0,0,0,0,0,0,0,0,0,0
0.00547,0.005522,0.005635,0,0,0,0,0,0,0,0,0,0,0,0
0.005391,0.005431,0.005314,0,0,0,0,0,0,0,0,0,0,0,0
0.005606,0.005364,0.005619,0,0,0,0,0,0,0,0,0,0,0,0
0.005758,0.005448,0.007288,0,0,0,0,0,0,0,0,0,0,0,0
0.011395,0.005406,0.007385,0,0,0,0,0,0,0,0,0,0,0,0
0.009211,0.00533,0.006839,0,0,0,0,0,0,0,0,0,0,0,0
0.007391,0.005793,0.005544,0,0,0,0,0,0,0,0,0,0,0,0
0.006974,0.005204,0.005784,0,0,0,0,0,0,0,0,0,0,0,0
0.005399,0.005671,0.005671,0,0,0,0,0,0,0,0,0,0,0,0
0.00556,0.011223,0.009029,0,0,0,0,0,0,0,0,0,0,0,0
0.005581,0.009501,0.006093,0,0,0,0,0,0,0,0,0,0,0,0
0.00528,0.007332,0.007792,0,0,0,0,0,0,0,0,0,0,0,0
0.00554,0.006482,0.007377,0,0,0,0,0,0,0,0,0,0,0,0
0.00526,0.005408,0.008643,0,0,0,0,0,0,0,0,0,0,0,0
0.005154,0.005054,0.007522,0,0,0,0,0,0,0,0,0,0,0,0
0.005998,0.005374,0.008989,0,0,0,0,0,0,0,0,0,0,0,0
0.005259,0.011348,0.005628,0,0,0,0,0,0,0,0,0,0,0,0
0.005506,0.008068,0.006515,0,0,0,0,0,0,0,0,0,0,0,0
0.005185,0.006617,0.005912,0,0,0,0,0,0,0,0,0,0,0,0
0.005891,0.011445,0.006154,0,0,0,0,0,0,0,0,0,0,0,0
0.005343,0.009335,0.005425,0,0,0,0,0,0,0,0,0,0,0,0
0.006517,0.007278,0.006396,0,0,0,0,0,0,0,0,0,0,0,0
0.006559,0.006619,0.005617,0,0,0,0,0,0,0,0,0,0,0,0
0.005319,0.005247,0.005266,0,0,0,0,0,0,0,0,0,0,0,0
0.005356,0.005293,0.005572,0,0,0,0,0,0,0,0,0,0,0,0
0.007309,0.005186,0.005455,0,0,0,0,0,0,0,0,0,0,0,0
0.011631,0.005283,0.005091,0,0,0,0,0,0,0,0,0,0,0,0
0.009443,0.005065,0.005515,0,0,0,0,0,0,0,0,0,0,0,0
0.007553,0.005739,0.005365,0,0,0,0,0,0,0,0,0,0,0,0
0.006319,0.005256,0.00521,0,0,0,0,0,0,0,0,0,0,0,0
0.005221,0.005196,0.005206,0,0,0,0,0,0,0,0,0,0,0,0
0.005192,0.005227,0.005565,0,0,0,0,0,0,0,0,0,0,0,0
0.00505,0.005519,0.00509,0,0,0,0,0,0,0,0,0,0,0,0
0.00502,0.005265,0.00573,0,0,0,0,0,0,0,0,0,0,0,0
0.005241,0.005302,0.00563,0,0,0,0,0,0,0,0,0,0,0,0
0.005625,0.005418,0.006899,0,0,0,0,0,0,0,0,0,0,0,0
0.005085,0.005056,0.005236,0,0,0,0,0,0,0,0,0,0,0,0
0.005817,0.005529,0.00543,0,0,0,0,0,0,0,0,0,0,0,0
0.005097,0.0051,0.005729,0,0,0,0,0,0,0,0,0,0,0,0
0.005908,0.005168,0.006075,0,0,0,0,0,0,0,0,0,0,0,0
0.00511,0.005271,0.007491,0,0,0,0,0,0,0,0,0,0,0,0
0.005796,0.005171,0.00554,0,0,0,0,0,0,0,0,0,0,0,0
0.011536,0.005066,0.005604,0,0,0,0,0,0,0,0,0,0,0,0
0.00847,0.00531,0.005577,0,0,0,0,0,0,0,0,0,0,0,0
0.007095,0.005238,0.007196,0,0,0,0,0,0,0,0,0,0,0,0
0.006021,0.005267,0.005953,0,0,0,0,0,0,0,0,0,0,0,0
0.005476,0.005537,0.007013,0,0,0,0,0,0,0,0,0,0,0,0
0.005726,0.005146,0.007642,0,0,0,0,0,0,0,0,0,0,0,0
0.005385,0.005307,0.006335,0,0,0,0,0,0,0,0,0,0,0,0
0.005812,0.005592,0.005253,0,0,0,0,0,0,0,0,0,0,0,0
0.01112,0.005185,0.007066,0,0,0,0,0,0,0,0,0,0,0,0
0.008636,0.00513,0.006652,0,0,0,0,0,0,0,0,0,0,0,0
0.00681,0.006144,0.005668,0,0,0,0,0,0,0,0,0,0,0,0
0.00633,0.00525,0.005484,0,0,0,0,0,0,0,0,0,0,0,0
0.00572,0.005477,0.006407,0,0,0,0,0,0,0,0,0,0,0,0
0.005814,0.005149,0.005989,0,0,0,0,0,0,0,0,0,0,0,0
0.005327,0.005932,0.005035,0,0,0,0,0,0,0,0,0,0,0,0
0.005549,0.011243,0.00534,0,0,0,0,0,0,0,0,0,0,0,0
0.006659,0.007677,0.005431,0,0,0,0,0,0,0,0,0,0,0,0
0.00536,0.006932,0.005275,0,0,0,0,0,0,0,0,0,0,0,0
0.005379,0.005992,0.00523,0,0,0,0,0,0,0,0,0,0,0,0
0.005136,0.005257,0.005257,0,0,0,0,0,0,0,0,0,0,0,0
0.005242,0.005222,0.005115,0,0,0,0,0,0,0,0,0,0,0,0
0.005326,0.005786,0.005319,0,0,0,0,0,0,0,0,0,0,0,0
0.005293,0.005346,0.005267,0,0,0,0,0,0,0,0,0,0,0,0
0.005255,0.005325,0.005747,0,0,0,0,0,0,0,0,0,0,0,0
0.005297,0.00526,0.005335,0,0,0,0,0,0,0,0,0,0,0,0
0.005643,0.005689,0.006936,0,0,0,0,0,0,0,0,0,0,0,0
0.00521,0.005095,0.011208,0,0,0,0,0,0,0,0,0,0,0,0
0.005692,0.005982,0.009115,0,0,0,0,0,0,0,0,0,0,0,0
0.005206,0.005321,0.008063,0,0,0,0,0,0,0,0,0,0,0,0
0.005816,0.005415,0.005571,0,0,0,0,0,0,0,0,0,0,0,0
0.005244,0.005212,0.005901,0,0,0,0,0,0,0,0,0,0,0,0
0.005651,0.005882,0.004955,0,0,0,0,0,0,0,0,0,0,0,0
0.005137,0.005634,0.005521,0,0,0,0,0,0,0,0,0,0,0,0
0.005817,0.005386,0.005246,0,0,0,0,0,0,0,0,0,0,0,0
0.005112,0.005128,0.005508,0,0,0,0,0,0,0,0,0,0,0,0
0.005681,0.005458,0.005435,0,0,0,0,0,0,0,0,0,0,0,0
0.005207,0.005512,0.006042,0,0,0,0,0,0,0,0,0,0,0,0
0.005677,0.005423,0.005255,0,0,0,0,0,0,0,0,0,0,0,0
0.005226,0.005476,0.005266,0,0,0,0,0,0,0,0,0,0,0,0
0.005841,0.005496,0.005202,0,0,0,0,0,0,0,0,0,0,0,0
0.005213,0.005275,0.005624,0,0,0,0,0,0,0,0,0,0,0,0
0.005652,0.005617,0.00521,0,0,0,0,0,0,0,0,0,0,0,0
0.005215,0.005198,0.005509,0,0,0,0,0,0,0,0,0,0,0,0
0.005759,0.005777,0.005151,0,0,0,0,0,0,0,0,0,0,0,0
0.005409,0.005314,0.005785,0,0,0,0,0,0,0,0,0,0,0,0
0.005351,0.005376,0.011477,0,0,0,0,0,0,0,0,0,0,0,0
0.005487,0.005573,0.009431,0,0,0,0,0,0,0,0,0,0,0,0
0.005473,0.005255,0.00732,0,0,0,0,0,0,0,0,0,0,0,0
0.005508,0.005782,0.007109,0,0,0,0,0,0,0,0,0,0,0,0
0.005285,0.005662,0.006062,0,0,0,0,0,0,0,0,0,0,0,0
0.005241,0.00577,0.005558,0,0,0,0,0,0,0,0,0,0,0,0
0.005513,0.005364,0.005781,0,0,0,0,0,0,0,0,0,0,0,0
0.005317,0.005476,0.0055,0,0,0,0,0,0,0,0,0,0,0,0
0.005522,0.005019,0.005558,0,0,0,0,0,0,0,0,0,0,0,0
0.006028,0.005088,0.005328,0,0,0,0,0,0,0,0,0,0,0,0
0.005503,0.005561,0.006424,0,0,0,0,0,0,0,0,0,0,0,0
0.005282,0.005315,0.006019,0,0,0,0,0,0,0,0,0,0,0,0
0.005845,0.005203,0.005279,0,0,0,0,0,0,0,0,0,0,0,0
0.005212,0.005263,0.005289,0,0,0,0,0,0,0,0,0,0,0,0
0.00525,0.005454,0.005148,0,0,0,0,0,0,0,0,0,0,0,0
0.005589,0.005511,0.005525,0,0,0,0,0,0,0,0,0,0,0,0
0.005097,0.005425,0.005338,0,0,0,0,0,0,0,0,0,0,0,0
0.005214,0.005348,0.00542,0,0,0,0,0,0,0,0,0,0,0,0
0.005283,0.005776,0.005172,0,0,0,0,0,0,0,0,0,0,0,0
0.005287,0.005639,0.005752,0,0,0,0,0,0,0,0,0,0,0,0
0.005651,0.005555,0.005421,0,0,0,0,0,0,0,0,0,0,0,0
0.005329,0.005688,0.005502,0,0,0,0,0,0,0,0,0,0,0,0
0.005236,0.00532,0.006347,0,0,0,0,0,0,0,0,0,0,0,0
0.005426,0.005208,0.006002,0,0,0,0,0,0,0,0,0,0,0,0
0.005316,0.005836,0.005721,0,0,0,0,0,0,0,0,0,0,0,0
0.00522,0.006165,0.00519,0,0,0,0,0,0,0,0,0,0,0,0
0.005258,0.005274,0.005864,0,0,0,0,0,0,0,0,0,0,0,0
0.00518,0.00572,0.005262,0,0,0,0,0,0,0,0,0,0,0,0
0.005534,0.004992,0.005618,0,0,0,0,0,0,0,0,0,0,0,0
0.005326,0.005874,0.005412,0,0,0,0,0,0,0,0,0,0,0,0
0.005531,0.005441,0.005453,0,0,0,0,0,0,0,0,0,0,0,0
0.005757,0.005447,0.00634,0,0,0,0,0,0,0,0,0,0,0,0
0.005589,0.005152,0.00646,0,0,0,0,0,0,0,0,0,0,0,0
0.005217,0.005607,0.005245,0,0,0,0,0,0,0,0,0,0,0,0
0.005978,0.0059,0.005508,0,0,0,0,0,0,0,0,0,0,0,0
0.011142,0.005496,0.005438,0,0,0,0,0,0,0,0,0,0,0,0
0.008438,0.005529,0.005089,0,0,0,0,0,0,0,0,0,0,0,0
0.006493,0.005479,0.006775,0,0,0,0,0,0,0,0,0,0,0,0
0.005828,0.005315,0.005436,0,0,0,0,0,0,0,0,0,0,0,0
0.005394,0.010973,0.005406,0,0,0,0,0,0,0,0,0,0,0,0
0.005213,0.009608,0.006558,0,0,0,0,0,0,0,0,0,0,0,0
0.005422,0.007269,0.005202,0,0,0,0,0,0,0,0,0,0,0,0
0.005252,0.005475,0.005846,0,0,0,0,0,0,0,0,0,0,0,0
0.005511,0.005437,0.005702,0,0,0,0,0,0,0,0,0,0,0,0
0.005385,0.005294,0.006296,0,0,0,0,0,0,0,0,0,0,0,0
0.005399,0.005231,0.006257,0,0,0,0,0,0,0,0,0,0,0,0
0.005501,0.00557,0.006748,0,0,0,0,0,0,0,0,0,0,0,0
0.005328,0.005431,0.007564,0,0,0,0,0,0,0,0,0,0,0,0
0.005135,0.005369,0.005358,0,0,0,0,0,0,0,0,0,0,0,0
0.005337,0.00573,0.006246,0,0,0,0,0,0,0,0,0,0,0,0
0.005538,0.005099,0.006798,0,0,0,0,0,0,0,0,0,0,0,0
0.005427,0.005831,0.005744,0,0,0,0,0,0,0,0,0,0,0,0
0.005297,0.011097,0.005543,0,0,0,0,0,0,0,0,0,0,0,0
0.00525,0.008001,0.006029,0,0,0,0,0,0,0,0,0,0,0,0
0.005252,0.006695,0.005693,0,0,0,0,0,0,0,0,0,0,0,0
0.005904,0.005821,0.005923,0,0,0,0,0,0,0,0,0,0,0,0
0.00509,0.005331,0.005873,0,0,0,0,0,0,0,0,0,0,0,0
0.005657,0.005279,0.005313,0,0,0,0,0,0,0,0,0,0,0,0
0.005336,0.005803,0.005685,0,0,0,0,0,0,0,0,0,0,0,0
0.005595,0.005298,0.006027,0,0,0,0,0,0,0,0,0,0,0,0
0.006405,0.005508,0.005936,0,0,0,0,0,0,0,0,0,0,0,0
0.005271,0.005357,0.005595,0,0,0,0,0,0,0,0,0,0,0,0
0.005162,0.005451,0.005409,0,0,0,0,0,0,0,0,0,0,0,0
0.00527,0.005129,0.005727,0,0,0,0,0,0,0,0,0,0,0,0
0.005288,0.005806,0.005253,0,0,0,0,0,0,0,0,0,0,0,0
0.005195,0.005278,0.006368,0,0,0,0,0,0,0,0,0,0,0,0
0.005375,0.005716,0.005772,0,0,0,0,0,0,0,0,0,0,0,0
0.005876,0.005227,0.006163,0,0,0,0,0,0,0,0,0,0,0,0
0.005206,0.005813,0.005826,0,0,0,0,0,0,0,0,0,0,0,0
0.005532,0.004968,0.00532,0,0,0,0,0,0,0,0,0,0,0,0
0.005328,0.005851,0.005303,0,0,0,0,0,0,0,0,0,0,0,0
0.005629,0.005441,0.005258,0,0,0,0,0,0,0,0,0,0,0,0
0.005386,0.005638,0.005274,0,0,0,0,0,0,0,0,0,0,0,0
0.005507,0.011461,0.005898,0,0,0,0,0,0,0,0,0,0,0,0
0.005269,0.009797,0.010872,0,0,0,0,0,0,0,0,0,0,0,0
0.00573,0.007271,0.008778,0,0,0,0,0,0,0,0,0,0,0,0
0.005317,0.006362,0.0075,0,0,0,0,0,0,0,0,0,0,0,0
0.005672,0.005872,0.006666,0,0,0,0,0,0,0,0,0,0,0,0
0.005264,0.005354,0.005305,0,0,0,0,0,0,0,0,0,0,0,0
0.0056,0.006128,0.005494,0,0,0,0,0,0,0,0,0,0,0,0
0.005251,0.005932,0.005354,0,0,0,0,0,0,0,0,0,0,0,0
0.005519,0.007465,0.00549,0,0,0,0,0,0,0,0,0,0,0,0
0.005267,0.005648,0.00541,0,0,0,0,0,0,0,0,0,0,0,0
0.005829,0.005413,0.005581,0,0,0,0,0,0,0,0,0,0,0,0
0.00534,0.005406,0.012039,0,0,0,0,0,0,0,0,0,0,0,0
0.005155,0.005458,0.009857,0,0,0,0,0,0,0,0,0,0,0,0
0.005294,0.005973,0.007637,0,0,0,0,0,0,0,0,0,0,0,0
0.005767,0.005555,0.006306,0,0,0,0,0,0,0,0,0,0,0,0
0.00546,0.00573,0.005792,0,0,0,0,0,0,0,0,0,0,0,0
0.005297,0.005479,0.005317,0,0,0,0,0,0,0,0,0,0,0,0
0.006403,0.005728,0.005676,0,0,0,0,0,0,0,0,0,0,0,0
0.006246,0.005238,0.005631,0,0,0,0,0,0,0,0,0,0,0,0
0.005424,0.005931,0.005653,0,0,0,0,0,0,0,0,0,0,0,0
0.006101,0.005376,0.005351,0,0,0,0,0,0,0,0,0,0,0,0
0.005711,0.005631,0.005244,0,0,0,0,0,0,0,0,0,0,0,0
0.006186,0.005367,0.006912,0,0,0,0,0,0,0,0,0,0,0,0
0.00572,0.005441,0.005588,0,0,0,0,0,0,0,0,0,0,0,0
0.005339,0.00534,0.005291,0,0,0,0,0,0,0,0,0,0,0,0
0.005627,0.005409,0.005409,0,0,0,0,0,0,0,0,0,0,0,0
0.00549,0.005295,0.005406,0,0,0,0,0,0,0,0,0,0,0,0
0.005397,0.005471,0.005323,0,0,0,0,0,0,0,0,0,0,0,0
0.00542,0.005341,0.005225,0,0,0,0,0,0,0,0,0,0,0,0
0.005411,0.005408,0.005462,0,0,0,0,0,0,0,0,0,0,0,0
0.006325,0.005342,0.005537,0,0,0,0,0,0,0,0,0,0,0,0
0.006031,0.005318,0.005361,0,0,0,0,0,0,0,0,0,0,0,0
0.011176,0.00522,0.005568,0,0,0,0,0,0,0,0,0,0,0,0
0.008796,0.005655,0.00661,0,0,0,0,0,0,0,0,0,0,0,0
0.00702,0.005169,0.006262,0,0,0,0,0,0,0,0,0,0,0,0
0.005483,0.005777,0.005199,0,0,0,0,0,0,0,0,0,0,0,0
0.005403,0.005221,0.005326,0,0,0,0,0,0,0,0,0,0,0,0
0.005161,0.005476,0.005258,0,0,0,0,0,0,0,0,0,0,0,0
0.00529,0.005395,0.005341,0,0,0,0,0,0,0,0,0,0,0,0
0.005271,0.005263,0.006342,0,0,0,0,0,0,0,0,0,0,0,0
0.005415,0.00522,0.005936,0,0,0,0,0,0,0,0,0,0,0,0
0.005501,0.005968,0.00523,0,0,0,0,0,0,0,0,0,0,0,0
0.005337,0.011224,0.005632,0,0,0,0,0,0,0,0,0,0,0,0
0.005232,0.008938,0.005246,0,0,0,0,0,0,0,0,0,0,0,0
0.005155,0.007359,0.005499,0,0,0,0,0,0,0,0,0,0,0,0
0.005338,0.005729,0.005377,0,0,0,0,0,0,0,0,0,0,0,0
0.00528,0.005575,0.005394,0,0,0,0,0,0,0,0,0,0,0,0
0.00529,0.005263,0.005427,0,0,0,0,0,0,0,0,0,0,0,0
0.006046,0.005227,0.005534,0,0,0,0,0,0,0,0,0,0,0,0
0.011563,0.005366,0.005366,0,0,0,0,0,0,0,0,0,0,0,0
0.009308,0.005333,0.005481,0,0,0,0,0,0,0,0,0,0,0,0
0.00723,0.005437,0.005335,0,0,0,0,0,0,0,0,0,0,0,0
0.005978,0.005313,0.005421,0,0,0,0,0,0,0,0,0,0,0,0
0.005493,0.005484,0.005302,0,0,0,0,0,0,0,0,0,0,0,0
0.005138,0.005339,0.005693,0,0,0,0,0,0,0,0,0,0,0,0
0.005356,0.005444,0.005686,0,0,0,0,0,0,0,0,0,0,0,0
0.005156,0.00534,0.005369,0,0,0,0,0,0,0,0,0,0,0,0
0.005486,0.005573,0.00543,0,0,0,0,0,0,0,0,0,0,0,0
0.007982,0.005255,0.005327,0,0,0,0,0,0,0,0,0,0,0,0
0.005389,0.006969,0.005428,0,0,0,0,0,0,0,0,0,0,0,0
0.005963,0.007082,0.005419,0,0,0,0,0,0,0,0,0,0,0,0
0.005248,0.006389,0.006016,0,0,0,0,0,0,0,0,0,0,0,0
0.005331,0.005291,0.01187,0,0,0,0,0,0,0,0,0,0,0,0
0.005625,0.007657,0.008206,0,0,0,0,0,0,0,0,0,0,0,0
0.005269,0.005105,0.006968,0,0,0,0,0,0,0,0,0,0,0,0
0.005228,0.006275,0.006557,0,0,0,0,0,0,0,0,0,0,0,0
0.005733,0.012007,0.005305,0,0,0,0,0,0,0,0,0,0,0,0
0.0052,0.009404,0.005994,0,0,0,0,0,0,0,0,0,0,0,0
0.005216,0.00716,0.011534,0,0,0,0,0,0,0,0,0,0,0,0
0.005321,0.006149,0.009195,0,0,0,0,0,0,0,0,0,0,0,0
0.005406,0.005339,0.007074,0,0,0,0,0,0,0,0,0,0,0,0
0.005231,0.005351,0.006331,0,0,0,0,0,0,0,0,0,0,0,0
0.005162,0.005245,0.00527,0,0,0,0,0,0,0,0,0,0,0,0
0.005978,0.005391,0.005849,0,0,0,0,0,0,0,0,0,0,0,0
0.006589,0.005461,0.005488,0,0,0,0,0,0,0,0,0,0,0,0
0.011636,0.005278,0.005288,0,0,0,0,0,0,0,0,0,0,0,0
0.008939,0.005357,0.006259,0,0,0,0,0,0,0,0,0,0,0,0
0.007315,0.005425,0.005372,0,0,0,0,0,0,0,0,0,0,0,0
0.005781,0.005461,0.005461,0,0,0,0,0,0,0,0,0,0,0,0
0.005856,0.005259,0.005477,0,0,0,0,0,0,0,0,0,0,0,0
0.005357,0.005498,0.005371,0,0,0,0,0,0,0,0,0,0,0,0
0.005283,0.006043,0.005547,0,0,0,0,0,0,0,0,0,0,0,0
0.005306,0.007274,0.005563,0,0,0,0,0,0,0,0,0,0,0,0
0.005269,0.011086,0.005478,0,0,0,0,0,0,0,0,0,0,0,0
0.005561,0.010029,0.005367,0,0,0,0,0,0,0,0,0,0,0,0
0.005402,0.007017,0.005473,0,0,0,0,0,0,0,0,0,0,0,0
0.005396,0.005642,0.005302,0,0,0,0,0,0,0,0,0,0,0,0
0.005265,0.006025,0.005618,0,0,0,0,0,0,0,0,0,0,0,0
0.005805,0.006029,0.005564,0,0,0,0,0,0,0,0,0,0,0,0
0.005239,0.006023,0.00636,0,0,0,0,0,0,0,0,0,0,0,0
0.005451,0.005869,0.005939,0,0,0,0,0,0,0,0,0,0,0,0
0.005194,0.006891,0.005794,0,0,0,0,0,0,0,0,0,0,0,0
0.005887,0.005669,0.006544,0,0,0,0,0,0,0,0,0,0,0,0
0.006668,0.008594,0.005997,0,0,0,0,0,0,0,0,0,0,0,0
0.005537,0.011697,0.005751,0,0,0,0,0,0,0,0,0,0,0,0
0.005757,0.008289,0.005681,0,0,0,0,0,0,0,0,0,0,0,0
0.00537,0.006832,0.005282,0,0,0,0,0,0,0,0,0,0,0,0
0.005956,0.006111,0.005331,0,0,0,0,0,0,0,0,0,0,0,0
0.005117,0.005414,0.00554,0,0,0,0,0,0,0,0,0,0,0,0
0.005558,0.005707,0.011268,0,0,0,0,0,0,0,0,0,0,0,0
0.005286,0.005617,0.007636,0,0,0,0,0,0,0,0,0,0,0,0
0.005217,0.005718,0.006585,0,0,0,0,0,0,0,0,0,0,0,0
0.005324,0.00586,0.005941,0,0,0,0,0,0,0,0,0,0,0,0
0.005152,0.005359,0.005418,0,0,0,0,0,0,0,0,0,0,0,0
0.005527,0.00559,0.005409,0,0,0,0,0,0,0,0,0,0,0,0
0.00533,0.005413,0.005157,0,0,0,0,0,0,0,0,0,0,0,0
0.005092,0.005429,0.005862,0,0,0,0,0,0,0,0,0,0,0,0
0.006048,0.006244,0.006448,0,0,0,0,0,0,0,0,0,0,0,0
0.005212,0.00574,0.005432,0,0,0,0,0,0,0,0,0,0,0,0
0.005532,0.005524,0.005328,0,0,0,0,0,0,0,0,0,0,0,0
0.005637,0.005379,0.005781,0,0,0,0,0,0,0,0,0,0,0,0
0.005234,0.00554,0.017424,0,0,0,0,0,0,0,0,0,0,0,0
0.005201,0.006325,0.008021,0,0,0,0,0,0,0,0,0,0,0,0
0.005826,0.005431,0.006982,0,0,0,0,0,0,0,0,0,0,0,0
0.005282,0.005516,0.006023,0,0,0,0,0,0,0,0,0,0,0,0
0.005396,0.005671,0.005581,0,0,0,0,0,0,0,0,0,0,0,0
0.005483,0.005981,0.005736,0,0,0,0,0,0,0,0,0,0,0,0
0.005543,0.005604,0.006222,0,0,0,0,0,0,0,0,0,0,0,0
0.005209,0.005359,0.008722,0,0,0,0,0,0,0,0,0,0,0,0
0.00542,0.006295,0.005995,0,0,0,0,0,0,0,0,0,0,0,0
0.00511,0.005471,0.006353,0,0,0,0,0,0,0,0,0,0,0,0
0.005752,0.005972,0.010456,0,0,0,0,0,0,0,0,0,0,0,0
0.005321,0.005437,0.006477,0,0,0,0,0,0,0,0,0,0,0,0
0.005825,0.00574,0.006118,0,0,0,0,0,0,0,0,0,0,0,0
0.005244,0.005499,0.011194,0,0,0,0,0,0,0,0,0,0,0,0
0.005488,0.00531,0.008907,0,0,0,0,0,0,0,0,0,0,0,0
0.005222,0.005431,0.006785,0,0,0,0,0,0,0,0,0,0,0,0
0.006932,0.005024,0.006785,0,0,0,0,0,0,0,0,0,0,0,0
0.005236,0.005435,0.006173,0,0,0,0,0,0,0,0,0,0,0,0
0.005368,0.005465,0.011458,0,0,0,0,0,0,0,0,0,0,0,0
0.005396,0.005045,0.009654,0,0,0,0,0,0,0,0,0,0,0,0
0.005422,0.005803,0.007751,0,0,0,0,0,0,0,0,0,0,0,0
0.005734,0.005181,0.006541,0,0,0,0,0,0,0,0,0,0,0,0
0.005253,0.005635,0.00567,0,0,0,0,0,0,0,0,0,0,0,0
0.005137,0.005259,0.005229,0,0,0,0,0,0,0,0,0,0,0,0
0.005158,0.005588,0.005504,0,0,0,0,0,0,0,0,0,0,0,0
0.005213,0.005271,0.005375,0,0,0,0,0,0,0,0,0,0,0,0
0.005265,0.00565,0.005485,0,0,0,0,0,0,0,0,0,0,0,0
0.005265,0.005214,0.005431,0,0,0,0,0,0,0,0,0,0,0,0
0.005467,0.005872,0.005366,0,0,0,0,0,0,0,0,0,0,0,0
0.005196,0.005132,0.00532,0,0,0,0,0,0,0,0,0,0,0,0
0.005884,0.005663,0.005344,0,0,0,0,0,0,0,0,0,0,0,0
0.005737,0.005311,0.005354,0,0,0,0,0,0,0,0,0,0,0,0
0.005214,0.005473,0.005588,0,0,0,0,0,0,0,0,0,0,0,0
0.005375,0.005296,0.006543,0,0,0,0,0,0,0,0,0,0,0,0
0.005291,0.005528,0.005687,0,0,0,0,0,0,0,0,0,0,0,0
0.005217,0.005258,0.005311,0,0,0,0,0,0,0,0,0,0,0,0
0.005459,0.005917,0.0055,0,0,0,0,0,0,0,0,0,0,0,0
0.00535,0.005322,0.005491,0,0,0,0,0,0,0,0,0,0,0,0
0.005312,0.005194,0.005775,0,0,0,0,0,0,0,0,0,0,0,0
0.005172,0.005797,0.005525,0,0,0,0,0,0,0,0,0,0,0,0
0.005995,0.005275,0.005906,0,0,0,0,0,0,0,0,0,0,0,0
0.005169,0.005081,0.00528,0,0,0,0,0,0,0,0,0,0,0,0
0.005436,0.005383,0.005535,0,0,0,0,0,0,0,0,0,0,0,0
0.005415,0.005091,0.005413,0,0,0,0,0,0,0,0,0,0,0,0
0.005433,0.005837,0.005263,0,0,0,0,0,0,0,0,0,0,0,0
0.005135,0.005637,0.005087,0,0,0,0,0,0,0,0,0,0,0,0
0.005593,0.005223,0.005815,0,0,0,0,0,0,0,0,0,0,0,0
0.005166,0.005169,0.005079,0,0,0,0,0,0,0,0,0,0,0,0
0.00524,0.005961,0.005856,0,0,0,0,0,0,0,0,0,0,0,0
0.005046,0.005457,0.006233,0,0,0,0,0,0,0,0,0,0,0,0
0.005286,0.005426,0.005082,0,0,0,0,0,0,0,0,0,0,0,0
0.005045,0.005115,0.005172,0,0,0,0,0,0,0,0,0,0,0,0
0.005161,0.005714,0.005263,0,0,0,0,0,0,0,0,0,0,0,0
0.005296,0.005226,0.005373,0,0,0,0,0,0,0,0,0,0,0,0
0.005157,0.005824,0.005394,0,0,0,0,0,0,0,0,0,0,0,0
0.005718,0.005712,0.005115,0,0,0,0,0,0,0,0,0,0,0,0
0.005146,0.005251,0.005335,0,0,0,0,0,0,0,0,0,0,0,0
0.005588,0.00541,0.00515,0,0,0,0,0,0,0,0,0,0,0,0
0.005294,0.005159,0.005225,0,0,0,0,0,0,0,0,0,0,0,0
0.005991,0.005393,0.005084,0,0,0,0,0,0,0,0,0,0,0,0
0.005327,0.005224,0.005252,0,0,0,0,0,0,0,0,0,0,0,0
0.00527,0.005138,0.005252,0,0,0,0,0,0,0,0,0,0,0,0
0.005483,0.00582,0.005038,0,0,0,0,0,0,0,0,0,0,0,0
0.005429,0.005212,0.00549,0,0,0,0,0,0,0,0,0,0,0,0
0.005303,0.005869,0.005385,0,0,0,0,0,0,0,0,0,0,0,0
0.005653,0.005222,0.005625,0,0,0,0,0,0,0,0,0,0,0,0
0.005341,0.005514,0.007033,0,0,0,0,0,0,0,0,0,0,0,0
0.005652,0.005226,0.005452,0,0,0,0,0,0,0,0,0,0,0,0
0.005134,0.006654,0.006053,0,0,0,0,0,0,0,0,0,0,0,0
0.006942,0.005335,0.006329,0,0,0,0,0,0,0,0,0,0,0,0
0.005728,0.005341,0.005521,0,0,0,0,0,0,0,0,0,0,0,0
0.005397,0.005242,0.006128,0,0,0,0,0,0,0,0,0,0,0,0
0.00564,0.005342,0.005321,0,0,0,0,0,0,0,0,0,0,0,0
0.005334,0.005472,0.00513,0,0,0,0,0,0,0,0,0,0,0,0
0.005654,0.004988,0.00526,0,0,0,0,0,0,0,0,0,0,0,0
0.005647,0.005265,0.005942,0,0,0,0,0,0,0,0,0,0,0,0
0.005291,0.00575,0.005804,0,0,0,0,0,0,0,0,0,0,0,0
0.005551,0.005318,0.005253,0,0,0,0,0,0,0,0,0,0,0,0
0.005266,0.005338,0.00581,0,0,0,0,0,0,0,0,0,0,0,0
0.005472,0.005173,0.01195,0,0,0,0,0,0,0,0,0,0,0,0
0.005654,0.005344,0.007911,0,0,0,0,0,0,0,0,0,0,0,0
0.005416,0.005391,0.00699,0,0,0,0,0,0,0,0,0,0,0,0
0.005192,0.005209,0.00675,0,0,0,0,0,0,0,0,0,0,0,0
0.005476,0.005389,0.01166,0,0,0,0,0,0,0,0,0,0,0,0
0.005329,0.00532,0.00964,0,0,0,0,0,0,0,0,0,0,0,0
0.005459,0.00508,0.007459,0,0,0,0,0,0,0,0,0,0,0,0
0.005236,0.00514,0.006554,0,0,0,0,0,0,0,0,0,0,0,0
0.00531,0.005202,0.00579,0,0,0,0,0,0,0,0,0,0,0,0
0.00523,0.005409,0.00536,0,0,0,0,0,0,0,0,0,0,0,0
0.005239,0.005358,0.005474,0,0,0,0,0,0,0,0,0,0,0,0
0.005401,0.005131,0.00563,0,0,0,0,0,0,0,0,0,0,0,0
0.005492,0.00511,0.005633,0,0,0,0,0,0,0,0,0,0,0,0
0.005461,0.005223,0.005172,0,0,0,0,0,0,0,0,0,0,0,0
0.005197,0.005331,0.005328,0,0,0,0,0,0,0,0,0,0,0,0
0.0058,0.005061,0.005294,0,0,0,0,0,0,0,0,0,0,0,0
0.005117,0.005977,0.005853,0,0,0,0,0,0,0,0,0,0,0,0
0.005542,0.005209,0.005118,0,0,0,0,0,0,0,0,0,0,0,0
0.005458,0.00561,0.005608,0,0,0,0,0,0,0,0,0,0,0,0
0.005647,0.005265,0.005021,0,0,0,0,0,0,0,0,0,0,0,0
0.005215,0.005666,0.005815,0,0,0,0,0,0,0,0,0,0,0,0
0.005604,0.00513,0.005085,0,0,0,0,0,0,0,0,0,0,0,0
0.005275,0.005609,0.005513,0,0,0,0,0,0,0,0,0,0,0,0
0.005617,0.00514,0.005234,0,0,0,0,0,0,0,0,0,0,0,0
0.005252,0.005479,0.0056,0,0,0,0,0,0,0,0,0,0,0,0
0.005651,0.005231,0.005159,0,0,0,0,0,0,0,0,0,0,0,0
0.005154,0.00594,0.005628,0,0,0,0,0,0,0,0,0,0,0,0
0.005659,0.005427,0.005116,0,0,0,0,0,0,0,0,0,0,0,0
0.00521,0.005441,0.005689,0,0,0,0,0,0,0,0,0,0,0,0
0.005616,0.005316,0.005288,0,0,0,0,0,0,0,0,0,0,0,0
0.005153,0.005882,0.005526,0,0,0,0,0,0,0,0,0,0,0,0
0.005869,0.011258,0.005416,0,0,0,0,0,0,0,0,0,0,0,0
0.00521,0.008929,0.005945,0,0,0,0,0,0,0,0,0,0,0,0
0.005647,0.006825,0.005667,0,0,0,0,0,0,0,0,0,0,0,0
0.005162,0.006494,0.006809,0,0,0,0,0,0,0,0,0,0,0,0
0.005771,0.005525,0.005791,0,0,0,0,0,0,0,0,0,0,0,0
0.005191,0.005294,0.005588,0,0,0,0,0,0,0,0,0,0,0,0
0.005743,0.005227,0.005753,0,0,0,0,0,0,0,0,0,0,0,0
0.005231,0.005708,0.005617,0,0,0,0,0,0,0,0,0,0,0,0
0.005445,0.005384,0.005887,0,0,0,0,0,0,0,0,0,0,0,0
0.005351,0.005481,0.005808,0,0,0,0,0,0,0,0,0,0,0,0
0.006014,0.005225,0.005464,0,0,0,0,0,0,0,0,0,0,0,0
0.011348,0.005643,0.005589,0,0,0,0,0,0,0,0,0,0,0,0
0.008039,0.005293,0.005566,0,0,0,0,0,0,0,0,0,0,0,0
0.006608,0.005579,0.005369,0,0,0,0,0,0,0,0,0,0,0,0
0.005986,0.005567,0.005914,0,0,0,0,0,0,0,0,0,0,0,0
0.005335,0.005174,0.005509,0,0,0,0,0,0,0,0,0,0,0,0
0.005055,0.005072,0.006245,0,0,0,0,0,0,0,0,0,0,0,0
0.004974,0.005966,0.005835,0,0,0,0,0,0,0,0,0,0,0,0
0.005207,0.011545,0.006291,0,0,0,0,0,0,0,0,0,0,0,0
0.00565,0.007995,0.006283,0,0,0,0,0,0,0,0,0,0,0,0
0.005076,0.006567,0.005793,0,0,0,0,0,0,0,0,0,0,0,0
0.005911,0.005958,0.0054,0,0,0,0,0,0,0,0,0,0,0,0
0.00512,0.005109,0.005189,0,0,0,0,0,0,0,0,0,0,0,0
0.005859,0.005325,0.005527,0,0,0,0,0,0,0,0,0,0,0,0
0.005203,0.005227,0.005445,0,0,0,0,0,0,0,0,0,0,0,0
0.005668,0.005316,0.005337,0,0,0,0,0,0,0,0,0,0,0,0
0.005159,0.005577,0.005511,0,0,0,0,0,0,0,0,0,0,0,0
0.005496,0.005191,0.006058,0,0,0,0,0,0,0,0,0,0,0,0
0.005299,0.005785,0.005986,0,0,0,0,0,0,0,0,0,0,0,0
0.006053,0.005299,0.005645,0,0,0,0,0,0,0,0,0,0,0,0
0.011141,0.005934,0.005256,0,0,0,0,0,0,0,0,0,0,0,0
0.0088,0.011324,0.005581,0,0,0,0,0,0,0,0,0,0,0,0
0.00662,0.009504,0.005598,0,0,0,0,0,0,0,0,0,0,0,0
0.005748,0.007184,0.005798,0,0,0,0,0,0,0,0,0,0,0,0
0.005496,0.006398,0.005553,0,0,0,0,0,0,0,0,0,0,0,0
0.00569,0.005332,0.006551,0,0,0,0,0,0,0,0,0,0,0,0
0.007154,0.005042,0.013154,0,0,0,0,0,0,0,0,0,0,0,0
0.005087,0.005207,0.009714,0,0,0,0,0,0,0,0,0,0,0,0
0.00592,0.005279,0.012115,0,0,0,0,0,0,0,0,0,0,0,0
0.006012,0.004941,0.009848,0,0,0,0,0,0,0,0,0,0,0,0
0.00627,0.005872,0.012647,0,0,0,0,0,0,0,0,0,0,0,0
0.01127,0.01154,0.008591,0,0,0,0,0,0,0,0,0,0,0,0
0.007974,0.009483,0.007747,0,0,0,0,0,0,0,0,0,0,0,0
0.006358,0.007194,0.006444,0,0,0,0,0,0,0,0,0,0,0,0
0.006544,0.006474,0.006254,0,0,0,0,0,0,0,0,0,0,0,0
0.00529,0.005165,0.006534,0,0,0,0,0,0,0,0,0,0,0,0
0.006689,0.005201,0.007679,0,0,0,0,0,0,0,0,0,0,0,0
0.005882,0.005275,0.006102,0,0,0,0,0,0,0,0,0,0,0,0
0.00517,0.005079,0.006894,0,0,0,0,0,0,0,0,0,0,0,0
0.005199,0.005204,0.005263,0,0,0,0,0,0,0,0,0,0,0,0
0.005198,0.005411,0.00721,0,0,0,0,0,0,0,0,0,0,0,0
0.005194,0.00511,0.007226,0,0,0,0,0,0,0,0,0,0,0,0
0.005461,0.005642,0.007228,0,0,0,0,0,0,0,0,0,0,0,0
0.005192,0.005229,0.00735,0,0,0,0,0,0,0,0,0,0,0,0
0.005727,0.005719,0.007511,0,0,0,0,0,0,0,0,0,0,0,0
0.005418,0.011537,0.006064,0,0,0,0,0,0,0,0,0,0,0,0
0.005343,0.009001,0.006858,0,0,0,0,0,0,0,0,0,0,0,0
0.005331,0.006754,0.007037,0,0,0,0,0,0,0,0,0,0,0,0
0.005372,0.006149,0.006443,0,0,0,0,0,0,0,0,0,0,0,0
0.005313,0.005452,0.006467,0,0,0,0,0,0,0,0,0,0,0,0
0.005338,0.005316,0.006973,0,0,0,0,0,0,0,0,0,0,0,0
0.005346,0.005126,0.007382,0,0,0,0,0,0,0,0,0,0,0,0
0.005738,0.005827,0.0062,0,0,0,0,0,0,0,0,0,0,0,0
0.006392,0.005232,0.006055,0,0,0,0,0,0,0,0,0,0,0,0
0.005297,0.005737,0.006496,0,0,0,0,0,0,0,0,0,0,0,0
0.005266,0.005102,0.007689,0,0,0,0,0,0,0,0,0,0,0,0
0.005378,0.005418,0.006607,0,0,0,0,0,0,0,0,0,0,0,0
0.005447,0.005257,0.011721,0,0,0,0,0,0,0,0,0,0,0,0
0.005188,0.005439,0.010353,0,0,0,0,0,0,0,0,0,0,0,0
0.005159,0.005129,0.007635,0,0,0,0,0,0,0,0,0,0,0,0
0.005151,0.005361,0.006635,0,0,0,0,0,0,0,0,0,0,0,0
0.005236,0.005329,0.005812,0,0,0,0,0,0,0,0,0,0,0,0
0.005689,0.00543,0.005993,0,0,0,0,0,0,0,0,0,0,0,0
0.005295,0.005342,0.005605,0,0,0,0,0,0,0,0,0,0,0,0
0.005459,0.00531,0.00605,0,0,0,0,0,0,0,0,0,0,0,0
0.005335,0.005154,0.011794,0,0,0,0,0,0,0,0,0,0,0,0
0.005552,0.005319,0.008518,0,0,0,0,0,0,0,0,0,0,0,0
0.005271,0.005169,0.006717,0,0,0,0,0,0,0,0,0,0,0,0
0.005685,0.005259,0.00649,0,0,0,0,0,0,0,0,0,0,0,0
0.005354,0.005379,0.005792,0,0,0,0,0,0,0,0,0,0,0,0
0.005404,0.005245,0.007787,0,0,0,0,0,0,0,0,0,0,0,0
0.00543,0.006023,0.012185,0,0,0,0,0,0,0,0,0,0,0,0
0.005611,0.011552,0.007958,0,0,0,0,0,0,0,0,0,0,0,0
0.011324,0.008588,0.006474,0,0,0,0,0,0,0,0,0,0,0,0
0.008955,0.006618,0.005784,0,0,0,0,0,0,0,0,0,0,0,0
0.006605,0.006839,0.00552,0,0,0,0,0,0,0,0,0,0,0,0
0.005853,0.005572,0.005764,0,0,0,0,0,0,0,0,0,0,0,0
0.005554,0.005178,0.005983,0,0,0,0,0,0,0,0,0,0,0,0
0.005113,0.005555,0.00596,0,0,0,0,0,0,0,0,0,0,0,0
0.005078,0.005123,0.005619,0,0,0,0,0,0,0,0,0,0,0,0
0.005217,0.005081,0.005593,0,0,0,0,0,0,0,0,0,0,0,0
0.005062,0.005987,0.006581,0,0,0,0,0,0,0,0,0,0,0,0
0.005069,0.00511,0.006131,0,0,0,0,0,0,0,0,0,0,0,0
0.006926,0.006109,0.005322,0,0,0,0,0,0,0,0,0,0,0,0
0.005083,0.011142,0.005503,0,0,0,0,0,0,0,0,0,0,0,0
NaN,NaN,NaN,0,0,0,0,0,0,0,0,0,0,0,0
NaN,NaN,NaN,0,0,0,0,0,0,0,0,0,0,0,0
NaN,NaN,NaN,0,0,0,0,0,0,0,0,0,0,0,0
NaN,NaN,NaN,0,0,0,0,0,0,0,0,0,0,0,0
0.0003,0.000132,0.000203,0,0,0,0,0,0,0,0,0,0,0,0
0.22887,0.23428,0.22599,0,0,0,0,0,0,0,0,0,0,0,0
0.006028,0.006271,0.007045,0,0,0,0,0,0,0,0,0,0,0,0
0.00525,0.01122,0.005913,0,0,0,0,0,0,0,0,0,0,0,0
0.005188,0.008105,0.005548,0,0,0,0,0,0,0,0,0,0,0,0
0.005224,0.006811,0.005406,0,0,0,0,0,0,0,0,0,0,0,0
0.005243,0.010956,0.005913,0,0,0,0,0,0,0,0,0,0,0,0
0.005317,0.009616,0.006617,0,0,0,0,0,0,0,0,0,0,0,0
0.00539,0.00762,0.005698,0,0,0,0,0,0,0,0,0,0,0,0
0.005167,0.006505,0.005245,0,0,0,0,0,0,0,0,0,0,0,0
0.005721,0.006381,0.005367,0,0,0,0,0,0,0,0,0,0,0,0
0.00531,0.005372,0.00534,0,0,0,0,0,0,0,0,0,0,0,0
0.005402,0.005088,0.005666,0,0,0,0,0,0,0,0,0,0,0,0
0.005562,0.005422,0.005638,0,0,0,0,0,0,0,0,0,0,0,0
0.005491,0.005223,0.006021,0,0,0,0,0,0,0,0,0,0,0,0
0.005228,0.00514,0.006295,0,0,0,0,0,0,0,0,0,0,0,0
0.005374,0.005797,0.005519,0,0,0,0,0,0,0,0,0,0,0,0
0.005322,0.005309,0.005307,0,0,0,0,0,0,0,0,0,0,0,0
0.005702,0.005713,0.005332,0,0,0,0,0,0,0,0,0,0,0,0
0.005722,0.011302,0.005676,0,0,0,0,0,0,0,0,0,0,0,0
0.005194,0.007945,0.005605,0,0,0,0,0,0,0,0,0,0,0,0
0.005404,0.006733,0.006009,0,0,0,0,0,0,0,0,0,0,0,0
0.005271,0.006137,0.005267,0,0,0,0,0,0,0,0,0,0,0,0
0.0057,0.005093,0.005819,0,0,0,0,0,0,0,0,0,0,0,0
0.005691,0.005079,0.005337,0,0,0,0,0,0,0,0,0,0,0,0
0.005441,0.005329,0.005144,0,0,0,0,0,0,0,0,0,0,0,0
0.005212,0.00534,0.005467,0,0,0,0,0,0,0,0,0,0,0,0
0.005505,0.005454,0.005528,0,0,0,0,0,0,0,0,0,0,0,0
0.005735,0.005489,0.00538,0,0,0,0,0,0,0,0,0,0,0,0
0.006125,0.005237,0.005417,0,0,0,0,0,0,0,0,0,0,0,0
0.005301,0.005116,0.005356,0,0,0,0,0,0,0,0,0,0,0,0
0.005114,0.005813,0.005732,0,0,0,0,0,0,0,0,0,0,0,0
0.006037,0.005194,0.006064,0,0,0,0,0,0,0,0,0,0,0,0
0.005369,0.005543,0.005588,0,0,0,0,0,0,0,0,0,0,0,0
0.007071,0.005186,0.005646,0,0,0,0,0,0,0,0,0,0,0,0
0.005593,0.005586,0.005478,0,0,0,0,0,0,0,0,0,0,0,0
0.005197,0.00533,0.00542,0,0,0,0,0,0,0,0,0,0,0,0
0.005284,0.005712,0.005537,0,0,0,0,0,0,0,0,0,0,0,0
0.005147,0.011278,0.005645,0,0,0,0,0,0,0,0,0,0,0,0
0.005538,0.00877,0.006429,0,0,0,0,0,0,0,0,0,0,0,0
0.005788,0.006546,0.005786,0,0,0,0,0,0,0,0,0,0,0,0
0.005385,0.005511,0.00565,0,0,0,0,0,0,0,0,0,0,0,0
0.005376,0.005283,0.006058,0,0,0,0,0,0,0,0,0,0,0,0
0.005265,0.005374,0.00588,0,0,0,0,0,0,0,0,0,0,0,0
0.005368,0.005529,0.006064,0,0,0,0,0,0,0,0,0,0,0,0
0.005466,0.011139,0.005532,0,0,0,0,0,0,0,0,0,0,0,0
0.005661,0.009291,0.005764,0,0,0,0,0,0,0,0,0,0,0,0
0.005725,0.007709,0.006616,0,0,0,0,0,0,0,0,0,0,0,0
0.005372,0.005906,0.005404,0,0,0,0,0,0,0,0,0,0,0,0
0.006023,0.006077,0.005718,0,0,0,0,0,0,0,0,0,0,0,0
0.005496,0.011326,0.006524,0,0,0,0,0,0,0,0,0,0,0,0
0.00593,0.009328,0.005634,0,0,0,0,0,0,0,0,0,0,0,0
0.006369,0.00726,0.005809,0,0,0,0,0,0,0,0,0,0,0,0
0.0053,0.006466,0.005576,0,0,0,0,0,0,0,0,0,0,0,0
0.005411,0.005172,0.005525,0,0,0,0,0,0,0,0,0,0,0,0
0.005678,0.005297,0.006107,0,0,0,0,0,0,0,0,0,0,0,0
0.005958,0.005284,0.005355,0,0,0,0,0,0,0,0,0,0,0,0
0.011335,0.005199,0.005591,0,0,0,0,0,0,0,0,0,0,0,0
0.007752,0.005175,0.006506,0,0,0,0,0,0,0,0,0,0,0,0
0.007304,0.006005,0.005223,0,0,0,0,0,0,0,0,0,0,0,0
0.005819,0.011408,0.005489,0,0,0,0,0,0,0,0,0,0,0,0
0.005275,0.009049,0.005388,0,0,0,0,0,0,0,0,0,0,0,0
0.0052,0.007107,0.005747,0,0,0,0,0,0,0,0,0,0,0,0
0.005184,0.006327,0.005464,0,0,0,0,0,0,0,0,0,0,0,0
0.00534,0.005101,0.005552,0,0,0,0,0,0,0,0,0,0,0,0
0.005463,0.005188,0.005196,0,0,0,0,0,0,0,0,0,0,0,0
0.005264,0.005096,0.005458,0,0,0,0,0,0,0,0,0,0,0,0
0.00568,0.005571,0.005113,0,0,0,0,0,0,0,0,0,0,0,0
0.005281,0.005248,0.005708,0,0,0,0,0,0,0,0,0,0,0,0
0.005577,0.005578,0.00543,0,0,0,0,0,0,0,0,0,0,0,0
0.005268,0.005314,0.006343,0,0,0,0,0,0,0,0,0,0,0,0
0.005622,0.005712,0.01109,0,0,0,0,0,0,0,0,0,0,0,0
0.005203,0.005108,0.008493,0,0,0,0,0,0,0,0,0,0,0,0
0.005981,0.00564,0.007047,0,0,0,0,0,0,0,0,0,0,0,0
0.011276,0.005135,0.005357,0,0,0,0,0,0,0,0,0,0,0,0
0.008593,0.005507,0.005364,0,0,0,0,0,0,0,0,0,0,0,0
0.006499,0.005211,0.0051,0,0,0,0,0,0,0,0,0,0,0,0
0.005798,0.005221,0.005222,0,0,0,0,0,0,0,0,0,0,0,0
0.00536,0.005292,0.005202,0,0,0,0,0,0,0,0,0,0,0,0
0.005707,0.005486,0.00586,0,0,0,0,0,0,0,0,0,0,0,0
0.005742,0.005415,0.005645,0,0,0,0,0,0,0,0,0,0,0,0
0.00519,0.006273,0.005212,0,0,0,0,0,0,0,0,0,0,0,0
0.005073,0.005404,0.006677,0,0,0,0,0,0,0,0,0,0,0,0
0.005218,0.005866,0.011956,0,0,0,0,0,0,0,0,0,0,0,0
0.005536,0.005259,0.00935,0,0,0,0,0,0,0,0,0,0,0,0
0.005558,0.005908,0.007126,0,0,0,0,0,0,0,0,0,0,0,0
0.005384,0.005766,0.006242,0,0,0,0,0,0,0,0,0,0,0,0
0.011563,0.011574,0.00556,0,0,0,0,0,0,0,0,0,0,0,0
0.00925,0.008348,0.005406,0,0,0,0,0,0,0,0,0,0,0,0
0.007137,0.006727,0.005849,0,0,0,0,0,0,0,0,0,0,0,0
0.006354,0.005764,0.005675,0,0,0,0,0,0,0,0,0,0,0,0
0.005834,0.005525,0.00589,0,0,0,0,0,0,0,0,0,0,0,0
0.005239,0.005115,0.006815,0,0,0,0,0,0,0,0,0,0,0,0
0.005635,0.005449,0.005479,0,0,0,0,0,0,0,0,0,0,0,0
0.005177,0.005264,0.005486,0,0,0,0,0,0,0,0,0,0,0,0
0.005522,0.005338,0.006391,0,0,0,0,0,0,0,0,0,0,0,0
0.005264,0.005248,0.005653,0,0,0,0,0,0,0,0,0,0,0,0
0.005628,0.005538,0.005554,0,0,0,0,0,0,0,0,0,0,0,0
0.005853,0.005618,0.005382,0,0,0,0,0,0,0,0,0,0,0,0
0.005418,0.005342,0.00537,0,0,0,0,0,0,0,0,0,0,0,0
0.005399,0.005152,0.005334,0,0,0,0,0,0,0,0,0,0,0,0
0.005201,0.0052,0.005188,0,0,0,0,0,0,0,0,0,0,0,0
0.005694,0.005397,0.005435,0,0,0,0,0,0,0,0,0,0,0,0
0.005278,0.005491,0.005443,0,0,0,0,0,0,0,0,0,0,0,0
0.005317,0.005323,0.005328,0,0,0,0,0,0,0,0,0,0,0,0
0.005629,0.00529,0.005239,0,0,0,0,0,0,0,0,0,0,0,0
0.005969,0.005178,0.005239,0,0,0,0,0,0,0,0,0,0,0,0
0.005108,0.005844,0.005365,0,0,0,0,0,0,0,0,0,0,0,0
0.005859,0.005096,0.005613,0,0,0,0,0,0,0,0,0,0,0,0
0.005412,0.005829,0.004994,0,0,0,0,0,0,0,0,0,0,0,0
0.005723,0.005243,0.005039,0,0,0,0,0,0,0,0,0,0,0,0
0.011596,0.005506,0.005496,0,0,0,0,0,0,0,0,0,0,0,0
0.009755,0.005202,0.005482,0,0,0,0,0,0,0,0,0,0,0,0
0.007555,0.005642,0.004924,0,0,0,0,0,0,0,0,0,0,0,0
0.006634,0.005107,0.005091,0,0,0,0,0,0,0,0,0,0,0,0
0.005445,0.005701,0.00556,0,0,0,0,0,0,0,0,0,0,0,0
0.005265,0.005139,0.005136,0,0,0,0,0,0,0,0,0,0,0,0
0.005381,0.005783,0.005243,0,0,0,0,0,0,0,0,0,0,0,0
0.005051,0.011611,0.005075,0,0,0,0,0,0,0,0,0,0,0,0
0.005769,0.009572,0.005144,0,0,0,0,0,0,0,0,0,0,0,0
0.005228,0.007452,0.006018,0,0,0,0,0,0,0,0,0,0,0,0
0.005784,0.006204,0.00501,0,0,0,0,0,0,0,0,0,0,0,0
0.005074,0.005299,0.005122,0,0,0,0,0,0,0,0,0,0,0,0
0.005755,0.005097,0.005049,0,0,0,0,0,0,0,0,0,0,0,0
0.005382,0.005254,0.005706,0,0,0,0,0,0,0,0,0,0,0,0
0.005686,0.005171,0.011232,0,0,0,0,0,0,0,0,0,0,0,0
0.005158,0.005212,0.008826,0,0,0,0,0,0,0,0,0,0,0,0
0.005432,0.005214,0.006658,0,0,0,0,0,0,0,0,0,0,0,0
0.005983,0.005116,0.005594,0,0,0,0,0,0,0,0,0,0,0,0
0.005681,0.005489,0.005447,0,0,0,0,0,0,0,0,0,0,0,0
0.006133,0.005318,0.005194,0,0,0,0,0,0,0,0,0,0,0,0
0.005414,0.005309,0.005398,0,0,0,0,0,0,0,0,0,0,0,0
0.005907,0.005309,0.00663,0,0,0,0,0,0,0,0,0,0,0,0
0.005429,0.005896,0.005563,0,0,0,0,0,0,0,0,0,0,0,0
0.00555,0.005469,0.006368,0,0,0,0,0,0,0,0,0,0,0,0
0.005297,0.005393,0.006017,0,0,0,0,0,0,0,0,0,0,0,0
0.005351,0.005228,0.006753,0,0,0,0,0,0,0,0,0,0,0,0
0.005408,0.005809,0.005103,0,0,0,0,0,0,0,0,0,0,0,0
0.005389,0.005526,0.0056,0,0,0,0,0,0,0,0,0,0,0,0
0.005304,0.005192,0.007844,0,0,0,0,0,0,0,0,0,0,0,0
0.005719,0.005162,0.005509,0,0,0,0,0,0,0,0,0,0,0,0
0.005253,0.005556,0.005735,0,0,0,0,0,0,0,0,0,0,0,0
0.005457,0.011238,0.005155,0,0,0,0,0,0,0,0,0,0,0,0
0.005381,0.008599,0.005074,0,0,0,0,0,0,0,0,0,0,0,0
0.005432,0.006344,0.00606,0,0,0,0,0,0,0,0,0,0,0,0
0.005271,0.005692,0.005098,0,0,0,0,0,0,0,0,0,0,0,0
0.005716,0.005229,0.005213,0,0,0,0,0,0,0,0,0,0,0,0
0.005527,0.005485,0.006277,0,0,0,0,0,0,0,0,0,0,0,0
0.005527,0.005394,0.006033,0,0,0,0,0,0,0,0,0,0,0,0
0.005458,0.006061,0.005273,0,0,0,0,0,0,0,0,0,0,0,0
0.005432,0.005273,0.005719,0,0,0,0,0,0,0,0,0,0,0,0
0.005199,0.005247,0.011768,0,0,0,0,0,0,0,0,0,0,0,0
0.005479,0.005337,0.009458,0,0,0,0,0,0,0,0,0,0,0,0
0.005571,0.006307,0.007433,0,0,0,0,0,0,0,0,0,0,0,0
0.005538,0.005132,0.006331,0,0,0,0,0,0,0,0,0,0,0,0
0.005224,0.005519,0.005916,0,0,0,0,0,0,0,0,0,0,0,0
0.005313,0.00524,0.006262,0,0,0,0,0,0,0,0,0,0,0,0
0.005327,0.00589,0.012655,0,0,0,0,0,0,0,0,0,0,0,0
0.005694,0.005648,0.008867,0,0,0,0,0,0,0,0,0,0,0,0
0.005237,0.011178,0.006916,0,0,0,0,0,0,0,0,0,0,0,0
0.005611,0.009638,0.006116,0,0,0,0,0,0,0,0,0,0,0,0
0.005326,0.007656,0.00546,0,0,0,0,0,0,0,0,0,0,0,0
0.00548,0.006041,0.005806,0,0,0,0,0,0,0,0,0,0,0,0
0.005147,0.005348,0.005331,0,0,0,0,0,0,0,0,0,0,0,0
0.005743,0.005316,0.005392,0,0,0,0,0,0,0,0,0,0,0,0
0.005229,0.005234,0.00537,0,0,0,0,0,0,0,0,0,0,0,0
0.005881,0.005195,0.005154,0,0,0,0,0,0,0,0,0,0,0,0
0.011168,0.005274,0.006078,0,0,0,0,0,0,0,0,0,0,0,0
0.009032,0.005198,0.005527,0,0,0,0,0,0,0,0,0,0,0,0
0.00736,0.005505,0.005998,0,0,0,0,0,0,0,0,0,0,0,0
0.005542,0.005413,0.011337,0,0,0,0,0,0,0,0,0,0,0,0
0.005319,0.005503,0.009378,0,0,0,0,0,0,0,0,0,0,0,0
0.005398,0.005258,0.00676,0,0,0,0,0,0,0,0,0,0,0,0
0.00504,0.005942,0.006155,0,0,0,0,0,0,0,0,0,0,0,0
0.005343,0.005212,0.005323,0,0,0,0,0,0,0,0,0,0,0,0
0.005915,0.005228,0.005485,0,0,0,0,0,0,0,0,0,0,0,0
0.00558,0.005278,0.005705,0,0,0,0,0,0,0,0,0,0,0,0
0.005554,0.005435,0.005116,0,0,0,0,0,0,0,0,0,0,0,0
0.005535,0.005679,0.005806,0,0,0,0,0,0,0,0,0,0,0,0
0.005813,0.005054,0.011262,0,0,0,0,0,0,0,0,0,0,0,0
0.005381,0.005804,0.009917,0,0,0,0,0,0,0,0,0,0,0,0
0.005915,0.005654,0.007542,0,0,0,0,0,0,0,0,0,0,0,0
0.005227,0.005274,0.006253,0,0,0,0,0,0,0,0,0,0,0,0
0.006066,0.005135,0.005084,0,0,0,0,0,0,0,0,0,0,0,0
0.006188,0.005344,0.005076,0,0,0,0,0,0,0,0,0,0,0,0
0.011111,0.005325,0.005385,0,0,0,0,0,0,0,0,0,0,0,0
0.008786,0.005373,0.005336,0,0,0,0,0,0,0,0,0,0,0,0
0.006314,0.005132,0.005303,0,0,0,0,0,0,0,0,0,0,0,0
0.005916,0.005226,0.00698,0,0,0,0,0,0,0,0,0,0,0,0
0.006319,0.005124,0.00607,0,0,0,0,0,0,0,0,0,0,0,0
0.010915,0.005168,0.006163,0,0,0,0,0,0,0,0,0,0,0,0
0.007924,0.005589,0.00551,0,0,0,0,0,0,0,0,0,0,0,0
0.00641,0.005282,0.006546,0,0,0,0,0,0,0,0,0,0,0,0
0.005973,0.005973,0.005454,0,0,0,0,0,0,0,0,0,0,0,0
0.005416,0.005173,0.006459,0,0,0,0,0,0,0,0,0,0,0,0
0.005861,0.00566,0.006486,0,0,0,0,0,0,0,0,0,0,0,0
0.005259,0.005195,0.012477,0,0,0,0,0,0,0,0,0,0,0,0
0.005221,0.007695,0.010926,0,0,0,0,0,0,0,0,0,0,0,0
0.005327,0.006764,0.007797,0,0,0,0,0,0,0,0,0,0,0,0
0.005139,0.006121,0.006119,0,0,0,0,0,0,0,0,0,0,0,0
0.005676,0.005206,0.006866,0,0,0,0,0,0,0,0,0,0,0,0
0.005428,0.005491,0.005438,0,0,0,0,0,0,0,0,0,0,0,0
0.00593,0.005119,0.008332,0,0,0,0,0,0,0,0,0,0,0,0
0.005283,0.006045,0.006912,0,0,0,0,0,0,0,0,0,0,0,0
0.00509,0.011216,0.00892,0,0,0,0,0,0,0,0,0,0,0,0
0.005334,0.009125,0.008053,0,0,0,0,0,0,0,0,0,0,0,0
0.00547,0.007066,0.010039,0,0,0,0,0,0,0,0,0,0,0,0
0.005071,0.006373,0.005705,0,0,0,0,0,0,0,0,0,0,0,0
0.005835,0.00513,0.007232,0,0,0,0,0,0,0,0,0,0,0,0
0.005305,0.005323,0.006227,0,0,0,0,0,0,0,0,0,0,0,0
0.005612,0.005205,0.00632,0,0,0,0,0,0,0,0,0,0,0,0
0.005175,0.005494,0.005797,0,0,0,0,0,0,0,0,0,0,0,0
0.005698,0.005247,0.005108,0,0,0,0,0,0,0,0,0,0,0,0
0.005224,0.005976,0.005277,0,0,0,0,0,0,0,0,0,0,0,0
0.005571,0.01137,0.005089,0,0,0,0,0,0,0,0,0,0,0,0
0.005858,0.008995,0.005245,0,0,0,0,0,0,0,0,0,0,0,0
0.005119,0.00705,0.005634,0,0,0,0,0,0,0,0,0,0,0,0
0.00531,0.006183,0.00551,0,0,0,0,0,0,0,0,0,0,0,0
0.005228,0.005808,0.00521,0,0,0,0,0,0,0,0,0,0,0,0
0.005329,0.00582,0.005402,0,0,0,0,0,0,0,0,0,0,0,0
0.005292,0.005817,0.005215,0,0,0,0,0,0,0,0,0,0,0,0
0.006368,0.011017,0.005596,0,0,0,0,0,0,0,0,0,0,0,0
0.005191,0.00894,0.005555,0,0,0,0,0,0,0,0,0,0,0,0
0.005244,0.006971,0.00542,0,0,0,0,0,0,0,0,0,0,0,0
0.005941,0.005486,0.007068,0,0,0,0,0,0,0,0,0,0,0,0
0.005318,0.005431,0.005686,0,0,0,0,0,0,0,0,0,0,0,0
0.005181,0.00514,0.006165,0,0,0,0,0,0,0,0,0,0,0,0
0.005231,0.00527,0.005565,0,0,0,0,0,0,0,0,0,0,0,0
0.005234,0.005226,0.005285,0,0,0,0,0,0,0,0,0,0,0,0
0.005364,0.005648,0.0051,0,0,0,0,0,0,0,0,0,0,0,0
0.005224,0.005778,0.006769,0,0,0,0,0,0,0,0,0,0,0,0
0.005394,0.005139,0.005143,0,0,0,0,0,0,0,0,0,0,0,0
0.005508,0.005148,0.005475,0,0,0,0,0,0,0,0,0,0,0,0
0.00551,0.00709,0.005633,0,0,0,0,0,0,0,0,0,0,0,0
0.005348,0.005816,0.005426,0,0,0,0,0,0,0,0,0,0,0,0
0.005298,0.005257,0.006303,0,0,0,0,0,0,0,0,0,0,0,0
0.005304,0.005514,0.005802,0,0,0,0,0,0,0,0,0,0,0,0
0.005258,0.005203,0.006694,0,0,0,0,0,0,0,0,0,0,0,0
0.005827,0.005846,0.006983,0,0,0,0,0,0,0,0,0,0,0,0
0.005323,0.005205,0.005289,0,0,0,0,0,0,0,0,0,0,0,0
0.00528,0.005391,0.005152,0,0,0,0,0,0,0,0,0,0,0,0
0.005137,0.005273,0.005727,0,0,0,0,0,0,0,0,0,0,0,0
0.006758,0.005853,0.005751,0,0,0,0,0,0,0,0,0,0,0,0
0.005192,0.005186,0.005197,0,0,0,0,0,0,0,0,0,0,0,0
0.005174,0.005561,0.004987,0,0,0,0,0,0,0,0,0,0,0,0
0.005323,0.005218,0.005168,0,0,0,0,0,0,0,0,0,0,0,0
0.005082,0.005496,0.004995,0,0,0,0,0,0,0,0,0,0,0,0
0.005221,0.005225,0.005281,0,0,0,0,0,0,0,0,0,0,0,0
NaN,NaN,NaN,0,0,0,0,0,0,0,0,0,0,0,0
NaN,NaN,NaN,0,0,0,0,0,0,0,0,0,0,0,0
NaN,NaN,NaN,0,0,0,0,0,0,0,0,0,0,0,0
NaN,NaN,NaN,0,0,0,0,0,0,0,0,0,0,0,0
0.000126,0.000172,0.00018,0,0,0,0,0,0,0,0,0,0,0,0
0.23762,0.23052,0.23703,0,0,0,0,0,0,0,0,0,0,0,0
0.00679,0.006168,0.006285,0,0,0,0,0,0,0,0,0,0,0,0
0.007328,0.005451,0.006053,0,0,0,0,0,0,0,0,0,0,0,0
0.005928,0.005674,0.006549,0,0,0,0,0,0,0,0,0,0,0,0
0.005977,0.005514,0.005901,0,0,0,0,0,0,0,0,0,0,0,0
0.005463,0.005585,0.006378,0,0,0,0,0,0,0,0,0,0,0,0
0.006577,0.005619,0.005743,0,0,0,0,0,0,0,0,0,0,0,0
0.006493,0.006107,0.005923,0,0,0,0,0,0,0,0,0,0,0,0
0.005668,0.005666,0.007514,0,0,0,0,0,0,0,0,0,0,0,0
0.006089,0.006105,0.00635,0,0,0,0,0,0,0,0,0,0,0,0
0.005806,0.00612,0.005785,0,0,0,0,0,0,0,0,0,0,0,0
0.007308,0.005871,0.006099,0,0,0,0,0,0,0,0,0,0,0,0
0.006941,0.005736,0.006527,0,0,0,0,0,0,0,0,0,0,0,0
0.006803,0.006816,0.005992,0,0,0,0,0,0,0,0,0,0,0,0
0.006091,0.012259,0.007029,0,0,0,0,0,0,0,0,0,0,0,0
0.006496,0.010728,0.006228,0,0,0,0,0,0,0,0,0,0,0,0
0.006072,0.012079,0.005834,0,0,0,0,0,0,0,0,0,0,0,0
0.006704,0.008539,0.006604,0,0,0,0,0,0,0,0,0,0,0,0
0.007286,0.00665,0.008891,0,0,0,0,0,0,0,0,0,0,0,0
0.00684,0.00615,0.007716,0,0,0,0,0,0,0,0,0,0,0,0
0.007247,0.005629,0.007106,0,0,0,0,0,0,0,0,0,0,0,0
0.006136,0.005624,0.008378,0,0,0,0,0,0,0,0,0,0,0,0
0.006077,0.006157,0.006309,0,0,0,0,0,0,0,0,0,0,0,0
0.006416,0.005428,0.006655,0,0,0,0,0,0,0,0,0,0,0,0
0.006172,0.005429,0.00648,0,0,0,0,0,0,0,0,0,0,0,0
0.006546,0.006052,0.007709,0,0,0,0,0,0,0,0,0,0,0,0
0.006784,0.011518,0.006854,0,0,0,0,0,0,0,0,0,0,0,0
0.006693,0.008845,0.007625,0,0,0,0,0,0,0,0,0,0,0,0
0.005775,0.006855,0.007262,0,0,0,0,0,0,0,0,0,0,0,0
0.005898,0.005694,0.016427,0,0,0,0,0,0,0,0,0,0,0,0
0.006325,0.005523,0.008543,0,0,0,0,0,0,0,0,0,0,0,0
0.005884,0.005551,0.006715,0,0,0,0,0,0,0,0,0,0,0,0
0.005963,0.005561,0.006223,0,0,0,0,0,0,0,0,0,0,0,0
0.006076,0.005482,0.008423,0,0,0,0,0,0,0,0,0,0,0,0
0.005592,0.005456,0.006918,0,0,0,0,0,0,0,0,0,0,0,0
0.006785,0.005881,0.006697,0,0,0,0,0,0,0,0,0,0,0,0
0.005882,0.005454,0.006822,0,0,0,0,0,0,0,0,0,0,0,0
0.005654,0.006169,0.01092,0,0,0,0,0,0,0,0,0,0,0,0
0.005877,0.005944,0.01887,0,0,0,0,0,0,0,0,0,0,0,0
0.006116,0.006466,0.008769,0,0,0,0,0,0,0,0,0,0,0,0
0.006355,0.005592,0.007081,0,0,0,0,0,0,0,0,0,0,0,0
0.006159,0.005529,0.005803,0,0,0,0,0,0,0,0,0,0,0,0
0.005803,0.005603,0.005504,0,0,0,0,0,0,0,0,0,0,0,0
0.005356,0.005777,0.007169,0,0,0,0,0,0,0,0,0,0,0,0
0.005812,0.00551,0.007266,0,0,0,0,0,0,0,0,0,0,0,0
0.006114,0.006073,0.007023,0,0,0,0,0,0,0,0,0,0,0,0
0.006021,0.005593,0.005663,0,0,0,0,0,0,0,0,0,0,0,0
0.005896,0.005406,0.00581,0,0,0,0,0,0,0,0,0,0,0,0
0.005831,0.005528,0.006936,0,0,0,0,0,0,0,0,0,0,0,0
0.006032,0.005482,0.007686,0,0,0,0,0,0,0,0,0,0,0,0
0.006823,0.005503,0.005831,0,0,0,0,0,0,0,0,0,0,0,0
0.006573,0.0056,0.005672,0,0,0,0,0,0,0,0,0,0,0,0
0.006109,0.00539,0.006628,0,0,0,0,0,0,0,0,0,0,0,0
0.006118,0.005519,0.007285,0,0,0,0,0,0,0,0,0,0,0,0
0.01232,0.005756,0.006987,0,0,0,0,0,0,0,0,0,0,0,0
0.00969,0.00566,0.007015,0,0,0,0,0,0,0,0,0,0,0,0
0.006626,0.007163,0.006567,0,0,0,0,0,0,0,0,0,0,0,0
0.006062,0.012113,0.005943,0,0,0,0,0,0,0,0,0,0,0,0
0.007252,0.009944,0.010268,0,0,0,0,0,0,0,0,0,0,0,0
0.007024,0.007701,0.015509,0,0,0,0,0,0,0,0,0,0,0,0
0.006077,0.007171,0.006668,0,0,0,0,0,0,0,0,0,0,0,0
0.005613,0.012077,0.006931,0,0,0,0,0,0,0,0,0,0,0,0
0.006481,0.012227,0.005949,0,0,0,0,0,0,0,0,0,0,0,0
0.008897,0.00857,0.006249,0,0,0,0,0,0,0,0,0,0,0,0
0.007149,0.007048,0.006652,0,0,0,0,0,0,0,0,0,0,0,0
0.005906,0.006425,0.006317,0,0,0,0,0,0,0,0,0,0,0,0
0.00719,0.005478,0.006431,0,0,0,0,0,0,0,0,0,0,0,0
0.006311,0.005774,0.005942,0,0,0,0,0,0,0,0,0,0,0,0
0.005561,0.00546,0.005888,0,0,0,0,0,0,0,0,0,0,0,0
0.005536,0.005686,0.006049,0,0,0,0,0,0,0,0,0,0,0,0
0.005628,0.005506,0.005901,0,0,0,0,0,0,0,0,0,0,0,0
0.005806,0.005959,0.005801,0,0,0,0,0,0,0,0,0,0,0,0
0.006838,0.005619,0.00593,0,0,0,0,0,0,0,0,0,0,0,0
0.006926,0.005454,0.005561,0,0,0,0,0,0,0,0,0,0,0,0
0.007478,0.005569,0.005694,0,0,0,0,0,0,0,0,0,0,0,0
0.006852,0.005608,0.005906,0,0,0,0,0,0,0,0,0,0,0,0
0.007695,0.005545,0.005773,0,0,0,0,0,0,0,0,0,0,0,0
0.007519,0.005746,0.006298,0,0,0,0,0,0,0,0,0,0,0,0
0.00685,0.005502,0.005507,0,0,0,0,0,0,0,0,0,0,0,0
0.007271,0.005445,0.005753,0,0,0,0,0,0,0,0,0,0,0,0
0.006596,0.007013,0.005638,0,0,0,0,0,0,0,0,0,0,0,0
0.006044,0.012052,0.005723,0,0,0,0,0,0,0,0,0,0,0,0
0.006017,0.008411,0.006014,0,0,0,0,0,0,0,0,0,0,0,0
0.005892,0.00722,0.006083,0,0,0,0,0,0,0,0,0,0,0,0
0.006008,0.006335,0.005713,0,0,0,0,0,0,0,0,0,0,0,0
0.006167,0.006299,0.005602,0,0,0,0,0,0,0,0,0,0,0,0
0.006816,0.005955,0.005559,0,0,0,0,0,0,0,0,0,0,0,0
0.006231,0.005809,0.006249,0,0,0,0,0,0,0,0,0,0,0,0
0.006843,0.005927,0.0059,0,0,0,0,0,0,0,0,0,0,0,0
0.006434,0.005523,0.005745,0,0,0,0,0,0,0,0,0,0,0,0
0.014857,0.005645,0.005613,0,0,0,0,0,0,0,0,0,0,0,0
0.006546,0.005629,0.006062,0,0,0,0,0,0,0,0,0,0,0,0
0.006268,0.005405,0.005873,0,0,0,0,0,0,0,0,0,0,0,0
0.006487,0.005513,0.005515,0,0,0,0,0,0,0,0,0,0,0,0
0.006147,0.005594,0.0057,0,0,0,0,0,0,0,0,0,0,0,0
0.006556,0.005467,0.005987,0,0,0,0,0,0,0,0,0,0,0,0
0.005812,0.005426,0.005802,0,0,0,0,0,0,0,0,0,0,0,0
0.006268,0.005583,0.006002,0,0,0,0,0,0,0,0,0,0,0,0
0.009616,0.005595,0.005914,0,0,0,0,0,0,0,0,0,0,0,0
0.009239,0.007526,0.006107,0,0,0,0,0,0,0,0,0,0,0,0
0.013261,0.013144,0.006233,0,0,0,0,0,0,0,0,0,0,0,0
0.00843,0.008674,0.006351,0,0,0,0,0,0,0,0,0,0,0,0
0.007746,0.006613,0.006136,0,0,0,0,0,0,0,0,0,0,0,0
0.006369,0.005883,0.005632,0,0,0,0,0,0,0,0,0,0,0,0
0.005804,0.005378,0.005675,0,0,0,0,0,0,0,0,0,0,0,0
0.006533,0.006335,0.005752,0,0,0,0,0,0,0,0,0,0,0,0
0.006953,0.005574,0.006196,0,0,0,0,0,0,0,0,0,0,0,0
0.00674,0.005962,0.005827,0,0,0,0,0,0,0,0,0,0,0,0
0.00561,0.00618,0.005522,0,0,0,0,0,0,0,0,0,0,0,0
0.005929,0.005456,0.00561,0,0,0,0,0,0,0,0,0,0,0,0
0.007587,0.005674,0.005857,0,0,0,0,0,0,0,0,0,0,0,0
0.005662,0.006001,0.006082,0,0,0,0,0,0,0,0,0,0,0,0
0.00618,0.00644,0.005987,0,0,0,0,0,0,0,0,0,0,0,0
0.005617,0.011177,0.00589,0,0,0,0,0,0,0,0,0,0,0,0
0.006631,0.008887,0.006393,0,0,0,0,0,0,0,0,0,0,0,0
0.006969,0.006915,0.006132,0,0,0,0,0,0,0,0,0,0,0,0
0.005763,0.006054,0.005816,0,0,0,0,0,0,0,0,0,0,0,0
0.005733,0.005805,0.0064,0,0,0,0,0,0,0,0,0,0,0,0
0.006346,0.005698,0.006082,0,0,0,0,0,0,0,0,0,0,0,0
0.007623,0.006609,0.005935,0,0,0,0,0,0,0,0,0,0,0,0
0.005874,0.005661,0.006219,0,0,0,0,0,0,0,0,0,0,0,0
0.006048,0.005407,0.005581,0,0,0,0,0,0,0,0,0,0,0,0
0.005747,0.005624,0.005648,0,0,0,0,0,0,0,0,0,0,0,0
0.005795,0.005454,0.005568,0,0,0,0,0,0,0,0,0,0,0,0
0.006428,0.005421,0.00547,0,0,0,0,0,0,0,0,0,0,0,0
0.011799,0.005472,0.005683,0,0,0,0,0,0,0,0,0,0,0,0
0.009548,0.005402,0.005738,0,0,0,0,0,0,0,0,0,0,0,0
0.007259,0.006088,0.006918,0,0,0,0,0,0,0,0,0,0,0,0
0.006509,0.006077,0.011654,0,0,0,0,0,0,0,0,0,0,0,0
0.005669,0.005564,0.009732,0,0,0,0,0,0,0,0,0,0,0,0
0.005634,0.005469,0.008105,0,0,0,0,0,0,0,0,0,0,0,0
0.005928,0.005398,0.006382,0,0,0,0,0,0,0,0,0,0,0,0
0.006417,0.005608,0.005587,0,0,0,0,0,0,0,0,0,0,0,0
0.006189,0.005598,0.006519,0,0,0,0,0,0,0,0,0,0,0,0
0.006584,0.005441,0.006611,0,0,0,0,0,0,0,0,0,0,0,0
0.011237,0.006761,0.011787,0,0,0,0,0,0,0,0,0,0,0,0
0.008601,0.005584,0.008559,0,0,0,0,0,0,0,0,0,0,0,0
0.012342,0.005455,0.007298,0,0,0,0,0,0,0,0,0,0,0,0
0.01138,0.005605,0.006302,0,0,0,0,0,0,0,0,0,0,0,0
0.009013,0.005478,0.00553,0,0,0,0,0,0,0,0,0,0,0,0
0.007288,0.005875,0.005493,0,0,0,0,0,0,0,0,0,0,0,0
0.005978,0.005534,0.00567,0,0,0,0,0,0,0,0,0,0,0,0
0.005715,0.006211,0.005595,0,0,0,0,0,0,0,0,0,0,0,0
0.005704,0.00602,0.006082,0,0,0,0,0,0,0,0,0,0,0,0
0.006706,0.00587,0.005849,0,0,0,0,0,0,0,0,0,0,0,0
0.011815,0.005895,0.005626,0,0,0,0,0,0,0,0,0,0,0,0
0.008051,0.005703,0.00575,0,0,0,0,0,0,0,0,0,0,0,0
0.006349,0.005559,0.005684,0,0,0,0,0,0,0,0,0,0,0,0
0.007055,0.005717,0.00592,0,0,0,0,0,0,0,0,0,0,0,0
0.005787,0.00549,0.005873,0,0,0,0,0,0,0,0,0,0,0,0
0.005604,0.005816,0.005654,0,0,0,0,0,0,0,0,0,0,0,0
0.005645,0.005649,0.005678,0,0,0,0,0,0,0,0,0,0,0,0
0.005617,0.005743,0.005767,0,0,0,0,0,0,0,0,0,0,0,0
0.006227,0.00555,0.005945,0,0,0,0,0,0,0,0,0,0,0,0
0.005607,0.005458,0.005633,0,0,0,0,0,0,0,0,0,0,0,0
0.005605,0.00548,0.005672,0,0,0,0,0,0,0,0,0,0,0,0
0.005612,0.005546,0.00588,0,0,0,0,0,0,0,0,0,0,0,0
0.006316,0.00546,0.006819,0,0,0,0,0,0,0,0,0,0,0,0
0.006526,0.00544,0.012177,0,0,0,0,0,0,0,0,0,0,0,0
0.011948,0.005612,0.011489,0,0,0,0,0,0,0,0,0,0,0,0
0.00819,0.005335,0.008781,0,0,0,0,0,0,0,0,0,0,0,0
0.006823,0.0055,0.007178,0,0,0,0,0,0,0,0,0,0,0,0
0.006442,0.005422,0.007303,0,0,0,0,0,0,0,0,0,0,0,0
0.005926,0.005494,0.013273,0,0,0,0,0,0,0,0,0,0,0,0
0.005689,0.005457,0.008804,0,0,0,0,0,0,0,0,0,0,0,0
0.005536,0.005398,0.011775,0,0,0,0,0,0,0,0,0,0,0,0
0.005613,0.005354,0.010287,0,0,0,0,0,0,0,0,0,0,0,0
0.005895,0.005559,0.007472,0,0,0,0,0,0,0,0,0,0,0,0
0.006384,0.005487,0.007221,0,0,0,0,0,0,0,0,0,0,0,0
0.005535,0.005472,0.005622,0,0,0,0,0,0,0,0,0,0,0,0
0.005521,0.005377,0.005394,0,0,0,0,0,0,0,0,0,0,0,0
0.005772,0.006269,0.005809,0,0,0,0,0,0,0,0,0,0,0,0
0.005861,0.005596,0.005641,0,0,0,0,0,0,0,0,0,0,0,0
0.005847,0.005351,0.005966,0,0,0,0,0,0,0,0,0,0,0,0
0.005702,0.005566,0.00569,0,0,0,0,0,0,0,0,0,0,0,0
0.005504,0.005606,0.005772,0,0,0,0,0,0,0,0,0,0,0,0
0.006312,0.005542,0.006027,0,0,0,0,0,0,0,0,0,0,0,0
0.005635,0.005473,0.011416,0,0,0,0,0,0,0,0,0,0,0,0
0.006244,0.005506,0.009004,0,0,0,0,0,0,0,0,0,0,0,0
0.005744,0.005512,0.007329,0,0,0,0,0,0,0,0,0,0,0,0
0.005541,0.005965,0.006114,0,0,0,0,0,0,0,0,0,0,0,0
0.005772,0.005405,0.005823,0,0,0,0,0,0,0,0,0,0,0,0
0.005616,0.005969,0.006132,0,0,0,0,0,0,0,0,0,0,0,0
0.006177,0.005735,0.005647,0,0,0,0,0,0,0,0,0,0,0,0
0.00572,0.005498,0.005492,0,0,0,0,0,0,0,0,0,0,0,0
0.005351,0.00539,0.00579,0,0,0,0,0,0,0,0,0,0,0,0
0.005679,0.005496,0.005717,0,0,0,0,0,0,0,0,0,0,0,0
0.005773,0.00602,0.006834,0,0,0,0,0,0,0,0,0,0,0,0
0.006268,0.005728,0.01153,0,0,0,0,0,0,0,0,0,0,0,0
0.006894,0.005556,0.009208,0,0,0,0,0,0,0,0,0,0,0,0
0.005557,0.005814,0.007679,0,0,0,0,0,0,0,0,0,0,0,0
0.005775,0.005686,0.006764,0,0,0,0,0,0,0,0,0,0,0,0
0.00769,0.006138,0.005705,0,0,0,0,0,0,0,0,0,0,0,0
0.006812,0.005634,0.006648,0,0,0,0,0,0,0,0,0,0,0,0
0.006929,0.005576,0.006057,0,0,0,0,0,0,0,0,0,0,0,0
0.005442,0.005373,0.005775,0,0,0,0,0,0,0,0,0,0,0,0
0.006488,0.005433,0.005841,0,0,0,0,0,0,0,0,0,0,0,0
0.007768,0.0054,0.0054,0,0,0,0,0,0,0,0,0,0,0,0
0.005932,0.005422,0.005887,0,0,0,0,0,0,0,0,0,0,0,0
0.006079,0.005535,0.006135,0,0,0,0,0,0,0,0,0,0,0,0
0.005934,0.005499,0.005589,0,0,0,0,0,0,0,0,0,0,0,0
0.006101,0.005481,0.005648,0,0,0,0,0,0,0,0,0,0,0,0
0.01012,0.005598,0.005428,0,0,0,0,0,0,0,0,0,0,0,0
0.006257,0.00558,0.006415,0,0,0,0,0,0,0,0,0,0,0,0
0.005496,0.005432,0.012064,0,0,0,0,0,0,0,0,0,0,0,0
0.00657,0.006234,0.008531,0,0,0,0,0,0,0,0,0,0,0,0
NaN,NaN,NaN,0,0,0,0,0,0,0,0,0,0,0,0
NaN,NaN,NaN,0,0,0,0,0,0,0,0,0,0,0,0
NaN,NaN,NaN,0,0,0,0,0,0,0,0,0,0,0,0
NaN,NaN,NaN,0,0,0,0,0,0,0,0,0,0,0,0
0.000176,0.000177,0.000146,0,0,0,0,0,0,0,0,0,0,0,0
0.23082,0.22805,0.22354,0,0,0,0,0,0,0,0,0,0,0,0
0.006811,0.005963,0.006558,0,0,0,0,0,0,0,0,0,0,0,0
0.006186,0.005711,0.005774,0,0,0,0,0,0,0,0,0,0,0,0
0.005278,0.005136,0.005783,0,0,0,0,0,0,0,0,0,0,0,0
0.005689,0.005217,0.00501,0,0,0,0,0,0,0,0,0,0,0,0
0.004897,0.005126,0.005309,0,0,0,0,0,0,0,0,0,0,0,0
0.005267,0.005022,0.005356,0,0,0,0,0,0,0,0,0,0,0,0
0.005281,0.005276,0.005233,0,0,0,0,0,0,0,0,0,0,0,0
0.005744,0.005647,0.004956,0,0,0,0,0,0,0,0,0,0,0,0
0.005046,0.004987,0.005199,0,0,0,0,0,0,0,0,0,0,0,0
0.005295,0.006011,0.005187,0,0,0,0,0,0,0,0,0,0,0,0
0.004988,0.011048,0.005189,0,0,0,0,0,0,0,0,0,0,0,0
0.005154,0.008598,0.00537,0,0,0,0,0,0,0,0,0,0,0,0
0.005085,0.006573,0.005278,0,0,0,0,0,0,0,0,0,0,0,0
0.005127,0.005496,0.005542,0,0,0,0,0,0,0,0,0,0,0,0
0.005541,0.005144,0.005647,0,0,0,0,0,0,0,0,0,0,0,0
0.012251,0.005383,0.005589,0,0,0,0,0,0,0,0,0,0,0,0
0.008965,0.005205,0.006339,0,0,0,0,0,0,0,0,0,0,0,0
0.007568,0.004966,0.005119,0,0,0,0,0,0,0,0,0,0,0,0
0.005997,0.005429,0.005513,0,0,0,0,0,0,0,0,0,0,0,0
0.005664,0.00508,0.005418,0,0,0,0,0,0,0,0,0,0,0,0
0.006463,0.005878,0.005455,0,0,0,0,0,0,0,0,0,0,0,0
0.005367,0.005457,0.006626,0,0,0,0,0,0,0,0,0,0,0,0
0.005257,0.005093,0.006117,0,0,0,0,0,0,0,0,0,0,0,0
0.006217,0.005396,0.012985,0,0,0,0,0,0,0,0,0,0,0,0
0.005485,0.005423,0.00867,0,0,0,0,0,0,0,0,0,0,0,0
0.005194,0.005033,0.006325,0,0,0,0,0,0,0,0,0,0,0,0
0.005535,0.005538,0.00694,0,0,0,0,0,0,0,0,0,0,0,0
0.005215,0.005095,0.00546,0,0,0,0,0,0,0,0,0,0,0,0
0.005802,0.004928,0.005351,0,0,0,0,0,0,0,0,0,0,0,0
0.005071,0.005193,0.005589,0,0,0,0,0,0,0,0,0,0,0,0
0.005758,0.005046,0.005311,0,0,0,0,0,0,0,0,0,0,0,0
0.005511,0.005134,0.006488,0,0,0,0,0,0,0,0,0,0,0,0
0.005092,0.00587,0.006225,0,0,0,0,0,0,0,0,0,0,0,0
0.005298,0.005447,0.005365,0,0,0,0,0,0,0,0,0,0,0,0
0.005207,0.005118,0.006006,0,0,0,0,0,0,0,0,0,0,0,0
0.005214,0.005166,0.005549,0,0,0,0,0,0,0,0,0,0,0,0
0.005891,0.005713,0.007071,0,0,0,0,0,0,0,0,0,0,0,0
0.005173,0.004882,0.006067,0,0,0,0,0,0,0,0,0,0,0,0
0.005791,0.005231,0.005175,0,0,0,0,0,0,0,0,0,0,0,0
0.004988,0.005635,0.005399,0,0,0,0,0,0,0,0,0,0,0,0
0.006213,0.00617,0.005308,0,0,0,0,0,0,0,0,0,0,0,0
0.005721,0.005117,0.007093,0,0,0,0,0,0,0,0,0,0,0,0
NaN,NaN,NaN,0,0,0,0,0,0,0,0,0,0,0,0
NaN,NaN,NaN,0,0,0,0,0,0,0,0,0,0,0,0
NaN,NaN,NaN,0,0,0,0,0,0,0,0,0,0,0,0
NaN,NaN,NaN,0,0,0,0,0,0,0,0,0,0,0,0
0.00018,0.000184,0.000229,0,0,0,0,0,0,0,0,0,0,0,0
0.22969,0.23774,0.22511,0,0,0,0,0,0,0,0,0,0,0,0
0.005874,0.005914,0.00664,0,0,0,0,0,0,0,0,0,0,0,0
0.004983,0.005767,0.006914,0,0,0,0,0,0,0,0,0,0,0,0
0.005199,0.005037,0.00506,0,0,0,0,0,0,0,0,0,0,0,0
0.005191,0.005286,0.005728,0,0,0,0,0,0,0,0,0,0,0,0
0.005607,0.00525,0.005165,0,0,0,0,0,0,0,0,0,0,0,0
0.005534,0.005012,0.00716,0,0,0,0,0,0,0,0,0,0,0,0
0.005068,0.005067,0.006544,0,0,0,0,0,0,0,0,0,0,0,0
0.005491,0.005258,0.006731,0,0,0,0,0,0,0,0,0,0,0,0
0.005265,0.005104,0.005427,0,0,0,0,0,0,0,0,0,0,0,0
0.005718,0.005238,0.005116,0,0,0,0,0,0,0,0,0,0,0,0
0.011301,0.005189,0.005591,0,0,0,0,0,0,0,0,0,0,0,0
0.009616,0.005054,0.005335,0,0,0,0,0,0,0,0,0,0,0,0
0.007392,0.005046,0.006165,0,0,0,0,0,0,0,0,0,0,0,0
0.006264,0.007055,0.006006,0,0,0,0,0,0,0,0,0,0,0,0
0.00599,0.005903,0.006357,0,0,0,0,0,0,0,0,0,0,0,0
0.005753,0.006276,0.00621,0,0,0,0,0,0,0,0,0,0,0,0
0.005362,0.006092,0.007625,0,0,0,0,0,0,0,0,0,0,0,0
0.006304,0.005996,0.00548,0,0,0,0,0,0,0,0,0,0,0,0
0.011242,0.005461,0.006022,0,0,0,0,0,0,0,0,0,0,0,0
0.008093,0.005071,0.005798,0,0,0,0,0,0,0,0,0,0,0,0
0.006642,0.005073,0.005415,0,0,0,0,0,0,0,0,0,0,0,0
0.005976,0.005267,0.005341,0,0,0,0,0,0,0,0,0,0,0,0
0.005624,0.005192,0.005984,0,0,0,0,0,0,0,0,0,0,0,0
0.005286,0.00533,0.005279,0,0,0,0,0,0,0,0,0,0,0,0
0.005449,0.005372,0.005069,0,0,0,0,0,0,0,0,0,0,0,0
0.005277,0.005212,0.005232,0,0,0,0,0,0,0,0,0,0,0,0
0.005337,0.0057,0.005183,0,0,0,0,0,0,0,0,0,0,0,0
0.005141,0.005582,0.005064,0,0,0,0,0,0,0,0,0,0,0,0
0.005844,0.005131,0.005239,0,0,0,0,0,0,0,0,0,0,0,0
0.005225,0.005331,0.005199,0,0,0,0,0,0,0,0,0,0,0,0
0.005684,0.005727,0.005863,0,0,0,0,0,0,0,0,0,0,0,0
0.0053,0.005473,0.005134,0,0,0,0,0,0,0,0,0,0,0,0
0.006232,0.005096,0.005685,0,0,0,0,0,0,0,0,0,0,0,0
0.00601,0.005217,0.005378,0,0,0,0,0,0,0,0,0,0,0,0
0.005091,0.005693,0.005293,0,0,0,0,0,0,0,0,0,0,0,0
