0.000146
0.22001
0.006036
0.004983
0.004987
0.00487
NaN
NaN
NaN
NaN
0.000137
0.22204
0.005969
0.005397
0.004986
0.005222
0.005368
NaN
NaN
NaN
NaN
0.000197
0.33809
0.005528
0.00507
0.00496
0.005001
0.005542
0.011329
0.010835
0.009269
0.007759
0.00621
0.006275
0.010799
0.008834
0.007305
0.006169
0.005036
0.004967
NaN
NaN
NaN
NaN
0.000102
0.24485
0.0057
0.005453
0.005091
0.005091
0.004821
0.004757
0.005294
0.004921
0.005212
0.005164
0.004879
0.005268
0.00516
0.005334
NaN
NaN
NaN
NaN
0.000156
0.22669
0.010759
0.008988
0.007514
0.005948
0.005086
0.005436
0.004751
0.004739
0.004853
0.004864
0.004659
0.00473
0.004712
NaN
NaN
NaN
NaN
0.000163
0.23746
0.005017
0.005131
0.004598
0.004751
0.004675
0.00484
0.005762
0.004665
0.004697
0.006079
NaN
NaN
NaN
NaN
0.000155
0.2181
0.004883
0.00452
0.005004
0.004614
0.005038
0.004577
0.005344
0.005698
0.004865
0.004516
0.005107
0.004594
