1.0036
0.13987
0.071368
0.068638
0.089145
NaN
0.076473
NaN
0.046841
0.04462
0.045606
0.027453
0.022434
0.024442
0.022746
0.024233
0.045121
0.021865
0.021948
0.020902
0.022862
0.02152
0.041622
0.020909
0.020836
0.02121
0.032524
0.022837
0.04134
0.021339
0.023495
0.023574
0.034312
0.026238
0.045242
0.023673
0.028704
0.0259
0.032209
0.021734
0.040353
0.022912
0.02394
0.035194
0.022915
0.025469
0.039325
0.021823
0.021867
0.021139
0.023446
0.021438
0.039619
0.035939
0.021959
0.028334
0.022099
0.022153
0.040298
0.022702
0.036786
0.034964
0.022404
0.023351
0.043368
0.023256
0.022932
0.021528
0.023462
0.021838
0.039561
0.022863
0.021788
0.022115
0.020975
0.021962
0.040525
0.022348
0.021617
0.02244
0.021394
0.022259
0.040098
0.026908
0.024026
0.023024
0.021996
0.022627
0.038991
0.021396
0.021864
0.021123
0.02177
0.021305
0.039529
0.022128
0.021152
0.022293
0.037983
0.024332
0.043079
0.028313
0.022668
0.021365
0.022321
0.020741
0.039116
0.033161
0.023836
0.021276
0.021737
0.021339
0.050152
0.029475
0.02258
0.022961
0.021616
0.021723
0.040177
0.022127
0.021747
0.022172
0.033023
0.022386
0.041376
0.023243
0.033725
0.023413
0.021625
0.021647
0.039805
0.026057
0.021627
0.022395
0.023873
0.022838
0.043133
0.023895
0.021827
0.024583
0.022805
0.021714
0.041237
0.021517
0.022759
0.023219
0.023361
0.023475
0.053365
0.022551
0.022462
0.022556
0.021605
0.022569
0.040676
0.023304
0.025474
0.021593
0.021736
0.021217
0.041991
0.023173
0.024115
0.023415
0.033043
0.022461
0.043645
0.025107
0.02344
0.022939
0.022749
0.025969
0.044036
0.022654
0.022329
0.021715
0.021905
0.021062
0.039014
0.023732
0.022201
0.02153
0.021957
0.02207
0.040192
0.021259
0.030945
0.021282
0.021191
0.021188
0.040399
0.021309
0.036571
0.02082
0.033946
0.021425
0.051134
0.022566
0.02122
0.021636
0.021294
0.022135
0.041898
0.028942
0.023738
0.022696
0.022222
0.026391
0.049474
0.023516
0.024269
0.0235
0.021941
0.020877
0.038489
0.021437
0.029525
0.020647
0.022426
0.021262
0.039281
0.021937
0.031329
0.021936
0.021736
0.021936
0.038735
0.021786
0.020742
0.020898
0.020659
0.028865
0.040149
0.024484
0.02488
0.036134
0.020514
0.021678
0.039316
0.020402
0.021258
0.021469
0.0207
0.021941
0.038684
0.024248
0.023547
0.022558
0.027674
0.023615
0.041988
0.023741
0.026033
0.024355
0.022655
0.021361
0.051879
0.021826
0.021178
0.021237
0.020855
0.02143
0.040605
0.021909
0.021725
0.021201
0.021985
0.021322
0.03712
0.021512
0.020766
0.021462
0.033447
0.022833
0.046478
0.032852
0.034168
0.021256
0.028137
0.02156
0.051639
0.024731
0.022515
0.021541
0.021261
0.021485
0.037015
0.020057
0.021895
0.021947
0.021994
0.021386
0.038234
0.026169
0.021513
0.022194
0.022946
0.021967
0.042009
0.021713
0.02192
0.022356
0.030042
0.022393
0.037021
0.022143
0.021104
0.021658
0.021685
0.020919
0.037576
0.020945
0.03178
0.030953
0.021592
0.022001
0.042945
0.022159
0.021641
0.021565
0.022132
0.021279
0.042796
0.021807
0.031905
0.020247
0.021261
0.020392
0.04591
0.020818
0.020609
0.021381
0.020986
0.021643
0.037715
0.021389
0.021885
0.021
0.022782
0.021578
0.052871
0.021018
0.021383
0.021344
0.020563
0.021294
0.035831
0.021188
0.021478
0.019855
0.02052
0.02068
0.036539
0.020395
0.022449
0.0202
0.020838
0.021564
0.036704
0.021545
0.025727
0.032608
0.021371
0.021135
0.041306
0.021232
0.030694
0.023799
0.0224
0.020874
0.037256
0.027353
0.024697
0.020699
0.026818
0.032208
0.042182
0.021616
0.02032
0.020582
0.021061
0.020231
0.041549
0.021058
0.021922
0.023278
0.021227
0.021366
0.040996
0.020547
0.028588
0.021513
0.025188
0.021011
0.040848
0.033107
0.021761
0.02728
0.024808
0.042534
0.036216
0.029155
0.019894
0.020173
0.01969
0.019637
0.038111
0.019858
0.027487
0.020142
0.019519
0.019762
0.04827
0.022438
0.020084
0.019707
0.020311
0.020921
0.034731
0.01999
0.018779
0.019291
0.019614
0.019464
0.036997
0.025691
0.023505
0.019564
0.019308
0.031497
0.039288
0.020501
0.02619
0.020365
0.020744
0.020704
0.037623
0.021509
0.036381
0.021277
0.026164
0.021029
0.042546
0.021494
0.021245
0.021196
0.021105
0.021122
0.036951
0.031834
0.021551
0.021179
0.020106
0.020274
0.038301
0.020778
0.022044
0.02721
0.02088
0.021869
0.037296
0.0214
0.02103
0.021671
0.02086
0.021778
0.040195
0.024713
0.024174
0.020437
0.021208
0.02124
0.039307
0.030283
0.020672
0.021092
0.022403
0.020307
0.046568
0.021446
0.020715
0.020157
0.021122
0.020918
0.036757
0.021139
0.020413
0.020388
0.020616
0.021033
0.03772
0.021555
0.02183
0.020569
0.021422
0.021085
0.036468
0.020624
0.021046
0.020504
0.031554
0.020539
0.037682
0.022628
0.022881
0.021877
0.022936
0.021122
0.039109
0.021715
0.020761
0.022739
0.041027
0.022499
0.039327
0.023389
0.020728
0.021732
0.021364
0.021777
0.039608
0.02152
0.020957
0.028458
0.021541
0.021025
0.036549
0.020697
0.02043
0.020768
0.021048
0.020103
0.044919
0.020775
0.021654
0.020434
0.02334
0.021147
0.037824
0.021055
0.021599
0.021271
0.020931
0.020521
0.037303
0.024812
0.023996
0.022656
0.021865
0.021774
0.05547
0.021704
0.021858
0.021952
0.035528
0.023044
0.034927
0.021294
