0.000167
0.21177
0.00403
0.002728
0.002544
0.002922
NaN
NaN
NaN
NaN
0.000157
0.24764
0.004019
0.004069
0.004435
0.003508
0.002955
0.003165
0.003713
0.003692
0.003662
0.003971
NaN
NaN
NaN
NaN
0.000169
0.21945
0.002919
0.002938
0.003054
0.003214
0.003467
0.004419
0.005132
0.005491
0.004186
0.004174
0.003428
0.003593
0.003195
0.003605
0.005647
0.005352
0.00526
0.00471
0.00369
0.003589
0.003773
0.003465
0.003641
0.002976
0.002879
0.003119
0.002873
0.002824
0.002942
0.002764
0.002993
0.003308
0.002717
0.00263
0.002555
NaN
NaN
NaN
NaN
0.000118
0.25259
0.003609
0.003306
0.003719
0.003196
0.003277
0.00299
0.0031
0.003088
0.004007
0.00301
0.002891
0.002894
0.003521
0.004198
0.003559
0.00413
0.003409
0.002932
0.002671
0.003169
0.003119
0.003475
0.002784
0.002928
0.003242
0.002824
0.003111
0.002761
0.00283
0.003103
0.003405
0.003328
0.003044
0.002784
0.002967
NaN
NaN
NaN
NaN
0.000191
0.22032
0.003288
0.003173
0.003255
0.003504
0.003316
0.003937
0.00538
0.005302
0.005027
0.004364
0.004245
0.00383
0.003925
0.003928
0.005745
0.00521
0.00569
0.005447
0.00582
0.005131
0.004247
0.004158
0.003319
0.00351
0.003184
0.003298
0.003572
0.003338
0.004006
0.003628
0.003447
0.003334
0.003036
0.003013
0.003554
0.004374
0.003849
0.00362
0.003294
0.003266
0.003204
0.003359
0.002931
0.00335
0.003052
0.003865
0.003085
0.003609
0.003126
0.003058
0.003306
0.003512
0.003397
0.004009
0.002997
0.003283
0.003523
0.003298
0.00287
0.002749
0.003366
0.003901
0.003245
0.002882
0.00301
0.003153
0.002837
0.003056
0.003006
0.003033
0.003073
0.003131
0.00284
0.004475
0.003626
0.00326
0.003267
0.004253
0.005738
0.005379
0.004516
0.004267
0.003457
0.003635
0.003716
0.003831
0.004112
0.003088
0.003225
0.003437
0.003385
0.003514
0.003757
0.003131
0.003514
0.002875
0.005297
0.005053
0.005744
0.005249
0.007457
0.004548
0.005285
0.005224
0.005315
0.004545
0.005241
0.005302
0.004784
0.004671
0.004531
0.004589
0.003678
0.003362
0.003503
0.003218
0.003161
0.003717
0.002999
0.003365
0.003885
0.003033
0.003426
0.003729
0.003057
0.003574
0.00317
0.003282
0.003407
0.003379
0.003189
0.003004
0.002874
0.002564
0.002588
0.002991
0.003267
0.003499
0.003416
0.00341
0.003225
0.003002
0.0037
0.003142
0.003525
0.00348
0.003704
0.003397
0.003136
0.003287
0.003176
0.002855
0.002965
0.003093
0.002968
0.002907
0.003431
0.002907
0.002978
0.002937
0.003291
0.003482
0.003365
0.006058
0.005214
0.004693
0.003435
0.00918
0.005909
0.003919
0.00361
0.002885
0.003423
0.002918
0.002943
0.0029
0.003095
0.003109
0.003052
0.002947
0.00368
0.003511
0.003108
0.003498
0.003264
0.003592
0.003232
0.003808
0.003054
0.003434
0.003396
0.003384
0.003481
0.003461
0.003402
0.003329
0.003234
0.003087
0.002847
0.00282
0.002738
0.002878
0.002947
0.003634
0.003225
0.004276
0.003402
0.00367
0.002914
0.006272
0.003249
0.003427
0.006314
0.004096
0.004118
0.003658
0.00442
0.003811
0.003705
0.003438
0.003181
0.003274
0.003389
0.003024
0.003169
0.003056
0.002916
0.002916
0.003422
0.002895
0.003097
0.003487
0.006303
0.003292
0.003269
0.003416
0.003311
0.003453
0.00332
0.003276
0.003431
0.003458
0.003426
0.004148
0.005257
0.005283
0.005085
0.005425
0.004384
0.004018
0.004291
0.003631
0.003709
0.00381
0.003295
