0.000141
0.21681
0.006019
0.005464
0.005432
0.005343
0.00538
0.005087
0.006062
0.005199
0.00532
0.005302
0.005426
0.005407
0.005514
0.005694
0.00526
0.005352
0.005235
0.005515
0.00521
0.005218
0.006387
0.010516
0.008024
0.007019
0.005941
0.005324
0.005576
0.005189
0.005326
0.005206
0.005423
0.005147
0.005279
0.005826
0.005218
0.0053
0.005256
0.005641
0.005528
0.005401
0.005399
0.005207
0.005518
0.005181
0.005617
0.005219
0.00495
0.005886
0.005451
0.006095
0.010438
0.010335
0.00998
0.00825
0.00676
0.005708
0.006803
0.009861
0.00833
0.006933
0.005616
0.005728
0.005214
0.005101
0.005093
0.005074
0.005019
0.005147
0.005283
0.005971
0.010943
0.0084
0.00658
NaN
NaN
NaN
NaN
0.000234
0.22168
0.010334
0.011694
0.008299
0.007358
0.006581
0.006742
0.006806
0.007087
0.006794
0.007169
NaN
NaN
NaN
NaN
0.000161
0.2691
0.011666
0.011088
0.01082
0.011402
0.010472
0.010385
0.010231
0.010403
NaN
NaN
NaN
NaN
0.000186
0.22709
0.013224
0.012513
0.012472
0.012328
0.012711
NaN
NaN
NaN
NaN
0.000149
0.23875
0.014582
0.01428
0.01401
0.014367
0.014579
0.014063
0.013933
0.01239
0.012386
