0.00014,0.000145,0.000135,0,0,0,0,0,0,0,0,0,0,0,0
0.22375,0.22673,0.21892,0,0,0,0,0,0,0,0,0,0,0,0
0.006096,0.00576,0.005768,0,0,0,0,0,0,0,0,0,0,0,0
0.005725,0.005593,0.005609,0,0,0,0,0,0,0,0,0,0,0,0
0.005686,0.005951,0.005677,0,0,0,0,0,0,0,0,0,0,0,0
0.007923,0.0058,0.005844,0,0,0,0,0,0,0,0,0,0,0,0
0.006137,0.005537,0.005632,0,0,0,0,0,0,0,0,0,0,0,0
0.005723,0.005722,0.005718,0,0,0,0,0,0,0,0,0,0,0,0
0.006145,0.005829,0.005849,0,0,0,0,0,0,0,0,0,0,0,0
0.005681,0.005715,0.005699,0,0,0,0,0,0,0,0,0,0,0,0
0.006134,0.00564,0.005609,0,0,0,0,0,0,0,0,0,0,0,0
0.00682,0.005829,0.005765,0,0,0,0,0,0,0,0,0,0,0,0
0.006686,0.005681,0.005989,0,0,0,0,0,0,0,0,0,0,0,0
0.00618,0.0058,0.005744,0,0,0,0,0,0,0,0,0,0,0,0
0.005894,0.005693,0.005802,0,0,0,0,0,0,0,0,0,0,0,0
0.005956,0.005622,0.005819,0,0,0,0,0,0,0,0,0,0,0,0
0.007476,0.005885,0.006165,0,0,0,0,0,0,0,0,0,0,0,0
0.005841,0.005794,0.005754,0,0,0,0,0,0,0,0,0,0,0,0
0.005986,0.005841,0.006003,0,0,0,0,0,0,0,0,0,0,0,0
0.005824,0.006018,0.00651,0,0,0,0,0,0,0,0,0,0,0,0
0.005912,0.006002,0.00643,0,0,0,0,0,0,0,0,0,0,0,0
0.00774,0.006011,0.007748,0,0,0,0,0,0,0,0,0,0,0,0
0.005943,0.006342,0.006513,0,0,0,0,0,0,0,0,0,0,0,0
0.005754,0.005956,0.005976,0,0,0,0,0,0,0,0,0,0,0,0
0.00633,0.005908,0.006365,0,0,0,0,0,0,0,0,0,0,0,0
0.005853,0.006096,0.006279,0,0,0,0,0,0,0,0,0,0,0,0
0.005927,0.005895,0.006322,0,0,0,0,0,0,0,0,0,0,0,0
0.006057,0.005667,0.006189,0,0,0,0,0,0,0,0,0,0,0,0
0.005703,0.006158,0.006341,0,0,0,0,0,0,0,0,0,0,0,0
0.005674,0.005938,0.006121,0,0,0,0,0,0,0,0,0,0,0,0
0.005548,0.005949,0.006729,0,0,0,0,0,0,0,0,0,0,0,0
0.005835,0.005863,0.006338,0,0,0,0,0,0,0,0,0,0,0,0
0.005495,0.005796,0.005702,0,0,0,0,0,0,0,0,0,0,0,0
0.005633,0.005804,0.005613,0,0,0,0,0,0,0,0,0,0,0,0
0.00565,0.006456,0.005962,0,0,0,0,0,0,0,0,0,0,0,0
0.006237,0.005922,0.006005,0,0,0,0,0,0,0,0,0,0,0,0
0.005827,0.005919,0.00585,0,0,0,0,0,0,0,0,0,0,0,0
0.005603,0.006085,0.0067,0,0,0,0,0,0,0,0,0,0,0,0
0.005831,0.005706,0.009282,0,0,0,0,0,0,0,0,0,0,0,0
0.005998,0.006273,0.010266,0,0,0,0,0,0,0,0,0,0,0,0
0.005869,0.005756,0.00884,0,0,0,0,0,0,0,0,0,0,0,0
0.00594,0.005736,0.009866,0,0,0,0,0,0,0,0,0,0,0,0
0.008267,0.006104,0.010062,0,0,0,0,0,0,0,0,0,0,0,0
0.007901,0.005954,0.008092,0,0,0,0,0,0,0,0,0,0,0,0
0.008579,0.00596,0.006713,0,0,0,0,0,0,0,0,0,0,0,0
0.00726,0.005937,0.00592,0,0,0,0,0,0,0,0,0,0,0,0
0.00564,0.006076,0.005751,0,0,0,0,0,0,0,0,0,0,0,0
0.006136,0.00571,0.005719,0,0,0,0,0,0,0,0,0,0,0,0
0.005787,0.005576,0.005756,0,0,0,0,0,0,0,0,0,0,0,0
0.005755,0.006198,0.005562,0,0,0,0,0,0,0,0,0,0,0,0
0.005742,0.005578,0.005946,0,0,0,0,0,0,0,0,0,0,0,0
0.005618,0.006001,0.006553,0,0,0,0,0,0,0,0,0,0,0,0
0.005875,0.006165,0.009442,0,0,0,0,0,0,0,0,0,0,0,0
0.005589,0.006013,0.009917,0,0,0,0,0,0,0,0,0,0,0,0
0.00566,0.005929,0.007651,0,0,0,0,0,0,0,0,0,0,0,0
0.00566,0.006205,0.007031,0,0,0,0,0,0,0,0,0,0,0,0
0.00565,0.006545,0.006075,0,0,0,0,0,0,0,0,0,0,0,0
0.006136,0.008628,0.00837,0,0,0,0,0,0,0,0,0,0,0,0
0.005703,0.010575,0.011023,0,0,0,0,0,0,0,0,0,0,0,0
0.005581,0.008399,0.007696,0,0,0,0,0,0,0,0,0,0,0,0
0.005636,0.006735,0.00659,0,0,0,0,0,0,0,0,0,0,0,0
0.005926,0.00631,0.00628,0,0,0,0,0,0,0,0,0,0,0,0
0.005678,0.005836,0.005673,0,0,0,0,0,0,0,0,0,0,0,0
0.005715,0.005757,0.005622,0,0,0,0,0,0,0,0,0,0,0,0
0.005809,0.005748,0.005658,0,0,0,0,0,0,0,0,0,0,0,0
0.006183,0.005741,0.005866,0,0,0,0,0,0,0,0,0,0,0,0
0.005808,0.005543,0.005964,0,0,0,0,0,0,0,0,0,0,0,0
0.005744,0.005735,0.005627,0,0,0,0,0,0,0,0,0,0,0,0
0.006246,0.005824,0.005635,0,0,0,0,0,0,0,0,0,0,0,0
0.005781,0.005728,0.005906,0,0,0,0,0,0,0,0,0,0,0,0
0.005749,0.00597,0.005746,0,0,0,0,0,0,0,0,0,0,0,0
0.006241,0.005504,0.005685,0,0,0,0,0,0,0,0,0,0,0,0
0.005688,0.005563,0.00567,0,0,0,0,0,0,0,0,0,0,0,0
0.00595,0.005749,0.005665,0,0,0,0,0,0,0,0,0,0,0,0
0.006043,0.006226,0.006072,0,0,0,0,0,0,0,0,0,0,0,0
0.005805,0.005912,0.008629,0,0,0,0,0,0,0,0,0,0,0,0
0.006488,0.006273,0.009933,0,0,0,0,0,0,0,0,0,0,0,0
0.005971,0.005854,0.007868,0,0,0,0,0,0,0,0,0,0,0,0
0.005904,0.005861,0.006711,0,0,0,0,0,0,0,0,0,0,0,0
0.006769,0.005702,0.005933,0,0,0,0,0,0,0,0,0,0,0,0
0.005835,0.00594,0.006051,0,0,0,0,0,0,0,0,0,0,0,0
0.006238,0.005666,0.006243,0,0,0,0,0,0,0,0,0,0,0,0
0.005798,0.005953,0.006013,0,0,0,0,0,0,0,0,0,0,0,0
0.00626,0.006498,0.005999,0,0,0,0,0,0,0,0,0,0,0,0
0.010302,0.006415,0.006529,0,0,0,0,0,0,0,0,0,0,0,0
0.010455,0.006441,0.006462,0,0,0,0,0,0,0,0,0,0,0,0
0.008798,0.006212,0.006181,0,0,0,0,0,0,0,0,0,0,0,0
0.007501,0.006128,0.006362,0,0,0,0,0,0,0,0,0,0,0,0
0.007121,0.006166,0.005932,0,0,0,0,0,0,0,0,0,0,0,0
0.006157,0.005671,0.006474,0,0,0,0,0,0,0,0,0,0,0,0
0.00632,0.005648,0.005842,0,0,0,0,0,0,0,0,0,0,0,0
0.006109,0.005803,0.005953,0,0,0,0,0,0,0,0,0,0,0,0
0.00614,0.006225,0.006357,0,0,0,0,0,0,0,0,0,0,0,0
0.006167,0.011396,0.00604,0,0,0,0,0,0,0,0,0,0,0,0
0.006282,0.00848,0.00787,0,0,0,0,0,0,0,0,0,0,0,0
0.00586,0.006633,0.006436,0,0,0,0,0,0,0,0,0,0,0,0
0.005908,0.006331,0.006066,0,0,0,0,0,0,0,0,0,0,0,0
0.006411,0.006011,0.006505,0,0,0,0,0,0,0,0,0,0,0,0
0.005922,0.006421,0.006142,0,0,0,0,0,0,0,0,0,0,0,0
0.005903,0.005884,0.005743,0,0,0,0,0,0,0,0,0,0,0,0
0.006086,0.005926,0.005818,0,0,0,0,0,0,0,0,0,0,0,0
0.005752,0.006252,0.005452,0,0,0,0,0,0,0,0,0,0,0,0
0.005806,0.005563,0.005609,0,0,0,0,0,0,0,0,0,0,0,0
0.006177,0.005686,0.005521,0,0,0,0,0,0,0,0,0,0,0,0
0.006058,0.005437,0.005679,0,0,0,0,0,0,0,0,0,0,0,0
0.005671,0.00577,0.005592,0,0,0,0,0,0,0,0,0,0,0,0
0.005996,0.005771,0.005695,0,0,0,0,0,0,0,0,0,0,0,0
0.005891,0.005733,0.0054,0,0,0,0,0,0,0,0,0,0,0,0
0.005857,0.005557,0.00554,0,0,0,0,0,0,0,0,0,0,0,0
0.005987,0.008013,0.005403,0,0,0,0,0,0,0,0,0,0,0,0
0.00562,0.010088,0.0057,0,0,0,0,0,0,0,0,0,0,0,0
0.005657,0.009543,0.005669,0,0,0,0,0,0,0,0,0,0,0,0
0.005767,0.008239,0.005258,0,0,0,0,0,0,0,0,0,0,0,0
0.005793,0.006808,0.005227,0,0,0,0,0,0,0,0,0,0,0,0
0.005887,0.006132,0.005417,0,0,0,0,0,0,0,0,0,0,0,0
0.005623,0.005635,0.005179,0,0,0,0,0,0,0,0,0,0,0,0
0.005875,0.005301,0.005408,0,0,0,0,0,0,0,0,0,0,0,0
0.005714,0.005164,0.005407,0,0,0,0,0,0,0,0,0,0,0,0
0.005483,0.005269,0.005527,0,0,0,0,0,0,0,0,0,0,0,0
0.005751,0.005465,0.005547,0,0,0,0,0,0,0,0,0,0,0,0
0.005463,0.005258,0.005119,0,0,0,0,0,0,0,0,0,0,0,0
0.005662,0.005187,0.005253,0,0,0,0,0,0,0,0,0,0,0,0
0.00562,0.005158,0.00648,0,0,0,0,0,0,0,0,0,0,0,0
0.005573,0.005629,0.0058,0,0,0,0,0,0,0,0,0,0,0,0
0.005821,0.005256,0.005475,0,0,0,0,0,0,0,0,0,0,0,0
0.005525,0.005428,0.005174,0,0,0,0,0,0,0,0,0,0,0,0
0.005331,0.005303,0.005305,0,0,0,0,0,0,0,0,0,0,0,0
0.005562,0.008693,0.005747,0,0,0,0,0,0,0,0,0,0,0,0
0.005799,0.009589,0.005536,0,0,0,0,0,0,0,0,0,0,0,0
0.005686,0.007705,0.005765,0,0,0,0,0,0,0,0,0,0,0,0
0.005578,0.006489,0.008319,0,0,0,0,0,0,0,0,0,0,0,0
0.00549,0.005672,0.009542,0,0,0,0,0,0,0,0,0,0,0,0
0.005593,0.00543,0.00802,0,0,0,0,0,0,0,0,0,0,0,0
0.005418,0.005347,0.006339,0,0,0,0,0,0,0,0,0,0,0,0
0.005721,0.00565,0.005594,0,0,0,0,0,0,0,0,0,0,0,0
0.006395,0.005331,0.005312,0,0,0,0,0,0,0,0,0,0,0,0
0.005324,0.005204,0.005276,0,0,0,0,0,0,0,0,0,0,0,0
0.005366,0.00522,0.005217,0,0,0,0,0,0,0,0,0,0,0,0
0.005321,0.005143,0.005243,0,0,0,0,0,0,0,0,0,0,0,0
0.005535,0.00523,0.005152,0,0,0,0,0,0,0,0,0,0,0,0
0.005473,0.005352,0.005281,0,0,0,0,0,0,0,0,0,0,0,0
0.00559,0.005316,0.005477,0,0,0,0,0,0,0,0,0,0,0,0
0.005656,0.005312,0.00786,0,0,0,0,0,0,0,0,0,0,0,0
0.005902,0.005295,0.010328,0,0,0,0,0,0,0,0,0,0,0,0
0.00531,0.005193,0.009392,0,0,0,0,0,0,0,0,0,0,0,0
0.005481,0.005458,0.007485,0,0,0,0,0,0,0,0,0,0,0,0
0.005252,0.005389,0.006345,0,0,0,0,0,0,0,0,0,0,0,0
0.005372,0.005518,0.005853,0,0,0,0,0,0,0,0,0,0,0,0
0.005332,0.005673,0.005442,0,0,0,0,0,0,0,0,0,0,0,0
0.005336,0.005406,0.008243,0,0,0,0,0,0,0,0,0,0,0,0
0.005546,0.005174,0.010285,0,0,0,0,0,0,0,0,0,0,0,0
0.005457,0.005146,0.00806,0,0,0,0,0,0,0,0,0,0,0,0
0.005442,0.005542,0.0066,0,0,0,0,0,0,0,0,0,0,0,0
0.005496,0.00514,0.006034,0,0,0,0,0,0,0,0,0,0,0,0
0.00547,0.005111,0.005797,0,0,0,0,0,0,0,0,0,0,0,0
0.005409,0.004994,0.005212,0,0,0,0,0,0,0,0,0,0,0,0
0.00567,0.005396,0.005433,0,0,0,0,0,0,0,0,0,0,0,0
0.005418,0.005012,0.005116,0,0,0,0,0,0,0,0,0,0,0,0
0.005619,0.005171,0.005115,0,0,0,0,0,0,0,0,0,0,0,0
0.006349,0.005305,0.005186,0,0,0,0,0,0,0,0,0,0,0,0
0.006656,0.005017,0.004944,0,0,0,0,0,0,0,0,0,0,0,0
0.005935,0.005089,0.005057,0,0,0,0,0,0,0,0,0,0,0,0
0.005354,0.004952,0.005072,0,0,0,0,0,0,0,0,0,0,0,0
0.00579,0.00501,0.004983,0,0,0,0,0,0,0,0,0,0,0,0
0.007242,0.005151,0.005439,0,0,0,0,0,0,0,0,0,0,0,0
0.006365,0.005177,0.005175,0,0,0,0,0,0,0,0,0,0,0,0
0.005663,0.005263,0.005274,0,0,0,0,0,0,0,0,0,0,0,0
0.0053,0.005359,0.005001,0,0,0,0,0,0,0,0,0,0,0,0
0.00517,0.006986,0.005461,0,0,0,0,0,0,0,0,0,0,0,0
0.005303,0.007701,0.006391,0,0,0,0,0,0,0,0,0,0,0,0
0.005675,0.008338,0.006925,0,0,0,0,0,0,0,0,0,0,0,0
0.005422,0.010532,0.00684,0,0,0,0,0,0,0,0,0,0,0,0
0.00571,0.008018,0.005666,0,0,0,0,0,0,0,0,0,0,0,0
0.006333,0.006637,0.006025,0,0,0,0,0,0,0,0,0,0,0,0
0.005607,0.006424,0.005676,0,0,0,0,0,0,0,0,0,0,0,0
0.005679,0.00848,0.005414,0,0,0,0,0,0,0,0,0,0,0,0
0.006973,0.00993,0.005459,0,0,0,0,0,0,0,0,0,0,0,0
0.005955,0.00813,0.005269,0,0,0,0,0,0,0,0,0,0,0,0
0.00569,0.006837,0.005883,0,0,0,0,0,0,0,0,0,0,0,0
0.00563,0.006393,0.005512,0,0,0,0,0,0,0,0,0,0,0,0
0.006332,0.006966,0.005449,0,0,0,0,0,0,0,0,0,0,0,0
0.005792,0.005673,0.00565,0,0,0,0,0,0,0,0,0,0,0,0
0.005718,0.005988,0.005657,0,0,0,0,0,0,0,0,0,0,0,0
0.005639,0.00569,0.005624,0,0,0,0,0,0,0,0,0,0,0,0
0.005652,0.005836,0.005838,0,0,0,0,0,0,0,0,0,0,0,0
0.005806,0.005734,0.005434,0,0,0,0,0,0,0,0,0,0,0,0
0.005506,0.006019,0.005617,0,0,0,0,0,0,0,0,0,0,0,0
0.00558,0.00578,0.0056,0,0,0,0,0,0,0,0,0,0,0,0
0.00612,0.005677,0.005456,0,0,0,0,0,0,0,0,0,0,0,0
0.005712,0.005673,0.005666,0,0,0,0,0,0,0,0,0,0,0,0
0.007913,0.005581,0.005498,0,0,0,0,0,0,0,0,0,0,0,0
0.010759,0.005304,0.005207,0,0,0,0,0,0,0,0,0,0,0,0
0.010204,0.00535,0.005185,0,0,0,0,0,0,0,0,0,0,0,0
0.007942,0.005258,0.005253,0,0,0,0,0,0,0,0,0,0,0,0
0.006241,0.005266,0.006085,0,0,0,0,0,0,0,0,0,0,0,0
0.009638,0.005605,0.005385,0,0,0,0,0,0,0,0,0,0,0,0
0.010453,0.005536,0.01073,0,0,0,0,0,0,0,0,0,0,0,0
0.007344,0.005778,0.008754,0,0,0,0,0,0,0,0,0,0,0,0
0.006639,0.00588,0.007277,0,0,0,0,0,0,0,0,0,0,0,0
0.005889,0.005383,0.006014,0,0,0,0,0,0,0,0,0,0,0,0
0.005584,0.005209,0.005307,0,0,0,0,0,0,0,0,0,0,0,0
0.005614,0.005352,0.006021,0,0,0,0,0,0,0,0,0,0,0,0
0.005835,0.00533,0.006062,0,0,0,0,0,0,0,0,0,0,0,0
0.005302,0.005514,0.005252,0,0,0,0,0,0,0,0,0,0,0,0
0.005296,0.005409,0.005231,0,0,0,0,0,0,0,0,0,0,0,0
0.005417,0.005382,0.005275,0,0,0,0,0,0,0,0,0,0,0,0
0.006371,0.005515,0.005331,0,0,0,0,0,0,0,0,0,0,0,0
0.005581,0.005439,0.005262,0,0,0,0,0,0,0,0,0,0,0,0
0.005778,0.005515,0.005578,0,0,0,0,0,0,0,0,0,0,0,0
0.005489,0.005678,0.0055,0,0,0,0,0,0,0,0,0,0,0,0
0.00547,0.005876,0.005983,0,0,0,0,0,0,0,0,0,0,0,0
0.005637,0.005696,0.006016,0,0,0,0,0,0,0,0,0,0,0,0
0.005769,0.005664,0.005493,0,0,0,0,0,0,0,0,0,0,0,0
0.006005,0.005999,0.005707,0,0,0,0,0,0,0,0,0,0,0,0
0.005952,0.005858,0.005983,0,0,0,0,0,0,0,0,0,0,0,0
0.006552,0.005873,0.005882,0,0,0,0,0,0,0,0,0,0,0,0
0.005872,0.005877,0.005726,0,0,0,0,0,0,0,0,0,0,0,0
0.006206,0.005638,0.006672,0,0,0,0,0,0,0,0,0,0,0,0
0.005675,0.005819,0.006392,0,0,0,0,0,0,0,0,0,0,0,0
0.005536,0.005822,0.006389,0,0,0,0,0,0,0,0,0,0,0,0
0.005661,0.006123,0.005769,0,0,0,0,0,0,0,0,0,0,0,0
0.005968,0.005611,0.005434,0,0,0,0,0,0,0,0,0,0,0,0
0.005349,0.005674,0.00533,0,0,0,0,0,0,0,0,0,0,0,0
0.005833,0.006023,0.005315,0,0,0,0,0,0,0,0,0,0,0,0
0.005753,0.005491,0.005451,0,0,0,0,0,0,0,0,0,0,0,0
0.005489,0.005599,0.00537,0,0,0,0,0,0,0,0,0,0,0,0
0.00567,0.005384,0.005267,0,0,0,0,0,0,0,0,0,0,0,0
0.005337,0.005475,0.005409,0,0,0,0,0,0,0,0,0,0,0,0
0.005269,0.005792,0.005116,0,0,0,0,0,0,0,0,0,0,0,0
0.005247,0.005306,0.00521,0,0,0,0,0,0,0,0,0,0,0,0
0.00516,0.005621,0.005508,0,0,0,0,0,0,0,0,0,0,0,0
0.005391,0.00534,0.005221,0,0,0,0,0,0,0,0,0,0,0,0
0.006262,0.005408,0.005109,0,0,0,0,0,0,0,0,0,0,0,0
0.006118,0.005179,0.005547,0,0,0,0,0,0,0,0,0,0,0,0
0.005974,0.005493,0.005633,0,0,0,0,0,0,0,0,0,0,0,0
0.005261,0.005811,0.005116,0,0,0,0,0,0,0,0,0,0,0,0
0.005022,0.005364,0.005004,0,0,0,0,0,0,0,0,0,0,0,0
0.00546,0.00505,0.005196,0,0,0,0,0,0,0,0,0,0,0,0
0.005652,0.005141,0.005067,0,0,0,0,0,0,0,0,0,0,0,0
0.005948,0.005071,0.005024,0,0,0,0,0,0,0,0,0,0,0,0
0.005285,0.005058,0.00621,0,0,0,0,0,0,0,0,0,0,0,0
0.005525,0.005447,0.005177,0,0,0,0,0,0,0,0,0,0,0,0
0.00551,0.005253,0.004943,0,0,0,0,0,0,0,0,0,0,0,0
0.006198,0.004973,0.00494,0,0,0,0,0,0,0,0,0,0,0,0
0.007898,0.005124,0.004989,0,0,0,0,0,0,0,0,0,0,0,0
0.006207,0.005097,0.005108,0,0,0,0,0,0,0,0,0,0,0,0
0.005848,0.005138,0.005482,0,0,0,0,0,0,0,0,0,0,0,0
0.005847,0.005623,0.005065,0,0,0,0,0,0,0,0,0,0,0,0
0.008329,0.004927,0.00487,0,0,0,0,0,0,0,0,0,0,0,0
0.00628,0.005165,0.005798,0,0,0,0,0,0,0,0,0,0,0,0
0.005743,0.005229,0.005496,0,0,0,0,0,0,0,0,0,0,0,0
0.006694,0.004981,0.005153,0,0,0,0,0,0,0,0,0,0,0,0
0.0056,0.005381,0.005022,0,0,0,0,0,0,0,0,0,0,0,0
0.00711,0.005383,0.004857,0,0,0,0,0,0,0,0,0,0,0,0
0.006629,0.005755,0.004959,0,0,0,0,0,0,0,0,0,0,0,0
0.006072,0.005439,0.004901,0,0,0,0,0,0,0,0,0,0,0,0
0.006101,0.005704,0.005582,0,0,0,0,0,0,0,0,0,0,0,0
0.005221,0.00547,0.005096,0,0,0,0,0,0,0,0,0,0,0,0
0.006775,0.005378,0.005483,0,0,0,0,0,0,0,0,0,0,0,0
0.00629,0.005239,0.00521,0,0,0,0,0,0,0,0,0,0,0,0
0.005931,0.005413,0.006483,0,0,0,0,0,0,0,0,0,0,0,0
0.011024,0.005532,0.005731,0,0,0,0,0,0,0,0,0,0,0,0
0.010101,0.005372,0.005209,0,0,0,0,0,0,0,0,0,0,0,0
0.011028,0.00534,0.00527,0,0,0,0,0,0,0,0,0,0,0,0
0.00808,0.005625,0.005307,0,0,0,0,0,0,0,0,0,0,0,0
0.006609,0.005368,0.005446,0,0,0,0,0,0,0,0,0,0,0,0
0.005647,0.005843,0.005454,0,0,0,0,0,0,0,0,0,0,0,0
0.005452,0.005856,0.005593,0,0,0,0,0,0,0,0,0,0,0,0
0.005693,0.005686,0.005363,0,0,0,0,0,0,0,0,0,0,0,0
0.006891,0.006646,0.005525,0,0,0,0,0,0,0,0,0,0,0,0
0.006077,0.005982,0.005709,0,0,0,0,0,0,0,0,0,0,0,0
0.006279,0.005474,0.005581,0,0,0,0,0,0,0,0,0,0,0,0
0.00624,0.005565,0.005634,0,0,0,0,0,0,0,0,0,0,0,0
0.00901,0.00606,0.00543,0,0,0,0,0,0,0,0,0,0,0,0
0.010163,0.006006,0.005733,0,0,0,0,0,0,0,0,0,0,0,0
0.008313,0.005778,0.006439,0,0,0,0,0,0,0,0,0,0,0,0
0.006799,0.005926,0.005593,0,0,0,0,0,0,0,0,0,0,0,0
0.006705,0.005643,0.005429,0,0,0,0,0,0,0,0,0,0,0,0
0.006197,0.005454,0.005649,0,0,0,0,0,0,0,0,0,0,0,0
0.005803,0.005883,0.005568,0,0,0,0,0,0,0,0,0,0,0,0
0.005675,0.005725,0.005813,0,0,0,0,0,0,0,0,0,0,0,0
0.006742,0.006038,0.005619,0,0,0,0,0,0,0,0,0,0,0,0
0.006105,0.005765,0.005694,0,0,0,0,0,0,0,0,0,0,0,0
0.006131,0.00559,0.005693,0,0,0,0,0,0,0,0,0,0,0,0
0.011091,0.006348,0.005572,0,0,0,0,0,0,0,0,0,0,0,0
0.008381,0.005755,0.006018,0,0,0,0,0,0,0,0,0,0,0,0
0.008927,0.005447,0.005515,0,0,0,0,0,0,0,0,0,0,0,0
0.009964,0.005519,0.005467,0,0,0,0,0,0,0,0,0,0,0,0
0.008059,0.005713,0.005403,0,0,0,0,0,0,0,0,0,0,0,0
0.006613,0.006692,0.005509,0,0,0,0,0,0,0,0,0,0,0,0
0.006954,0.005412,0.005366,0,0,0,0,0,0,0,0,0,0,0,0
0.007075,0.005584,0.005515,0,0,0,0,0,0,0,0,0,0,0,0
0.005706,0.005453,0.006049,0,0,0,0,0,0,0,0,0,0,0,0
0.005904,0.005543,0.005466,0,0,0,0,0,0,0,0,0,0,0,0
0.006351,0.005953,0.005376,0,0,0,0,0,0,0,0,0,0,0,0
0.00732,0.005493,0.005473,0,0,0,0,0,0,0,0,0,0,0,0
0.006392,0.005634,0.0054,0,0,0,0,0,0,0,0,0,0,0,0
0.006496,0.005685,0.005353,0,0,0,0,0,0,0,0,0,0,0,0
0.006332,0.005474,0.005452,0,0,0,0,0,0,0,0,0,0,0,0
0.006196,0.007146,0.005777,0,0,0,0,0,0,0,0,0,0,0,0
0.006019,0.006818,0.00597,0,0,0,0,0,0,0,0,0,0,0,0
0.005512,0.005597,0.005075,0,0,0,0,0,0,0,0,0,0,0,0
NaN,NaN,NaN,0,0,0,0,0,0,0,0,0,0,0,0
NaN,NaN,NaN,0,0,0,0,0,0,0,0,0,0,0,0
NaN,NaN,NaN,0,0,0,0,0,0,0,0,0,0,0,0
NaN,NaN,NaN,0,0,0,0,0,0,0,0,0,0,0,0
0.000149,0.000234,0.000297,0,0,0,0,0,0,0,0,0,0,0,0
0.21112,0.21415,0.22787,0,0,0,0,0,0,0,0,0,0,0,0
0.004874,0.005092,0.004891,0,0,0,0,0,0,0,0,0,0,0,0
0.00469,0.004581,0.004729,0,0,0,0,0,0,0,0,0,0,0,0
0.005131,0.004521,0.005631,0,0,0,0,0,0,0,0,0,0,0,0
0.004608,0.004891,0.005223,0,0,0,0,0,0,0,0,0,0,0,0
0.004501,0.004699,0.004527,0,0,0,0,0,0,0,0,0,0,0,0
0.005117,0.008217,0.00461,0,0,0,0,0,0,0,0,0,0,0,0
0.004717,0.007514,0.00577,0,0,0,0,0,0,0,0,0,0,0,0
0.004547,0.006296,0.004589,0,0,0,0,0,0,0,0,0,0,0,0
0.004574,0.005739,0.004547,0,0,0,0,0,0,0,0,0,0,0,0
0.004667,0.007736,0.005354,0,0,0,0,0,0,0,0,0,0,0,0
0.004574,0.008917,0.004715,0,0,0,0,0,0,0,0,0,0,0,0
0.00466,0.007317,0.004894,0,0,0,0,0,0,0,0,0,0,0,0
0.00461,0.006297,0.004647,0,0,0,0,0,0,0,0,0,0,0,0
0.004566,0.005364,0.004657,0,0,0,0,0,0,0,0,0,0,0,0
0.005055,0.004931,0.007136,0,0,0,0,0,0,0,0,0,0,0,0
0.00467,0.004869,0.008932,0,0,0,0,0,0,0,0,0,0,0,0
0.004803,0.004964,0.007834,0,0,0,0,0,0,0,0,0,0,0,0
0.004755,0.004542,0.006204,0,0,0,0,0,0,0,0,0,0,0,0
0.004675,0.004618,0.005402,0,0,0,0,0,0,0,0,0,0,0,0
0.004678,0.004804,0.004956,0,0,0,0,0,0,0,0,0,0,0,0
0.004574,0.004603,0.004751,0,0,0,0,0,0,0,0,0,0,0,0
0.005622,0.004728,0.004648,0,0,0,0,0,0,0,0,0,0,0,0
0.006323,0.004917,0.004472,0,0,0,0,0,0,0,0,0,0,0,0
0.005131,0.004724,0.004601,0,0,0,0,0,0,0,0,0,0,0,0
0.004533,0.004865,0.004822,0,0,0,0,0,0,0,0,0,0,0,0
0.004629,0.004736,0.004633,0,0,0,0,0,0,0,0,0,0,0,0
0.004645,0.004678,0.004704,0,0,0,0,0,0,0,0,0,0,0,0
0.004683,0.004645,0.004636,0,0,0,0,0,0,0,0,0,0,0,0
0.004683,0.004862,0.004609,0,0,0,0,0,0,0,0,0,0,0,0
0.004949,0.00471,0.004971,0,0,0,0,0,0,0,0,0,0,0,0
0.004586,0.004803,0.0052,0,0,0,0,0,0,0,0,0,0,0,0
0.00488,0.004903,0.006566,0,0,0,0,0,0,0,0,0,0,0,0
0.004793,0.004759,0.005531,0,0,0,0,0,0,0,0,0,0,0,0
0.004529,0.004617,0.00509,0,0,0,0,0,0,0,0,0,0,0,0
0.005011,0.004653,0.0047,0,0,0,0,0,0,0,0,0,0,0,0
0.005312,0.004687,0.004968,0,0,0,0,0,0,0,0,0,0,0,0
0.005146,0.006224,0.004955,0,0,0,0,0,0,0,0,0,0,0,0
0.005114,0.004816,0.004932,0,0,0,0,0,0,0,0,0,0,0,0
0.004623,0.005367,0.004699,0,0,0,0,0,0,0,0,0,0,0,0
0.00478,0.004799,0.004576,0,0,0,0,0,0,0,0,0,0,0,0
0.004566,0.005009,0.005198,0,0,0,0,0,0,0,0,0,0,0,0
0.00459,0.004656,0.004607,0,0,0,0,0,0,0,0,0,0,0,0
0.004526,0.004606,0.004553,0,0,0,0,0,0,0,0,0,0,0,0
0.004549,0.005043,0.005205,0,0,0,0,0,0,0,0,0,0,0,0
0.004635,0.004648,0.004562,0,0,0,0,0,0,0,0,0,0,0,0
0.004585,0.004625,0.00449,0,0,0,0,0,0,0,0,0,0,0,0
0.005236,0.004926,0.005029,0,0,0,0,0,0,0,0,0,0,0,0
0.004824,0.004669,0.004617,0,0,0,0,0,0,0,0,0,0,0,0
0.004845,0.004723,0.004624,0,0,0,0,0,0,0,0,0,0,0,0
0.004611,0.00497,0.007302,0,0,0,0,0,0,0,0,0,0,0,0
0.004655,0.00477,0.00996,0,0,0,0,0,0,0,0,0,0,0,0
0.004534,0.004607,0.007578,0,0,0,0,0,0,0,0,0,0,0,0
0.004659,0.00453,0.006319,0,0,0,0,0,0,0,0,0,0,0,0
0.005096,0.00465,0.006028,0,0,0,0,0,0,0,0,0,0,0,0
0.005042,0.004553,0.004577,0,0,0,0,0,0,0,0,0,0,0,0
0.006006,0.004945,0.004572,0,0,0,0,0,0,0,0,0,0,0,0
0.004856,0.004725,0.004564,0,0,0,0,0,0,0,0,0,0,0,0
0.006883,0.004595,0.004943,0,0,0,0,0,0,0,0,0,0,0,0
0.006739,0.004895,0.004664,0,0,0,0,0,0,0,0,0,0,0,0
0.008015,0.004562,0.00476,0,0,0,0,0,0,0,0,0,0,0,0
0.006772,0.004665,0.005559,0,0,0,0,0,0,0,0,0,0,0,0
0.006626,0.005157,0.004834,0,0,0,0,0,0,0,0,0,0,0,0
0.005024,0.004627,0.004722,0,0,0,0,0,0,0,0,0,0,0,0
0.006006,0.004753,0.005566,0,0,0,0,0,0,0,0,0,0,0,0
0.005885,0.004728,0.007269,0,0,0,0,0,0,0,0,0,0,0,0
0.009675,0.004782,0.008381,0,0,0,0,0,0,0,0,0,0,0,0
0.009161,0.004533,0.006851,0,0,0,0,0,0,0,0,0,0,0,0
0.007479,0.004608,0.005497,0,0,0,0,0,0,0,0,0,0,0,0
0.005304,0.004727,0.005331,0,0,0,0,0,0,0,0,0,0,0,0
0.005488,0.004689,0.005308,0,0,0,0,0,0,0,0,0,0,0,0
0.004742,0.0048,0.004732,0,0,0,0,0,0,0,0,0,0,0,0
0.005412,0.004583,0.004634,0,0,0,0,0,0,0,0,0,0,0,0
0.005492,0.004492,0.004574,0,0,0,0,0,0,0,0,0,0,0,0
0.00556,0.004951,0.004688,0,0,0,0,0,0,0,0,0,0,0,0
0.00473,0.004449,0.004948,0,0,0,0,0,0,0,0,0,0,0,0
0.004998,0.004554,0.006909,0,0,0,0,0,0,0,0,0,0,0,0
0.004876,0.004801,0.008671,0,0,0,0,0,0,0,0,0,0,0,0
0.004882,0.004841,0.00693,0,0,0,0,0,0,0,0,0,0,0,0
0.004622,0.004831,0.006418,0,0,0,0,0,0,0,0,0,0,0,0
0.004621,0.005034,0.005969,0,0,0,0,0,0,0,0,0,0,0,0
0.004448,0.004663,0.00536,0,0,0,0,0,0,0,0,0,0,0,0
0.004492,0.004632,0.005187,0,0,0,0,0,0,0,0,0,0,0,0
0.004629,0.004559,0.004793,0,0,0,0,0,0,0,0,0,0,0,0
0.004547,0.00451,0.007089,0,0,0,0,0,0,0,0,0,0,0,0
0.005076,0.004516,0.010375,0,0,0,0,0,0,0,0,0,0,0,0
0.004734,0.004945,0.006859,0,0,0,0,0,0,0,0,0,0,0,0
0.004748,0.004576,0.006747,0,0,0,0,0,0,0,0,0,0,0,0
0.004406,0.004708,0.006442,0,0,0,0,0,0,0,0,0,0,0,0
0.004389,0.004955,0.004622,0,0,0,0,0,0,0,0,0,0,0,0
0.003829,0.003866,0.004653,0,0,0,0,0,0,0,0,0,0,0,0
0.003944,0.003832,0.004052,0,0,0,0,0,0,0,0,0,0,0,0
0.003599,0.003654,0.003936,0,0,0,0,0,0,0,0,0,0,0,0
0.003489,0.003543,0.003701,0,0,0,0,0,0,0,0,0,0,0,0
0.003523,0.003559,0.003751,0,0,0,0,0,0,0,0,0,0,0,0
0.004481,0.003831,0.003928,0,0,0,0,0,0,0,0,0,0,0,0
0.00379,0.003606,0.004316,0,0,0,0,0,0,0,0,0,0,0,0
0.004011,0.004077,0.004144,0,0,0,0,0,0,0,0,0,0,0,0
0.003757,0.003558,0.004381,0,0,0,0,0,0,0,0,0,0,0,0
0.00455,0.004422,0.005083,0,0,0,0,0,0,0,0,0,0,0,0
0.003603,0.00508,0.003913,0,0,0,0,0,0,0,0,0,0,0,0
0.004066,0.003603,0.003712,0,0,0,0,0,0,0,0,0,0,0,0
0.003652,0.00365,0.003733,0,0,0,0,0,0,0,0,0,0,0,0
0.003844,0.003725,0.003726,0,0,0,0,0,0,0,0,0,0,0,0
0.003708,0.004122,0.003595,0,0,0,0,0,0,0,0,0,0,0,0
0.003642,0.003515,0.003494,0,0,0,0,0,0,0,0,0,0,0,0
0.00351,0.003613,0.003547,0,0,0,0,0,0,0,0,0,0,0,0
0.003493,0.003586,0.003515,0,0,0,0,0,0,0,0,0,0,0,0
0.00353,0.003577,0.003565,0,0,0,0,0,0,0,0,0,0,0,0
0.003632,0.003491,0.003524,0,0,0,0,0,0,0,0,0,0,0,0
0.006728,0.003584,0.003614,0,0,0,0,0,0,0,0,0,0,0,0
0.006806,0.003607,0.003485,0,0,0,0,0,0,0,0,0,0,0,0
0.005322,0.003713,0.003657,0,0,0,0,0,0,0,0,0,0,0,0
0.00499,0.003557,0.003907,0,0,0,0,0,0,0,0,0,0,0,0
0.004534,0.003552,0.003808,0,0,0,0,0,0,0,0,0,0,0,0
0.004258,0.00347,0.003421,0,0,0,0,0,0,0,0,0,0,0,0
0.003932,0.00376,0.004756,0,0,0,0,0,0,0,0,0,0,0,0
0.003959,0.003838,0.004604,0,0,0,0,0,0,0,0,0,0,0,0
0.00425,0.003722,0.00444,0,0,0,0,0,0,0,0,0,0,0,0
0.003879,0.003892,0.004036,0,0,0,0,0,0,0,0,0,0,0,0
0.003726,0.003767,0.003688,0,0,0,0,0,0,0,0,0,0,0,0
0.003816,0.00364,0.003997,0,0,0,0,0,0,0,0,0,0,0,0
0.003964,0.003563,0.003844,0,0,0,0,0,0,0,0,0,0,0,0
0.003822,0.003692,0.003815,0,0,0,0,0,0,0,0,0,0,0,0
0.003791,0.003843,0.003731,0,0,0,0,0,0,0,0,0,0,0,0
0.004465,0.003753,0.003815,0,0,0,0,0,0,0,0,0,0,0,0
0.003678,0.003758,0.004347,0,0,0,0,0,0,0,0,0,0,0,0
0.003841,0.003666,0.003616,0,0,0,0,0,0,0,0,0,0,0,0
0.004306,0.003929,0.004115,0,0,0,0,0,0,0,0,0,0,0,0
0.00438,0.003896,0.004104,0,0,0,0,0,0,0,0,0,0,0,0
0.005513,0.005112,0.004617,0,0,0,0,0,0,0,0,0,0,0,0
0.004874,0.004642,0.004974,0,0,0,0,0,0,0,0,0,0,0,0
0.005307,0.004562,0.009967,0,0,0,0,0,0,0,0,0,0,0,0
0.004809,0.005013,0.007393,0,0,0,0,0,0,0,0,0,0,0,0
0.00479,0.004951,0.006465,0,0,0,0,0,0,0,0,0,0,0,0
0.00698,0.004694,0.005697,0,0,0,0,0,0,0,0,0,0,0,0
0.008641,0.004571,0.005414,0,0,0,0,0,0,0,0,0,0,0,0
0.006804,0.004584,0.005487,0,0,0,0,0,0,0,0,0,0,0,0
0.005457,0.00466,0.004773,0,0,0,0,0,0,0,0,0,0,0,0
0.005193,0.006999,0.004779,0,0,0,0,0,0,0,0,0,0,0,0
0.0047,0.008441,0.005158,0,0,0,0,0,0,0,0,0,0,0,0
0.004496,0.007107,0.004612,0,0,0,0,0,0,0,0,0,0,0,0
0.004791,0.006223,0.005109,0,0,0,0,0,0,0,0,0,0,0,0
0.004725,0.005316,0.005373,0,0,0,0,0,0,0,0,0,0,0,0
0.004759,0.004935,0.007611,0,0,0,0,0,0,0,0,0,0,0,0
0.003671,0.003653,0.006932,0,0,0,0,0,0,0,0,0,0,0,0
0.003603,0.003955,0.005978,0,0,0,0,0,0,0,0,0,0,0,0
0.004085,0.003731,0.00551,0,0,0,0,0,0,0,0,0,0,0,0
0.003694,0.004061,0.004534,0,0,0,0,0,0,0,0,0,0,0,0
0.003818,0.003637,0.004443,0,0,0,0,0,0,0,0,0,0,0,0
0.003729,0.003688,0.004995,0,0,0,0,0,0,0,0,0,0,0,0
0.003725,0.003997,0.003909,0,0,0,0,0,0,0,0,0,0,0,0
0.004383,0.00377,0.005077,0,0,0,0,0,0,0,0,0,0,0,0
0.003999,0.003889,0.006842,0,0,0,0,0,0,0,0,0,0,0,0
0.004617,0.003688,0.006765,0,0,0,0,0,0,0,0,0,0,0,0
0.004838,0.004599,0.009422,0,0,0,0,0,0,0,0,0,0,0,0
0.004782,0.006884,0.007638,0,0,0,0,0,0,0,0,0,0,0,0
0.00504,0.008294,0.005779,0,0,0,0,0,0,0,0,0,0,0,0
0.004933,0.007117,0.005294,0,0,0,0,0,0,0,0,0,0,0,0
0.00472,0.006058,0.004811,0,0,0,0,0,0,0,0,0,0,0,0
0.007294,0.004866,0.004837,0,0,0,0,0,0,0,0,0,0,0,0
0.008779,0.004783,0.004592,0,0,0,0,0,0,0,0,0,0,0,0
0.007939,0.004622,0.004909,0,0,0,0,0,0,0,0,0,0,0,0
0.006173,0.004528,0.006684,0,0,0,0,0,0,0,0,0,0,0,0
0.007651,0.005003,0.008937,0,0,0,0,0,0,0,0,0,0,0,0
0.009589,0.004634,0.006825,0,0,0,0,0,0,0,0,0,0,0,0
0.007,0.005047,0.005668,0,0,0,0,0,0,0,0,0,0,0,0
0.006008,0.005054,0.005255,0,0,0,0,0,0,0,0,0,0,0,0
0.005971,0.004666,0.004759,0,0,0,0,0,0,0,0,0,0,0,0
0.004908,0.005204,0.005518,0,0,0,0,0,0,0,0,0,0,0,0
0.004753,0.005116,0.005039,0,0,0,0,0,0,0,0,0,0,0,0
0.005428,0.004804,0.0049,0,0,0,0,0,0,0,0,0,0,0,0
0.004712,0.004726,0.005121,0,0,0,0,0,0,0,0,0,0,0,0
0.004917,0.004637,0.005187,0,0,0,0,0,0,0,0,0,0,0,0
0.005135,0.004585,0.006629,0,0,0,0,0,0,0,0,0,0,0,0
0.004785,0.004505,0.004739,0,0,0,0,0,0,0,0,0,0,0,0
0.005189,0.004714,0.005081,0,0,0,0,0,0,0,0,0,0,0,0
0.004823,0.004651,0.004815,0,0,0,0,0,0,0,0,0,0,0,0
0.007042,0.004654,0.004665,0,0,0,0,0,0,0,0,0,0,0,0
0.009328,0.004723,0.004686,0,0,0,0,0,0,0,0,0,0,0,0
0.007765,0.004654,0.004552,0,0,0,0,0,0,0,0,0,0,0,0
0.006471,0.00489,0.005114,0,0,0,0,0,0,0,0,0,0,0,0
0.005517,0.004784,0.004902,0,0,0,0,0,0,0,0,0,0,0,0
0.005019,0.004826,0.004825,0,0,0,0,0,0,0,0,0,0,0,0
0.004933,0.004819,0.004659,0,0,0,0,0,0,0,0,0,0,0,0
0.006694,0.004717,0.004998,0,0,0,0,0,0,0,0,0,0,0,0
0.009384,0.004622,0.005598,0,0,0,0,0,0,0,0,0,0,0,0
0.007253,0.004687,0.004977,0,0,0,0,0,0,0,0,0,0,0,0
0.00858,0.004757,0.004752,0,0,0,0,0,0,0,0,0,0,0,0
0.008111,0.004778,0.0048,0,0,0,0,0,0,0,0,0,0,0,0
0.007346,0.004821,0.005021,0,0,0,0,0,0,0,0,0,0,0,0
0.005583,0.004651,0.0049,0,0,0,0,0,0,0,0,0,0,0,0
0.006302,0.004624,0.005063,0,0,0,0,0,0,0,0,0,0,0,0
0.004895,0.004984,0.00454,0,0,0,0,0,0,0,0,0,0,0,0
0.004751,0.004608,0.004987,0,0,0,0,0,0,0,0,0,0,0,0
0.004848,0.004639,0.004808,0,0,0,0,0,0,0,0,0,0,0,0
0.004656,0.004967,0.004604,0,0,0,0,0,0,0,0,0,0,0,0
0.00463,0.004808,0.004805,0,0,0,0,0,0,0,0,0,0,0,0
0.004988,0.004935,0.004601,0,0,0,0,0,0,0,0,0,0,0,0
0.004796,0.004857,0.00493,0,0,0,0,0,0,0,0,0,0,0,0
0.004867,0.00468,0.004716,0,0,0,0,0,0,0,0,0,0,0,0
0.004719,0.004651,0.004758,0,0,0,0,0,0,0,0,0,0,0,0
0.004626,0.004587,0.004699,0,0,0,0,0,0,0,0,0,0,0,0
0.004888,0.004664,0.00534,0,0,0,0,0,0,0,0,0,0,0,0
0.004922,0.004639,0.004608,0,0,0,0,0,0,0,0,0,0,0,0
0.004959,0.004821,0.004547,0,0,0,0,0,0,0,0,0,0,0,0
0.004561,0.004763,0.004553,0,0,0,0,0,0,0,0,0,0,0,0
0.004815,0.005309,0.004714,0,0,0,0,0,0,0,0,0,0,0,0
0.004934,0.004681,0.00455,0,0,0,0,0,0,0,0,0,0,0,0
0.004577,0.004863,0.004788,0,0,0,0,0,0,0,0,0,0,0,0
0.005233,0.00738,0.005119,0,0,0,0,0,0,0,0,0,0,0,0
0.005362,0.007728,0.004766,0,0,0,0,0,0,0,0,0,0,0,0
0.004799,0.004861,0.004699,0,0,0,0,0,0,0,0,0,0,0,0
0.005054,0.004638,0.00477,0,0,0,0,0,0,0,0,0,0,0,0
0.004843,0.005079,0.004583,0,0,0,0,0,0,0,0,0,0,0,0
0.004662,0.005335,0.005848,0,0,0,0,0,0,0,0,0,0,0,0
0.005162,0.004614,0.005394,0,0,0,0,0,0,0,0,0,0,0,0
0.004886,0.005211,0.004537,0,0,0,0,0,0,0,0,0,0,0,0
0.004838,0.004722,0.004568,0,0,0,0,0,0,0,0,0,0,0,0
0.00509,0.008762,0.00515,0,0,0,0,0,0,0,0,0,0,0,0
0.004936,0.007401,0.004662,0,0,0,0,0,0,0,0,0,0,0,0
0.00479,0.006459,0.004674,0,0,0,0,0,0,0,0,0,0,0,0
0.004875,0.005862,0.004851,0,0,0,0,0,0,0,0,0,0,0,0
0.004691,0.004672,0.004902,0,0,0,0,0,0,0,0,0,0,0,0
0.004726,0.004699,0.00466,0,0,0,0,0,0,0,0,0,0,0,0
0.004812,0.004705,0.004602,0,0,0,0,0,0,0,0,0,0,0,0
0.004692,0.004825,0.004648,0,0,0,0,0,0,0,0,0,0,0,0
0.005003,0.004609,0.004708,0,0,0,0,0,0,0,0,0,0,0,0
0.004953,0.004571,0.00481,0,0,0,0,0,0,0,0,0,0,0,0
0.005743,0.004826,0.004781,0,0,0,0,0,0,0,0,0,0,0,0
0.005398,0.004739,0.004762,0,0,0,0,0,0,0,0,0,0,0,0
0.005304,0.004502,0.004828,0,0,0,0,0,0,0,0,0,0,0,0
0.005336,0.004773,0.004686,0,0,0,0,0,0,0,0,0,0,0,0
0.005956,0.004697,0.004645,0,0,0,0,0,0,0,0,0,0,0,0
NaN,NaN,NaN,0,0,0,0,0,0,0,0,0,0,0,0
NaN,NaN,NaN,0,0,0,0,0,0,0,0,0,0,0,0
NaN,NaN,NaN,0,0,0,0,0,0,0,0,0,0,0,0
NaN,NaN,NaN,0,0,0,0,0,0,0,0,0,0,0,0
0.000152,0.000186,0.000142,0,0,0,0,0,0,0,0,0,0,0,0
0.20835,0.21256,0.21084,0,0,0,0,0,0,0,0,0,0,0,0
0.002597,0.002571,0.002789,0,0,0,0,0,0,0,0,0,0,0,0
0.002631,0.002572,0.002542,0,0,0,0,0,0,0,0,0,0,0,0
0.002642,0.002593,0.002716,0,0,0,0,0,0,0,0,0,0,0,0
0.002657,0.002596,0.002576,0,0,0,0,0,0,0,0,0,0,0,0
0.002534,0.002976,0.002518,0,0,0,0,0,0,0,0,0,0,0,0
0.002873,0.002811,0.002602,0,0,0,0,0,0,0,0,0,0,0,0
0.002639,0.002398,0.002552,0,0,0,0,0,0,0,0,0,0,0,0
0.002603,0.002727,0.00285,0,0,0,0,0,0,0,0,0,0,0,0
0.002477,0.002577,0.002541,0,0,0,0,0,0,0,0,0,0,0,0
0.002819,0.002765,0.002835,0,0,0,0,0,0,0,0,0,0,0,0
0.0027,0.00264,0.002652,0,0,0,0,0,0,0,0,0,0,0,0
0.003116,0.00265,0.002722,0,0,0,0,0,0,0,0,0,0,0,0
0.002526,0.002499,0.003203,0,0,0,0,0,0,0,0,0,0,0,0
0.002655,0.002898,0.004965,0,0,0,0,0,0,0,0,0,0,0,0
0.002761,0.002611,0.004874,0,0,0,0,0,0,0,0,0,0,0,0
0.002721,0.003046,0.004419,0,0,0,0,0,0,0,0,0,0,0,0
0.002676,0.002832,0.004002,0,0,0,0,0,0,0,0,0,0,0,0
0.003172,0.002832,0.003597,0,0,0,0,0,0,0,0,0,0,0,0
0.002693,0.002786,0.003639,0,0,0,0,0,0,0,0,0,0,0,0
0.002848,0.002789,0.003135,0,0,0,0,0,0,0,0,0,0,0,0
0.002697,0.002681,0.003079,0,0,0,0,0,0,0,0,0,0,0,0
0.002935,0.002986,0.003097,0,0,0,0,0,0,0,0,0,0,0,0
0.002714,0.005104,0.003234,0,0,0,0,0,0,0,0,0,0,0,0
0.002805,0.005401,0.003163,0,0,0,0,0,0,0,0,0,0,0,0
0.002745,0.00432,0.004941,0,0,0,0,0,0,0,0,0,0,0,0
0.003203,0.004333,0.005084,0,0,0,0,0,0,0,0,0,0,0,0
0.002692,0.003931,0.005355,0,0,0,0,0,0,0,0,0,0,0,0
0.002609,0.003582,0.005219,0,0,0,0,0,0,0,0,0,0,0,0
0.002792,0.003551,0.004975,0,0,0,0,0,0,0,0,0,0,0,0
0.002644,0.002915,0.005148,0,0,0,0,0,0,0,0,0,0,0,0
0.002505,0.002901,0.005695,0,0,0,0,0,0,0,0,0,0,0,0
0.002621,0.003123,0.004982,0,0,0,0,0,0,0,0,0,0,0,0
0.002547,0.002698,0.004648,0,0,0,0,0,0,0,0,0,0,0,0
0.002739,0.002871,0.004623,0,0,0,0,0,0,0,0,0,0,0,0
0.002568,0.002559,0.004153,0,0,0,0,0,0,0,0,0,0,0,0
0.002736,0.002665,0.003702,0,0,0,0,0,0,0,0,0,0,0,0
0.00265,0.002585,0.003481,0,0,0,0,0,0,0,0,0,0,0,0
0.002692,0.002681,0.003485,0,0,0,0,0,0,0,0,0,0,0,0
0.002616,0.002592,0.002823,0,0,0,0,0,0,0,0,0,0,0,0
0.002988,0.002634,0.003208,0,0,0,0,0,0,0,0,0,0,0,0
0.002642,0.002577,0.003293,0,0,0,0,0,0,0,0,0,0,0,0
0.002634,0.002898,0.002773,0,0,0,0,0,0,0,0,0,0,0,0
0.002696,0.002794,0.002779,0,0,0,0,0,0,0,0,0,0,0,0
0.002707,0.003591,0.002974,0,0,0,0,0,0,0,0,0,0,0,0
0.002707,0.003302,0.002937,0,0,0,0,0,0,0,0,0,0,0,0
0.002577,0.00306,0.002849,0,0,0,0,0,0,0,0,0,0,0,0
0.00271,0.002588,0.002835,0,0,0,0,0,0,0,0,0,0,0,0
0.002677,0.002621,0.003367,0,0,0,0,0,0,0,0,0,0,0,0
0.002905,0.002647,0.002676,0,0,0,0,0,0,0,0,0,0,0,0
0.002569,0.002609,0.00266,0,0,0,0,0,0,0,0,0,0,0,0
0.002702,0.003071,0.002695,0,0,0,0,0,0,0,0,0,0,0,0
0.002698,0.002583,0.002731,0,0,0,0,0,0,0,0,0,0,0,0
0.00322,0.002554,0.002747,0,0,0,0,0,0,0,0,0,0,0,0
0.002938,0.002853,0.002906,0,0,0,0,0,0,0,0,0,0,0,0
0.00255,0.002622,0.002654,0,0,0,0,0,0,0,0,0,0,0,0
0.002766,0.002874,0.002668,0,0,0,0,0,0,0,0,0,0,0,0
0.002726,0.002913,0.00269,0,0,0,0,0,0,0,0,0,0,0,0
0.002824,0.002575,0.002878,0,0,0,0,0,0,0,0,0,0,0,0
0.002945,0.002682,0.003082,0,0,0,0,0,0,0,0,0,0,0,0
0.002897,0.00263,0.003434,0,0,0,0,0,0,0,0,0,0,0,0
0.002533,0.00315,0.003554,0,0,0,0,0,0,0,0,0,0,0,0
0.002893,0.002745,0.003476,0,0,0,0,0,0,0,0,0,0,0,0
0.002949,0.003365,0.003482,0,0,0,0,0,0,0,0,0,0,0,0
0.0036,0.003613,0.003387,0,0,0,0,0,0,0,0,0,0,0,0
0.00312,0.003436,0.003327,0,0,0,0,0,0,0,0,0,0,0,0
0.002645,0.00348,0.003635,0,0,0,0,0,0,0,0,0,0,0,0
0.002614,0.003622,0.003366,0,0,0,0,0,0,0,0,0,0,0,0
0.002774,0.005086,0.005271,0,0,0,0,0,0,0,0,0,0,0,0
0.002742,0.005297,0.00494,0,0,0,0,0,0,0,0,0,0,0,0
0.00334,0.00405,0.004629,0,0,0,0,0,0,0,0,0,0,0,0
0.003451,0.004171,0.004325,0,0,0,0,0,0,0,0,0,0,0,0
0.002663,0.003515,0.004174,0,0,0,0,0,0,0,0,0,0,0,0
0.002736,0.003405,0.003875,0,0,0,0,0,0,0,0,0,0,0,0
0.002848,0.003314,0.003354,0,0,0,0,0,0,0,0,0,0,0,0
0.002717,0.002716,0.003336,0,0,0,0,0,0,0,0,0,0,0,0
0.003154,0.003215,0.003025,0,0,0,0,0,0,0,0,0,0,0,0
0.002668,0.002845,0.002843,0,0,0,0,0,0,0,0,0,0,0,0
0.002635,0.00269,0.002899,0,0,0,0,0,0,0,0,0,0,0,0
0.002668,0.002595,0.002932,0,0,0,0,0,0,0,0,0,0,0,0
0.002716,0.002654,0.003178,0,0,0,0,0,0,0,0,0,0,0,0
0.002844,0.003094,0.00275,0,0,0,0,0,0,0,0,0,0,0,0
0.002532,0.003238,0.002809,0,0,0,0,0,0,0,0,0,0,0,0
0.002708,0.002751,0.002864,0,0,0,0,0,0,0,0,0,0,0,0
0.002735,0.002599,0.002795,0,0,0,0,0,0,0,0,0,0,0,0
0.003244,0.002697,0.002653,0,0,0,0,0,0,0,0,0,0,0,0
0.002972,0.002671,0.003237,0,0,0,0,0,0,0,0,0,0,0,0
0.002548,0.002939,0.003127,0,0,0,0,0,0,0,0,0,0,0,0
NaN,NaN,NaN,0,0,0,0,0,0,0,0,0,0,0,0
NaN,NaN,NaN,0,0,0,0,0,0,0,0,0,0,0,0
NaN,NaN,NaN,0,0,0,0,0,0,0,0,0,0,0,0
NaN,NaN,NaN,0,0,0,0,0,0,0,0,0,0,0,0
0.000149,0.000186,0.000151,0,0,0,0,0,0,0,0,0,0,0,0
0.22233,0.24488,0.22702,0,0,0,0,0,0,0,0,0,0,0,0
0.002791,0.002899,0.002746,0,0,0,0,0,0,0,0,0,0,0,0
0.002567,0.003308,0.002635,0,0,0,0,0,0,0,0,0,0,0,0
0.002694,0.003152,0.003016,0,0,0,0,0,0,0,0,0,0,0,0
0.002856,0.005431,0.002828,0,0,0,0,0,0,0,0,0,0,0,0
0.002672,0.004169,0.002541,0,0,0,0,0,0,0,0,0,0,0,0
0.003017,0.004992,0.002824,0,0,0,0,0,0,0,0,0,0,0,0
0.00263,0.004497,0.003017,0,0,0,0,0,0,0,0,0,0,0,0
0.002677,0.003485,0.002965,0,0,0,0,0,0,0,0,0,0,0,0
0.002934,0.003671,0.002653,0,0,0,0,0,0,0,0,0,0,0,0
0.002832,0.003743,0.00283,0,0,0,0,0,0,0,0,0,0,0,0
0.00272,0.004352,0.002693,0,0,0,0,0,0,0,0,0,0,0,0
0.003023,0.003722,0.002745,0,0,0,0,0,0,0,0,0,0,0,0
0.002983,0.003336,0.002842,0,0,0,0,0,0,0,0,0,0,0,0
0.002605,0.003065,0.002803,0,0,0,0,0,0,0,0,0,0,0,0
0.002722,0.00265,0.002598,0,0,0,0,0,0,0,0,0,0,0,0
0.002714,0.002873,0.002634,0,0,0,0,0,0,0,0,0,0,0,0
0.002677,0.003209,0.002852,0,0,0,0,0,0,0,0,0,0,0,0
0.003007,0.003704,0.00267,0,0,0,0,0,0,0,0,0,0,0,0
0.003015,0.00322,0.002709,0,0,0,0,0,0,0,0,0,0,0,0
0.002654,0.003203,0.002603,0,0,0,0,0,0,0,0,0,0,0,0
0.002589,0.002786,0.003404,0,0,0,0,0,0,0,0,0,0,0,0
0.002781,0.003057,0.00326,0,0,0,0,0,0,0,0,0,0,0,0
0.002656,0.002622,0.00266,0,0,0,0,0,0,0,0,0,0,0,0
0.002824,0.002919,0.002559,0,0,0,0,0,0,0,0,0,0,0,0
0.004956,0.002615,0.002918,0,0,0,0,0,0,0,0,0,0,0,0
0.005193,0.002893,0.002724,0,0,0,0,0,0,0,0,0,0,0,0
0.004961,0.003092,0.002606,0,0,0,0,0,0,0,0,0,0,0,0
0.004246,0.003983,0.003068,0,0,0,0,0,0,0,0,0,0,0,0
0.004331,0.003502,0.002741,0,0,0,0,0,0,0,0,0,0,0,0
0.00343,0.00341,0.002584,0,0,0,0,0,0,0,0,0,0,0,0
0.003353,0.003737,0.002585,0,0,0,0,0,0,0,0,0,0,0,0
0.003307,0.005069,0.003053,0,0,0,0,0,0,0,0,0,0,0,0
0.003022,0.003702,0.00265,0,0,0,0,0,0,0,0,0,0,0,0
0.003134,0.004265,0.002972,0,0,0,0,0,0,0,0,0,0,0,0
0.002917,0.003662,0.002508,0,0,0,0,0,0,0,0,0,0,0,0
0.002806,0.003567,0.002654,0,0,0,0,0,0,0,0,0,0,0,0
0.002818,0.003704,0.002798,0,0,0,0,0,0,0,0,0,0,0,0
0.00319,0.003281,0.002744,0,0,0,0,0,0,0,0,0,0,0,0
0.002953,0.00371,0.003357,0,0,0,0,0,0,0,0,0,0,0,0
0.003066,0.003218,0.003157,0,0,0,0,0,0,0,0,0,0,0,0
0.002585,0.002784,0.002738,0,0,0,0,0,0,0,0,0,0,0,0
0.002804,0.003531,0.002533,0,0,0,0,0,0,0,0,0,0,0,0
0.002649,0.003878,0.002711,0,0,0,0,0,0,0,0,0,0,0,0
0.003164,0.003346,0.002557,0,0,0,0,0,0,0,0,0,0,0,0
0.007377,0.002858,0.002895,0,0,0,0,0,0,0,0,0,0,0,0
0.005839,0.002944,0.002994,0,0,0,0,0,0,0,0,0,0,0,0
0.004702,0.002496,0.002616,0,0,0,0,0,0,0,0,0,0,0,0
0.005806,0.002848,0.002433,0,0,0,0,0,0,0,0,0,0,0,0
0.003969,0.002687,0.002608,0,0,0,0,0,0,0,0,0,0,0,0
0.004431,0.002715,0.002859,0,0,0,0,0,0,0,0,0,0,0,0
0.003379,0.0029,0.003121,0,0,0,0,0,0,0,0,0,0,0,0
0.003569,0.002685,0.005242,0,0,0,0,0,0,0,0,0,0,0,0
0.003141,0.002852,0.005289,0,0,0,0,0,0,0,0,0,0,0,0
0.003357,0.003022,0.004347,0,0,0,0,0,0,0,0,0,0,0,0
0.003467,0.003117,0.004409,0,0,0,0,0,0,0,0,0,0,0,0
0.002863,0.003107,0.003667,0,0,0,0,0,0,0,0,0,0,0,0
0.002515,0.003111,0.003573,0,0,0,0,0,0,0,0,0,0,0,0
0.002712,0.002702,0.002914,0,0,0,0,0,0,0,0,0,0,0,0
0.002967,0.002759,0.002869,0,0,0,0,0,0,0,0,0,0,0,0
0.002838,0.003368,0.002902,0,0,0,0,0,0,0,0,0,0,0,0
0.002901,0.002941,0.002653,0,0,0,0,0,0,0,0,0,0,0,0
0.003164,0.003748,0.002513,0,0,0,0,0,0,0,0,0,0,0,0
0.002854,0.003847,0.002663,0,0,0,0,0,0,0,0,0,0,0,0
0.002576,0.003277,0.002951,0,0,0,0,0,0,0,0,0,0,0,0
0.002656,0.002778,0.002972,0,0,0,0,0,0,0,0,0,0,0,0
0.002616,0.002966,0.003182,0,0,0,0,0,0,0,0,0,0,0,0
0.002669,0.002655,0.002833,0,0,0,0,0,0,0,0,0,0,0,0
0.00273,0.003062,0.002527,0,0,0,0,0,0,0,0,0,0,0,0
