1
40.0000,597.0000,95.0000,58.0000
42.0000,598.0000,96.0000,58.0000
39.0000,609.0000,96.0000,58.0000
59.0000,601.0000,95.0000,58.0000
72.0000,600.0000,95.0000,58.0000
86.0000,590.0000,97.0000,59.0000
86.0000,589.0000,95.0000,58.0000
129.0000,583.0000,97.0000,59.0000
2
0
0
0
0
1
432.0000,591.0000,142.0000,54.0000
467.0000,590.0000,140.0000,52.0000
490.0000,592.0000,135.0000,51.0000
524.0000,593.0000,140.0000,52.0000
547.0000,591.0000,140.0000,52.0000
568.0000,590.0000,135.0000,51.0000
581.0000,588.0000,138.0000,52.0000
598.0000,590.0000,138.0000,52.0000
608.0000,589.0000,137.0000,51.0000
627.0000,589.0000,140.0000,52.0000
644.0000,588.0000,138.0000,52.0000
699.0000,570.0000,141.0000,53.0000
712.0000,546.0000,144.0000,54.0000
693.0000,570.0000,144.0000,54.0000
2
0
0
0
0
1
725.0000,385.0000,93.0000,94.0000
720.0000,355.0000,92.0000,93.0000
716.0000,339.0000,91.0000,92.0000
711.0000,341.0000,88.0000,90.0000
702.0000,393.0000,91.0000,92.0000
701.0000,392.0000,88.0000,90.0000
690.0000,334.0000,87.0000,89.0000
674.0000,352.0000,85.0000,86.0000
666.0000,353.0000,86.0000,87.0000
687.0000,340.0000,87.0000,88.0000
683.0000,339.0000,88.0000,90.0000
685.0000,342.0000,87.0000,88.0000
682.0000,332.0000,88.0000,90.0000
683.0000,337.0000,87.0000,89.0000
681.0000,335.0000,86.0000,87.0000
692.0000,337.0000,84.0000,85.0000
693.0000,336.0000,82.0000,83.0000
693.0000,340.0000,82.0000,84.0000
690.0000,376.0000,82.0000,84.0000
721.0000,392.0000,85.0000,86.0000
724.0000,393.0000,82.0000,84.0000
748.0000,337.0000,81.0000,82.0000
770.0000,336.0000,79.0000,80.0000
769.0000,328.0000,80.0000,81.0000
772.0000,331.0000,81.0000,82.0000
818.0000,330.0000,80.0000,81.0000
777.0000,341.0000,79.0000,80.0000
776.0000,337.0000,81.0000,82.0000
775.0000,342.0000,78.0000,79.0000
774.0000,343.0000,77.0000,78.0000
771.0000,344.0000,75.0000,76.0000
773.0000,345.0000,74.0000,75.0000
774.0000,343.0000,75.0000,76.0000
773.0000,343.0000,75.0000,76.0000
764.0000,343.0000,75.0000,76.0000
750.0000,342.0000,77.0000,78.0000
739.0000,341.0000,75.0000,76.0000
723.0000,343.0000,77.0000,78.0000
692.0000,339.0000,78.0000,79.0000
667.0000,340.0000,79.0000,80.0000
641.0000,340.0000,78.0000,79.0000
624.0000,342.0000,75.0000,76.0000
600.0000,340.0000,74.0000,75.0000
619.0000,338.0000,75.0000,76.0000
569.0000,331.0000,76.0000,77.0000
548.0000,342.0000,78.0000,79.0000
531.0000,336.0000,76.0000,77.0000
474.0000,334.0000,76.0000,77.0000
478.0000,336.0000,78.0000,79.0000
477.0000,336.0000,76.0000,77.0000
473.0000,338.0000,77.0000,78.0000
479.0000,338.0000,76.0000,77.0000
478.0000,337.0000,75.0000,76.0000
479.0000,337.0000,75.0000,76.0000
471.0000,340.0000,75.0000,76.0000
492.0000,335.0000,73.0000,74.0000
504.0000,327.0000,72.0000,73.0000
2
0
0
0
0
1
782.0000,341.0000,120.0000,80.0000
793.0000,338.0000,123.0000,82.0000
802.0000,342.0000,119.0000,79.0000
818.0000,338.0000,123.0000,82.0000
783.0000,339.0000,126.0000,84.0000
782.0000,338.0000,130.0000,87.0000
721.0000,327.0000,130.0000,87.0000
720.0000,326.0000,131.0000,88.0000
722.0000,326.0000,130.0000,87.0000
2
0
0
0
0
1
794.0000,219.0000,89.0000,48.0000
802.0000,218.0000,90.0000,48.0000
817.0000,218.0000,90.0000,48.0000
842.0000,220.0000,88.0000,48.0000
864.0000,220.0000,87.0000,47.0000
893.0000,217.0000,85.0000,46.0000
899.0000,205.0000,83.0000,45.0000
2
0
0
0
0
1
921.0000,113.0000,75.0000,86.0000
919.0000,110.0000,74.0000,84.0000
928.0000,119.0000,71.0000,81.0000
934.0000,107.0000,70.0000,80.0000
2
0
0
0
0
1
817.0000,122.0000,90.0000,27.0000
809.0000,124.0000,89.0000,27.0000
804.0000,124.0000,89.0000,27.0000
797.0000,128.0000,87.0000,26.0000
780.0000,130.0000,85.0000,26.0000
724.0000,119.0000,87.0000,27.0000
708.0000,116.0000,89.0000,27.0000
710.0000,113.0000,91.0000,28.0000
706.0000,122.0000,91.0000,28.0000
694.0000,126.0000,89.0000,27.0000
694.0000,126.0000,88.0000,27.0000
690.0000,127.0000,88.0000,27.0000
684.0000,125.0000,86.0000,26.0000
681.0000,125.0000,86.0000,26.0000
679.0000,125.0000,86.0000,26.0000
671.0000,125.0000,87.0000,26.0000
669.0000,125.0000,88.0000,27.0000
657.0000,127.0000,86.0000,26.0000
642.0000,123.0000,85.0000,26.0000
625.0000,124.0000,84.0000,26.0000
604.0000,123.0000,84.0000,26.0000
591.0000,122.0000,84.0000,26.0000
584.0000,122.0000,84.0000,26.0000
582.0000,122.0000,87.0000,26.0000
