1
40.0000,597.0000,95.0000,58.0000
42.0000,598.0000,96.0000,58.0000
39.0000,609.0000,96.0000,58.0000
59.0000,601.0000,95.0000,58.0000
72.0000,600.0000,95.0000,58.0000
86.0000,590.0000,97.0000,59.0000
86.0000,589.0000,95.0000,58.0000
129.0000,583.0000,97.0000,59.0000
2
0
0
0
0
1
432.0000,591.0000,142.0000,54.0000
467.0000,590.0000,140.0000,52.0000
490.0000,592.0000,135.0000,51.0000
524.0000,593.0000,140.0000,52.0000
547.0000,591.0000,140.0000,52.0000
568.0000,590.0000,135.0000,51.0000
581.0000,588.0000,138.0000,52.0000
598.0000,590.0000,138.0000,52.0000
608.0000,589.0000,137.0000,51.0000
627.0000,589.0000,140.0000,52.0000
644.0000,588.0000,138.0000,52.0000
699.0000,570.0000,141.0000,53.0000
712.0000,546.0000,144.0000,54.0000
693.0000,570.0000,144.0000,54.0000
2
0
0
0
0
1
725.0000,385.0000,93.0000,94.0000
720.0000,355.0000,92.0000,93.0000
716.0000,339.0000,91.0000,92.0000
711.0000,341.0000,88.0000,90.0000
702.0000,393.0000,91.0000,92.0000
701.0000,392.0000,88.0000,90.0000
690.0000,334.0000,87.0000,89.0000
674.0000,352.0000,85.0000,86.0000
666.0000,353.0000,86.0000,87.0000
687.0000,340.0000,87.0000,88.0000
683.0000,339.0000,88.0000,90.0000
685.0000,342.0000,87.0000,88.0000
682.0000,332.0000,88.0000,90.0000
683.0000,337.0000,87.0000,89.0000
681.0000,335.0000,86.0000,87.0000
692.0000,337.0000,84.0000,85.0000
693.0000,336.0000,82.0000,83.0000
693.0000,340.0000,82.0000,84.0000
690.0000,376.0000,82.0000,84.0000
721.0000,392.0000,85.0000,86.0000
724.0000,393.0000,82.0000,84.0000
751.0000,341.0000,80.0000,81.0000
769.0000,335.0000,81.0000,82.0000
770.0000,328.0000,81.0000,82.0000
771.0000,332.0000,80.0000,81.0000
776.0000,340.0000,81.0000,82.0000
773.0000,341.0000,78.0000,79.0000
777.0000,340.0000,80.0000,81.0000
775.0000,338.0000,81.0000,82.0000
773.0000,343.0000,81.0000,82.0000
768.0000,338.0000,82.0000,84.0000
770.0000,338.0000,82.0000,83.0000
772.0000,340.0000,79.0000,80.0000
772.0000,343.0000,77.0000,78.0000
764.0000,344.0000,75.0000,76.0000
752.0000,342.0000,75.0000,76.0000
741.0000,344.0000,74.0000,75.0000
724.0000,341.0000,75.0000,76.0000
693.0000,341.0000,77.0000,78.0000
667.0000,344.0000,75.0000,76.0000
645.0000,343.0000,74.0000,75.0000
625.0000,343.0000,72.0000,73.0000
599.0000,340.0000,73.0000,74.0000
571.0000,341.0000,72.0000,73.0000
570.0000,333.0000,73.0000,74.0000
549.0000,343.0000,75.0000,76.0000
533.0000,338.0000,72.0000,73.0000
475.0000,335.0000,73.0000,74.0000
482.0000,338.0000,75.0000,76.0000
480.0000,337.0000,75.0000,76.0000
478.0000,338.0000,75.0000,76.0000
478.0000,337.0000,75.0000,76.0000
480.0000,339.0000,72.0000,73.0000
479.0000,337.0000,75.0000,76.0000
436.0000,317.0000,75.0000,76.0000
2
0
0
0
0
1
675.0000,293.0000,105.0000,121.0000
687.0000,290.0000,104.0000,120.0000
719.0000,292.0000,102.0000,118.0000
801.0000,299.0000,105.0000,121.0000
813.0000,306.0000,103.0000,119.0000
830.0000,298.0000,102.0000,118.0000
835.0000,288.0000,102.0000,118.0000
812.0000,295.0000,105.0000,121.0000
806.0000,290.0000,104.0000,120.0000
806.0000,290.0000,103.0000,119.0000
806.0000,295.0000,101.0000,116.0000
819.0000,293.0000,99.0000,114.0000
781.0000,294.0000,100.0000,115.0000
2
0
0
0
0
1
813.0000,223.0000,93.0000,38.0000
835.0000,225.0000,90.0000,37.0000
850.0000,226.0000,91.0000,37.0000
886.0000,223.0000,90.0000,37.0000
897.0000,215.0000,91.0000,37.0000
934.0000,205.0000,92.0000,37.0000
903.0000,175.0000,95.0000,38.0000
932.0000,169.0000,92.0000,37.0000
928.0000,150.0000,93.0000,38.0000
924.0000,146.0000,96.0000,39.0000
931.0000,137.0000,97.0000,39.0000
954.0000,159.0000,96.0000,39.0000
930.0000,138.0000,95.0000,38.0000
953.0000,106.0000,94.0000,38.0000
925.0000,122.0000,93.0000,38.0000
928.0000,107.0000,90.0000,37.0000
870.0000,117.0000,88.0000,36.0000
860.0000,120.0000,90.0000,37.0000
845.0000,119.0000,91.0000,37.0000
832.0000,120.0000,91.0000,37.0000
829.0000,121.0000,89.0000,36.0000
820.0000,121.0000,89.0000,36.0000
810.0000,122.0000,89.0000,36.0000
830.0000,114.0000,90.0000,37.0000
2
0
0
0
0
1
695.0000,125.0000,89.0000,24.0000
696.0000,126.0000,88.0000,23.0000
694.0000,124.0000,91.0000,24.0000
685.0000,126.0000,88.0000,23.0000
681.0000,125.0000,88.0000,23.0000
682.0000,127.0000,86.0000,23.0000
673.0000,124.0000,83.0000,22.0000
674.0000,126.0000,81.0000,21.0000
662.0000,126.0000,82.0000,22.0000
641.0000,124.0000,82.0000,22.0000
626.0000,124.0000,84.0000,22.0000
608.0000,123.0000,87.0000,23.0000
597.0000,123.0000,85.0000,22.0000
583.0000,122.0000,87.0000,23.0000
582.0000,122.0000,88.0000,23.0000
