1
40.0000,597.0000,95.0000,58.0000
42.0000,598.0000,96.0000,58.0000
39.0000,609.0000,96.0000,58.0000
59.0000,601.0000,95.0000,58.0000
72.0000,600.0000,95.0000,58.0000
86.0000,590.0000,97.0000,59.0000
86.0000,589.0000,95.0000,58.0000
129.0000,583.0000,97.0000,59.0000
2
0
0
0
0
1
432.0000,591.0000,142.0000,54.0000
467.0000,590.0000,140.0000,52.0000
490.0000,592.0000,135.0000,51.0000
524.0000,593.0000,140.0000,52.0000
547.0000,591.0000,140.0000,52.0000
568.0000,590.0000,135.0000,51.0000
581.0000,588.0000,138.0000,52.0000
598.0000,590.0000,138.0000,52.0000
608.0000,589.0000,137.0000,51.0000
627.0000,589.0000,140.0000,52.0000
644.0000,588.0000,138.0000,52.0000
699.0000,570.0000,141.0000,53.0000
712.0000,546.0000,144.0000,54.0000
693.0000,570.0000,144.0000,54.0000
2
0
0
0
0
1
725.0000,385.0000,93.0000,94.0000
720.0000,355.0000,92.0000,93.0000
716.0000,339.0000,91.0000,92.0000
711.0000,341.0000,88.0000,90.0000
702.0000,393.0000,91.0000,92.0000
701.0000,392.0000,88.0000,90.0000
690.0000,334.0000,87.0000,89.0000
674.0000,352.0000,85.0000,86.0000
666.0000,353.0000,86.0000,87.0000
687.0000,340.0000,87.0000,88.0000
683.0000,339.0000,88.0000,90.0000
685.0000,342.0000,87.0000,88.0000
682.0000,332.0000,88.0000,90.0000
683.0000,337.0000,87.0000,89.0000
681.0000,335.0000,86.0000,87.0000
692.0000,337.0000,84.0000,85.0000
693.0000,336.0000,82.0000,83.0000
693.0000,340.0000,82.0000,84.0000
690.0000,376.0000,82.0000,84.0000
721.0000,392.0000,85.0000,86.0000
724.0000,393.0000,82.0000,84.0000
751.0000,341.0000,80.0000,81.0000
769.0000,335.0000,81.0000,82.0000
770.0000,328.0000,81.0000,82.0000
771.0000,332.0000,80.0000,81.0000
776.0000,340.0000,81.0000,82.0000
773.0000,341.0000,78.0000,79.0000
776.0000,339.0000,80.0000,81.0000
776.0000,339.0000,79.0000,80.0000
770.0000,342.0000,78.0000,79.0000
772.0000,342.0000,78.0000,79.0000
774.0000,342.0000,77.0000,78.0000
772.0000,344.0000,75.0000,76.0000
773.0000,342.0000,77.0000,78.0000
765.0000,343.0000,75.0000,76.0000
749.0000,345.0000,75.0000,76.0000
742.0000,343.0000,73.0000,74.0000
724.0000,345.0000,71.0000,72.0000
697.0000,342.0000,73.0000,74.0000
668.0000,343.0000,75.0000,76.0000
645.0000,343.0000,74.0000,75.0000
625.0000,343.0000,72.0000,73.0000
599.0000,340.0000,73.0000,74.0000
582.0000,337.0000,75.0000,76.0000
570.0000,334.0000,75.0000,76.0000
549.0000,342.0000,77.0000,78.0000
531.0000,336.0000,76.0000,77.0000
474.0000,334.0000,76.0000,77.0000
482.0000,338.0000,75.0000,76.0000
480.0000,337.0000,75.0000,76.0000
478.0000,338.0000,75.0000,76.0000
477.0000,338.0000,76.0000,77.0000
476.0000,337.0000,76.0000,77.0000
470.0000,335.0000,78.0000,79.0000
435.0000,317.0000,76.0000,77.0000
458.0000,322.0000,78.0000,79.0000
2
0
0
0
0
1
742.0000,325.0000,136.0000,102.0000
774.0000,326.0000,136.0000,102.0000
784.0000,321.0000,136.0000,102.0000
796.0000,319.0000,132.0000,99.0000
815.0000,318.0000,128.0000,96.0000
793.0000,329.0000,131.0000,98.0000
779.0000,268.0000,135.0000,101.0000
766.0000,258.0000,139.0000,104.0000
776.0000,269.0000,136.0000,102.0000
780.0000,254.0000,138.0000,103.0000
791.0000,194.0000,138.0000,103.0000
755.0000,206.0000,140.0000,105.0000
785.0000,192.0000,139.0000,104.0000
772.0000,187.0000,140.0000,105.0000
756.0000,185.0000,140.0000,105.0000
751.0000,177.0000,140.0000,105.0000
762.0000,182.0000,143.0000,108.0000
767.0000,179.0000,139.0000,104.0000
749.0000,161.0000,136.0000,102.0000
2
0
0
0
0
1
931.0000,123.0000,59.0000,90.0000
931.0000,114.0000,57.0000,87.0000
932.0000,111.0000,58.0000,88.0000
934.0000,99.0000,60.0000,91.0000
932.0000,90.0000,59.0000,90.0000
950.0000,105.0000,59.0000,89.0000
941.0000,77.0000,59.0000,90.0000
922.0000,112.0000,60.0000,92.0000
2
0
0
0
0
1
817.0000,122.0000,90.0000,27.0000
809.0000,124.0000,89.0000,27.0000
804.0000,124.0000,89.0000,27.0000
797.0000,128.0000,87.0000,26.0000
780.0000,130.0000,85.0000,26.0000
724.0000,119.0000,87.0000,27.0000
708.0000,116.0000,89.0000,27.0000
710.0000,113.0000,91.0000,28.0000
706.0000,122.0000,91.0000,28.0000
694.0000,126.0000,89.0000,27.0000
694.0000,126.0000,88.0000,27.0000
690.0000,127.0000,88.0000,27.0000
684.0000,125.0000,86.0000,26.0000
681.0000,125.0000,86.0000,26.0000
679.0000,125.0000,86.0000,26.0000
671.0000,125.0000,87.0000,26.0000
669.0000,125.0000,88.0000,27.0000
657.0000,127.0000,86.0000,26.0000
642.0000,123.0000,85.0000,26.0000
625.0000,124.0000,84.0000,26.0000
604.0000,123.0000,84.0000,26.0000
594.0000,122.0000,82.0000,25.0000
584.0000,122.0000,84.0000,26.0000
582.0000,122.0000,87.0000,26.0000
