1.4873
0.1464
0.07824
0.067657
0.090954
NaN
0.078761
NaN
0.051703
0.04997
0.053159
0.024113
0.024122
0.022922
0.021286
0.026368
0.048553
0.02094
0.02795
0.021962
0.021852
0.021177
0.045851
0.020849
0.022417
0.020832
0.022535
0.021829
0.046976
0.024055
0.024096
0.023583
0.033084
0.02652
0.074327
0.026193
0.03098
0.023709
0.034434
0.023853
0.061723
NaN
0.024846
0.023396
0.023451
0.027873
0.032783
0.047883
0.025825
0.024553
0.023368
0.023032
0.022038
0.050034
0.022713
0.02285
0.028689
0.02379
0.021938
0.051746
0.024268
0.021666
0.023111
0.026577
0.022134
0.048235
0.022275
0.023161
0.0232
0.023155
0.031782
0.049861
0.024156
0.034621
0.02175
0.025447
0.022328
0.052617
0.03665
0.025572
0.035651
0.021762
0.038865
0.045906
0.023619
0.029406
0.036142
0.035559
0.022946
0.04446
0.022794
0.029837
0.022515
0.022324
0.022406
0.047086
0.02175
0.023068
0.022971
0.02431
0.023611
0.047016
0.022256
0.022195
NaN
NaN
NaN
NaN
1.0046
0.14095
0.070617
0.05759
0.092661
NaN
0.066142
0.037046
0.035303
0.036056
0.032011
0.027799
0.021677
0.018571
0.018616
0.038626
0.022726
0.018886
0.018224
0.018269
0.020328
0.03884
0.029435
0.025487
0.023555
0.019338
0.016754
0.03512
0.016726
0.01891
0.016099
0.034337
0.018333
0.040253
0.025437
0.024248
0.024413
0.017236
0.018794
0.038835
0.018181
0.027122
0.018508
0.016496
0.018116
0.034801
0.017083
0.016737
0.015597
0.01749
0.018031
0.036743
0.018325
0.017126
0.03181
0.017739
0.016583
0.037171
0.025888
0.016249
0.018547
0.015529
0.01681
0.036575
0.029225
0.016232
0.018894
0.017855
0.017607
0.035266
0.017547
0.021631
0.017325
0.017693
NaN
NaN
NaN
NaN
1.1962
0.14166
0.070187
0.059077
0.088272
NaN
0.076312
0.045728
0.048963
0.053518
NaN
0.020452
0.019431
0.018408
0.019339
0.019389
0.038028
0.018031
0.027145
0.018333
0.029582
0.021882
0.043116
0.019403
0.019188
0.030959
0.019837
0.019127
0.039167
0.018863
0.023986
0.01952
0.02888
0.022033
0.057745
0.023229
0.02659
0.02612
0.024172
0.02897
0.044779
0.035896
0.019125
0.019675
0.018997
0.018854
0.044101
0.036893
0.018564
0.018528
0.01903
0.019278
0.037569
0.017581
0.01861
0.023022
0.01989
0.01978
0.043672
0.021989
0.021689
0.033325
0.019039
0.019274
0.037646
0.017764
0.028269
0.023991
0.01946
0.028419
0.039112
0.01909
NaN
NaN
NaN
NaN
1.0043
0.13905
0.070041
0.063391
0.087546
NaN
0.062622
0.047807
0.037648
0.037091
0.018474
0.020169
0.018662
0.01734
0.017782
0.035043
0.027611
0.017948
0.030057
0.019344
0.029862
0.034791
0.025907
0.015635
0.017919
0.016603
0.02171
0.034245
0.022443
0.016819
0.023202
0.0366
0.022721
0.04917
0.02415
0.023089
0.022984
0.027199
0.018483
0.037074
0.015908
0.019007
0.017713
0.016742
0.015927
0.036559
0.019567
0.01703
