9.4e-05,0.000174,0.000143,0.000151,0.000139,8.7e-05,0.0001,0.000138,0.000139,8.6e-05,0.000141,0.000137,0.000176,0.000148,0.000148
0.48043,0.48211,0.48698,0.4752,0.47226,0.48018,0.47467,0.46494,0.47616,0.4753,0.47983,0.48312,0.48126,0.46801,0.46456
0.008862,0.009588,0.008792,0.008866,0.008719,0.009276,0.009167,0.009023,0.009008,0.008792,0.008928,0.009004,0.008948,0.00883,0.009079
0.008728,0.008997,0.00894,0.009041,0.01009,0.008765,0.008803,0.009127,0.009059,0.008821,0.008895,0.008681,0.008714,0.008565,0.008937
0.008773,0.008779,0.008859,0.008725,0.008842,0.008693,0.008885,0.009006,0.008967,0.009182,0.008902,0.008943,0.009072,0.008846,0.008773
0.008843,0.008889,0.011705,0.008901,0.008819,0.009006,0.008857,0.008917,0.008919,0.008762,0.008857,0.00894,0.009081,0.008913,0.008864
0.009682,0.009022,0.009723,0.00909,0.009048,0.009337,0.009142,0.009171,0.00932,0.00908,0.009184,0.009209,0.009004,0.009142,0.009084
0.013469,0.015546,0.017303,0.013708,0.013745,0.01761,0.017885,0.013899,0.01348,0.013668,0.01895,0.019834,0.01711,0.01326,0.017535
0.018362,0.020824,0.017859,0.020905,0.017163,0.016738,0.017962,0.018367,0.018389,0.017714,0.021358,0.021703,0.018095,0.017814,0.017816
0.020032,0.017508,0.019164,0.0201,0.01991,0.019639,0.020183,0.020429,0.017418,0.02014,0.01715,0.017702,0.01987,0.019998,0.01857
0.016834,0.02229,0.019354,0.017118,0.016815,0.01385,0.013315,0.017276,0.016645,0.017283,0.016574,0.02431,0.018453,0.016758,0.017575
0.018974,0.017342,0.023951,0.017489,0.017023,0.017039,0.017311,0.01727,0.016709,0.021944,0.017677,0.017899,0.021122,0.013515,0.018851
0.13034,0.12758,0.1161,0.13547,0.12666,0.13353,0.1336,0.12151,0.13903,0.12295,0.11561,0.11956,0.1158,0.1383,0.11161
0.018441,0.019954,0.01843,0.019029,0.017065,0.018562,0.020859,0.019091,0.018804,0.016472,0.01443,0.019049,0.017572,0.013081,0.014434
0.011293,0.01088,0.011428,0.010684,0.011261,0.011357,0.0105,0.011231,0.011352,0.011116,0.010983,0.01151,0.011126,0.010571,0.01069
0.010476,0.010208,0.010112,0.010099,0.010352,0.010547,0.010356,0.010428,0.010353,0.010403,0.010011,0.010136,0.010081,0.010144,0.010359
0.012615,0.010141,0.010314,0.010352,0.010512,0.010125,0.010397,0.010879,0.010197,0.010498,0.010802,0.010379,0.01024,0.010379,0.010506
0.018708,0.010455,0.010394,0.010453,0.010301,0.010538,0.009747,0.009838,0.009859,0.010132,0.009775,0.010709,0.009655,0.012868,0.010662
0.011088,0.009427,0.010013,0.009474,0.009724,0.010077,0.009849,0.009732,0.009527,0.009416,0.009541,0.009888,0.009411,0.010087,0.009703
0.01027,0.010381,0.010391,0.010166,0.010247,0.010378,0.010282,0.010339,0.010045,0.010202,0.010204,0.010158,0.010596,0.010125,0.010103
0.010144,0.01298,0.012748,0.010642,0.010503,0.01064,0.010716,0.010695,0.010483,0.01035,0.010761,0.0106,0.010424,0.010255,0.010749
0.013785,0.011675,0.010753,0.010925,0.01249,0.010871,0.011124,0.010885,0.010762,0.010761,0.011261,0.010779,0.010484,0.01082,0.01058
0.011022,0.011192,0.011005,0.010763,0.010946,0.01098,0.011173,0.011045,0.010924,0.010825,0.010729,0.013495,0.010872,0.011169,0.010544
0.011155,0.011171,0.011087,0.01303,0.010869,0.011107,0.011293,0.010796,0.010904,0.011044,0.011009,0.011302,0.010804,0.01095,0.011006
0.012757,0.010785,0.010227,0.010375,0.010407,0.010311,0.010685,0.01064,0.010068,0.010511,0.010055,0.010401,0.010399,0.011099,0.010733
0.011574,0.012648,0.010887,0.010581,0.012167,0.013675,0.010881,0.011241,0.010832,0.01083,0.010754,0.010794,0.011717,0.011233,0.011405
0.012255,0.011566,0.015024,0.011213,0.011183,0.011631,0.011335,0.011478,0.011358,0.011952,0.011024,0.011277,0.011547,0.011288,0.011478
0.011573,0.011491,0.012143,0.010968,0.011184,0.011464,0.011207,0.011437,0.011251,0.01133,0.011082,0.011365,0.011362,0.011497,0.011589
0.013169,0.014004,0.011896,0.011759,0.011311,0.0115,0.011422,0.011793,0.011373,0.011256,0.011428,0.014194,0.01133,0.011647,0.011616
0.011698,0.013539,0.011267,0.011372,0.011003,0.011242,0.01118,0.011566,0.010698,0.010776,0.011106,0.011216,0.010473,0.010625,0.011649
0.01095,0.011886,0.010952,0.019455,0.010904,0.019178,0.010841,0.011283,0.010414,0.010642,0.010736,0.011238,0.01079,0.010619,0.011242
0.01343,0.011454,0.011432,0.011651,0.011202,0.011609,0.013368,0.011715,0.011081,0.011047,0.011279,0.011242,0.011582,0.011231,0.01228
0.011789,0.014101,0.013558,0.01138,0.013577,0.011221,0.011387,0.011875,0.011914,0.011595,0.01131,0.011042,0.012748,0.011426,0.011699
0.011409,0.011628,0.011791,0.011597,0.011553,0.011269,0.011588,0.011642,0.011733,0.01179,0.011132,0.01128,0.011558,0.011417,0.012852
0.011439,0.011621,0.013058,0.011647,0.011566,0.012951,0.01157,0.011566,0.011581,0.011724,0.011218,0.013474,0.011799,0.011608,0.011963
0.010762,0.012189,0.010834,0.013406,0.011384,0.012346,0.011434,0.011327,0.010937,0.011519,0.010944,0.011751,0.013284,0.010779,0.011419
0.010594,0.011002,0.013998,0.010532,0.010378,0.01176,0.010425,0.010635,0.010653,0.010825,0.010533,0.020875,0.011022,0.010626,0.011133
0.011045,0.011575,0.011683,0.010873,0.010992,0.011325,0.01096,0.01161,0.011057,0.010959,0.011523,0.013649,0.014426,0.011209,0.011342
0.011628,0.011614,0.011889,0.013371,0.013297,0.011626,0.011305,0.011637,0.01131,0.011165,0.011339,0.011774,0.011724,0.01137,0.01174
0.011813,0.011745,0.013287,0.013238,0.011753,0.011617,0.011652,0.011762,0.011558,0.011113,0.011701,0.011569,0.011383,0.011359,0.011593
0.011478,0.011526,0.011761,0.01132,0.011465,0.013527,0.011222,0.011566,0.011512,0.011347,0.011695,0.013429,0.012081,0.011387,0.011371
0.01154,0.010572,0.011502,0.011399,0.011702,0.012798,0.014417,0.011361,0.010857,0.011261,0.010964,0.011576,0.011636,0.010732,0.011244
0.011423,0.010957,0.012593,0.012178,0.010843,0.010905,0.010644,0.010873,0.010608,0.010661,0.010958,0.010764,0.010611,0.010738,0.010692
0.01159,0.011379,0.011091,0.011125,0.014235,0.011679,0.011198,0.011409,0.011014,0.011501,0.011209,0.01366,0.011209,0.011482,0.011454
0.01158,0.011557,0.011734,0.011382,0.011256,0.01204,0.011345,0.011413,0.011424,0.01239,0.011365,0.011367,0.01268,0.011616,0.011392
0.011262,0.011469,0.01175,0.013898,0.011697,0.01174,0.011509,0.011276,0.0113,0.011502,0.011615,0.011575,0.011659,0.011533,0.011553
0.01164,0.011707,0.011985,0.011415,0.014833,0.014006,0.011469,0.011336,0.011545,0.011392,0.011516,0.011482,0.01147,0.011475,0.011426
0.011164,0.01127,0.011326,0.010989,0.012215,0.011206,0.013128,0.011169,0.011186,0.010497,0.010662,0.011459,0.012784,0.011114,0.010623
0.010835,0.010795,0.010362,0.010639,0.010734,0.010618,0.011405,0.01109,0.01091,0.01051,0.010369,0.01059,0.010623,0.010577,0.010636
0.010994,0.010944,0.011307,0.011358,0.011047,0.014291,0.012513,0.011238,0.011292,0.011212,0.01129,0.011329,0.011456,0.011222,0.011124
0.011289,0.011374,0.011785,0.01152,0.013463,0.013235,0.011317,0.011686,0.011246,0.01134,0.011484,0.011441,0.011414,0.011679,0.011235
0.011506,0.011413,0.011456,0.011323,0.011306,0.011493,0.01184,0.011605,0.011403,0.011565,0.011415,0.011365,0.011348,0.011469,0.011591
0.011288,0.011254,0.011774,0.011587,0.01111,0.011122,0.011013,0.011499,0.011711,0.0114,0.011338,0.011335,0.011317,0.011396,0.011489
0.011499,0.011495,0.011101,0.010957,0.013283,0.013773,0.013552,0.011031,0.011552,0.01145,0.01081,0.011107,0.010476,0.011234,0.011317
0.010874,0.010528,0.010722,0.010472,0.010601,0.010722,0.020765,0.010512,0.010885,0.010673,0.01044,0.01049,0.010205,0.010667,0.010804
0.01112,0.011291,0.01127,0.01115,0.011065,0.011219,0.01408,0.01105,0.011165,0.011387,0.011193,0.011485,0.011471,0.010933,0.0111
0.011134,0.011487,0.011702,0.011474,0.011254,0.015038,0.012003,0.011897,0.011615,0.01171,0.011309,0.0114,0.011389,0.01148,0.011172
0.011253,0.011625,0.011831,0.011514,0.011281,0.011704,0.017865,0.011715,0.011697,0.011521,0.011304,0.011603,0.01159,0.011372,0.011323
0.011446,0.011707,0.011724,0.011379,0.011355,0.011554,0.011571,0.01192,0.011539,0.011671,0.011284,0.011528,0.011329,0.011727,0.011595
0.011393,0.011542,0.011067,0.011501,0.010947,0.011221,0.011873,0.011224,0.01104,0.010793,0.010649,0.011205,0.011322,0.010848,0.011308
0.010949,0.010833,0.010683,0.010471,0.010299,0.010573,0.010777,0.010909,0.010613,0.011749,0.010393,0.010378,0.01062,0.011166,0.010655
0.011088,0.01102,0.011303,0.011441,0.010983,0.011262,0.011464,0.010949,0.010942,0.011227,0.010911,0.011243,0.01058,0.011762,0.011338
0.011362,0.011613,0.011406,0.011485,0.011318,0.011537,0.014353,0.011185,0.01125,0.011208,0.011637,0.011304,0.011055,0.011705,0.011772
0.011816,0.011458,0.011601,0.011604,0.011313,0.011593,0.011759,0.011488,0.011531,0.01231,0.01192,0.011448,0.011174,0.011594,0.011479
0.011586,0.011499,0.011473,0.011523,0.011338,0.011337,0.011488,0.01141,0.01126,0.012283,0.011647,0.011474,0.011377,0.011252,0.011437
0.011623,0.011575,0.011025,0.011437,0.011036,0.011484,0.011459,0.011105,0.011797,0.01176,0.01071,0.011526,0.01123,0.010832,0.010635
0.010864,0.011295,0.010629,0.010553,0.011021,0.010796,0.010438,0.010501,0.010867,0.011552,0.010358,0.010738,0.010675,0.010673,0.01046
0.011587,0.011418,0.011445,0.011495,0.011433,0.011696,0.010885,0.011486,0.011108,0.011446,0.010875,0.011358,0.011069,0.011192,0.011249
0.011708,0.011312,0.011884,0.011421,0.011617,0.011796,0.011209,0.011759,0.01153,0.011547,0.011523,0.011511,0.011448,0.012039,0.011706
0.011822,0.011557,0.011816,0.011569,0.011389,0.011608,NaN,0.011788,0.011582,0.011475,NaN,0.011709,NaN,0.011613,0.011602
0.011549,0.011357,0.011445,0.011724,0.011579,0.012685,NaN,NaN,0.011404,0.011455,NaN,0.011687,NaN,0.011395,0.011522
0.010597,0.0115,0.010907,0.01072,0.010784,0.010683,NaN,NaN,0.010741,0.011696,NaN,0.010604,NaN,0.011041,0.011499
0.010547,0.01098,0.010547,0.010537,0.010617,0.010562,NaN,NaN,0.010387,0.010688,NaN,0.010619,NaN,0.010749,0.010457
0.011365,0.011671,0.011306,0.011285,0.011075,0.011109,0.000161,NaN,0.011236,0.011109,0.000154,0.011127,0.000134,0.011025,0.011201
0.011752,0.011466,0.011669,0.012002,0.011646,0.011501,0.55339,0.000136,0.011653,0.011263,0.55861,0.011498,0.54238,0.012413,0.011767
0.011904,0.011551,0.011747,0.011667,0.011561,0.013039,0.011382,0.53921,0.011692,0.011661,0.011339,0.011794,0.014712,0.011678,0.01292
0.011667,0.011984,0.011458,0.011661,0.011538,0.0121,0.011525,0.011883,0.011507,0.011883,0.012081,0.011624,0.011618,0.011494,0.01188
0.011595,NaN,0.011025,NaN,0.010593,NaN,0.011152,0.012,NaN,0.010635,0.012296,0.011303,0.01136,0.012078,0.011264
0.011059,NaN,0.010631,NaN,0.010609,NaN,0.011413,0.011628,NaN,0.010664,0.011424,0.010808,0.011508,0.010897,0.010689
0.011685,NaN,0.011334,NaN,0.011304,NaN,0.011337,0.011587,NaN,0.011049,0.011473,0.011216,0.011281,0.011302,0.011358
0.011656,NaN,0.011795,NaN,0.01154,NaN,0.021185,0.011907,NaN,0.011437,0.019174,0.011525,0.021943,0.011277,0.011368
NaN,0.000138,NaN,0.000143,NaN,0.000103,0.026977,0.021686,0.000157,NaN,0.023479,NaN,0.022835,NaN,NaN
NaN,0.61982,NaN,0.60627,NaN,0.6203,0.02421,0.022506,0.61129,NaN,0.02268,NaN,0.022898,NaN,NaN
NaN,0.01365,NaN,0.013487,NaN,0.022198,0.023167,0.022752,0.013276,NaN,0.022921,NaN,0.022693,NaN,NaN
NaN,0.013523,NaN,0.013491,NaN,0.013205,0.029894,0.022656,0.013054,NaN,0.023637,NaN,0.022965,NaN,NaN
0.000159,0.013528,0.000173,0.013554,0.000179,0.013453,0.10049,0.023003,0.014289,0.000434,0.12823,0.000125,0.10549,0.000153,0.000134
0.61038,0.013269,0.60492,0.013496,0.60321,0.013354,0.021291,0.12276,0.013598,0.61874,0.015174,0.60249,0.017972,0.61321,0.6051
0.012773,0.017771,0.013101,0.013806,0.014045,0.013502,0.013646,0.020704,0.01383,0.013608,0.013008,0.012957,0.013251,0.013703,0.013192
0.013229,0.021562,0.012747,0.021555,0.013408,0.021749,0.012995,0.013135,0.021094,0.012901,0.012986,0.013124,0.013744,0.013016,0.01324
0.013715,0.025937,0.013114,0.027442,0.013285,0.041259,0.013814,0.012894,0.025897,0.013485,0.012956,0.013052,0.013003,0.01335,0.013364
0.013285,0.02511,0.013346,0.025486,0.013347,0.025302,0.012689,0.013146,0.025637,0.013846,0.012241,0.015447,0.012697,0.013556,0.013654
0.013451,0.02758,0.013633,0.02569,0.013913,0.025125,0.012217,0.012297,0.027986,0.014495,0.012359,0.013704,0.012246,0.013579,0.013483
0.022609,0.025638,0.021711,0.028294,0.022002,0.022528,0.013061,0.012695,0.022268,0.022429,0.013447,0.022225,0.013775,0.022067,0.021912
0.025447,0.10033,0.025714,0.10078,0.025499,0.097244,0.012995,0.013059,0.10151,0.031363,0.013261,0.026579,0.014052,0.028621,0.025129
0.025247,0.016469,0.024925,0.019786,0.0247,0.024601,0.013234,0.013355,0.018704,0.026344,0.013627,0.027012,0.013803,0.025465,0.025492
0.026417,0.014779,0.025038,0.01498,0.028687,0.014775,0.013574,0.013723,0.015378,0.028529,0.013058,0.028895,0.013653,0.029423,0.02584
0.023849,0.014993,0.025217,0.01484,0.026392,0.014791,0.013072,0.013466,0.01483,0.021801,0.012735,0.023335,0.012957,0.026336,0.02245
0.095369,0.014929,0.10362,0.014283,0.10137,0.014845,0.012715,0.012817,0.014623,0.10111,0.012803,0.095676,0.012776,0.096526,0.10034
0.025191,0.014018,0.02435,0.014181,0.015715,0.014111,0.013157,0.012698,0.014043,0.019214,0.013507,0.021964,0.014132,0.019515,0.018849
0.015481,0.017673,0.015055,0.01689,0.01495,0.014625,0.013801,0.013998,0.014552,0.014682,0.013805,0.016345,0.013942,0.015184,0.014778
0.014549,0.01491,0.014597,0.015773,0.015018,0.014916,0.01399,0.013874,0.014732,0.01467,0.014142,0.014464,0.014009,0.015023,0.014607
0.015053,0.015202,0.014115,0.016199,0.015037,0.015179,0.014023,0.014078,0.015172,0.015324,0.014086,0.0146,0.014112,0.015133,0.01466
0.015447,0.015496,0.013914,0.01498,0.014717,0.014512,0.013952,0.013934,0.015662,0.014191,0.013905,0.013899,0.013132,0.013951,0.01366
0.022156,0.01621,0.013857,0.015669,0.014498,0.015192,0.016409,0.012874,0.016002,0.014437,0.013465,0.014004,0.013017,0.013839,0.014116
0.014498,0.017182,0.014792,0.01452,0.015467,0.014945,0.013718,0.013108,0.014473,0.015018,0.013618,0.014772,0.013708,0.014597,0.01476
0.015099,0.014595,0.015279,0.014608,0.015401,0.016116,0.014213,0.01361,0.014649,0.015273,0.014163,0.015001,0.01405,0.015355,0.015179
0.017676,0.015483,0.016728,0.015276,0.015075,0.015147,0.014178,0.014312,0.015115,0.014876,0.014011,0.015051,0.014158,0.015307,0.015458
0.014935,0.015878,0.015165,0.018116,0.01628,0.015706,0.013878,0.014028,0.016411,0.015373,0.014321,0.016613,0.017148,0.015015,0.015428
0.014491,0.018917,0.014566,0.015946,0.015068,0.01574,0.013605,0.014605,0.016411,0.014763,0.013245,0.014583,0.013273,0.018901,0.014783
0.016458,0.015761,0.014428,0.0159,0.014477,0.01567,0.013858,0.01342,0.016526,0.015663,0.013208,0.014446,0.013199,0.015189,0.014785
0.018738,0.018133,0.01711,0.01468,0.015779,0.015522,0.014209,0.013216,0.015955,0.015273,0.013852,0.015161,0.014027,0.016104,0.015336
0.015335,0.017548,0.016089,0.0179,0.015499,0.015422,0.014356,0.013497,0.015218,0.015366,0.014053,0.016815,0.01412,0.015882,0.015629
0.018728,0.016946,0.015652,0.016022,0.015545,0.015601,0.014232,0.014093,0.015622,0.016475,0.014391,0.015484,0.014128,0.01635,0.015648
0.015656,0.016402,0.015681,0.016098,0.015644,0.019138,0.014079,0.014323,0.016036,0.015636,0.014464,0.015896,0.014043,0.016141,0.016079
0.017085,0.016351,0.014597,0.01675,0.015053,0.01612,0.013184,0.014165,0.018373,0.014995,0.013224,0.015381,0.013216,0.014881,0.015399
0.014935,0.016317,0.018194,0.019418,0.016623,0.015808,0.013149,0.013693,0.016087,0.015436,0.01331,0.014763,0.014729,0.014919,0.015479
0.015598,0.015058,0.015537,0.015265,0.015897,0.015318,0.01401,0.013644,0.015174,0.016352,0.013579,0.017794,0.014068,0.015674,0.016544
0.016004,0.015364,0.019555,0.017526,0.015989,0.018174,0.016887,0.013901,0.015044,0.016032,0.014259,0.016123,0.013883,0.015802,0.016074
0.016042,0.015718,0.018282,0.019214,0.015814,0.015811,0.014478,0.014105,0.016153,0.015748,0.014184,0.018427,0.014204,0.016013,0.015796
0.015666,0.016004,0.016258,0.016233,0.017378,0.016024,0.01431,0.014353,0.015877,0.016133,0.014203,0.016695,0.014004,0.015704,0.016196
0.014892,0.016198,0.01832,0.019004,0.015191,0.015999,0.013401,0.014525,0.016358,0.015573,0.01324,0.015182,0.015296,0.01491,0.015102
0.015139,0.016252,0.014976,0.016225,0.01533,0.016098,0.013027,0.013545,0.01645,0.015097,0.013404,0.017013,0.013547,0.014959,0.014977
0.015815,0.015691,0.018477,0.018925,0.016,0.016497,0.013771,0.013296,0.015386,0.015842,0.014404,0.015496,0.014051,0.016165,0.015374
0.016001,0.015521,0.016016,0.015557,0.016186,0.015213,0.013799,0.014144,0.014919,0.017142,0.013856,0.017585,0.014982,0.01592,0.015765
0.01561,0.015858,0.016142,0.015851,0.016464,0.0194,0.014412,0.014535,0.015849,0.016107,0.014103,0.015603,0.014034,0.016232,0.016223
0.015886,0.016138,0.016037,0.016352,0.015965,0.02364,0.016729,0.025861,0.016178,0.016144,0.014285,0.015842,0.016499,0.015771,0.016111
0.015191,0.015917,0.015088,0.0162,0.015589,0.01878,0.01422,0.01413,0.017459,0.015188,0.013316,0.01498,0.015824,0.015186,0.015197
0.015201,0.016301,0.014975,0.016262,0.017123,0.016254,0.013106,0.013441,0.016417,0.015898,0.013219,0.014675,0.017011,0.015129,0.014919
0.015696,0.015296,0.0158,0.015506,0.015836,0.017592,0.01388,0.013766,0.015603,0.015931,0.013893,0.015643,0.014726,0.015999,0.016009
0.016202,0.01518,0.016399,0.015417,0.016728,0.015001,0.014104,0.014614,0.015947,0.016177,0.014212,0.016063,0.014359,0.016156,0.016322
0.016013,0.015932,0.0156,0.017132,0.016414,0.015787,0.016103,0.014306,0.016041,0.01602,0.014395,0.016128,0.01482,0.016084,0.016255
0.016286,0.016127,0.015859,0.016736,0.016834,0.016464,0.014182,0.014817,0.015759,0.017184,0.014045,0.015928,0.013929,0.016839,0.01657
0.015151,0.016318,0.015073,0.016297,0.015383,0.016042,0.01296,0.014247,0.015984,0.015206,0.013216,0.014899,0.013601,0.015077,0.015402
0.015164,0.016149,0.014818,0.016548,0.015093,0.01643,0.013654,0.014264,0.015939,0.015401,0.01334,0.015041,0.014148,0.014902,0.015035
0.015995,0.015495,0.015974,0.015617,0.015933,0.015463,0.013753,0.014708,0.015015,0.016169,0.013968,0.015556,0.014547,0.015494,0.015709
0.016048,0.015512,0.016453,0.015846,0.016216,0.0152,0.015967,0.015148,0.014976,0.01626,0.014428,0.016037,0.014305,0.016655,0.015984
0.016105,0.015998,0.015839,0.016012,0.016111,0.01602,0.014136,0.014418,0.015584,0.020357,0.014277,0.015984,0.014152,0.016433,0.016032
0.016545,0.016503,0.016034,0.016137,0.016022,0.016236,0.015884,0.01432,0.015887,0.019058,0.014509,0.015751,0.014067,0.016096,0.016112
0.015016,0.016307,0.014629,0.016044,0.015109,0.016163,0.014276,0.01459,0.01616,0.016015,0.014121,0.015302,0.013049,0.015179,0.015939
0.015291,0.016421,0.015033,0.016326,0.015326,0.016857,0.021004,0.013498,0.01577,0.015471,0.013482,0.014771,0.013225,0.014969,0.014682
0.015913,0.015326,0.015638,0.015849,0.015894,0.016378,0.01672,0.01377,0.015167,0.015614,0.014077,0.015672,0.013754,0.015384,0.015483
0.016135,0.01525,0.016281,0.015853,0.01611,0.015217,0.013999,0.014267,0.015202,0.015935,0.014235,0.015883,0.014118,0.01907,0.015983
0.015898,0.019133,0.016043,0.016205,0.015926,0.015817,0.014241,0.014478,0.015406,0.01621,0.014713,0.015837,0.014497,0.016573,0.016121
0.016042,0.016914,0.016005,0.016389,0.015955,0.016965,0.016358,0.014395,0.015944,0.015927,0.015045,0.015824,0.014089,0.016346,0.016175
0.015523,0.016474,0.015074,0.016267,0.01546,0.016411,0.013527,0.014464,0.016208,0.014992,0.01504,0.015233,0.01328,0.015241,0.015266
0.015603,0.016513,0.015104,0.016429,0.015035,0.016256,0.013217,0.013581,0.016037,0.01527,0.013453,0.014925,0.01333,0.018017,0.015141
0.015841,0.015249,0.016063,0.015679,0.015776,0.015118,0.014124,0.01352,0.015152,0.016519,0.014376,0.01573,0.01374,0.016063,0.015418
0.016122,0.015241,0.016316,0.015243,0.016275,0.015499,0.014186,0.014066,0.015096,0.016497,0.014003,0.015729,0.014286,0.016578,0.017654
0.015684,0.016097,0.015967,0.015962,0.015927,0.015991,0.01413,0.014375,0.015703,0.016086,0.01435,0.015806,0.014193,0.016213,0.015922
0.016154,0.016496,0.01635,0.016587,0.015569,0.016286,0.014233,0.014338,0.015902,0.016199,0.014548,0.015754,0.01417,0.016034,0.015816
0.014942,0.016238,0.015063,0.016433,0.015049,0.015903,0.013449,0.014166,0.016051,0.015294,0.013338,0.014935,0.013053,0.015119,0.015436
0.01489,0.016879,0.015075,0.016683,0.015369,0.016199,0.013458,0.0139,0.015675,0.015475,0.013909,0.01478,0.013323,0.01525,0.017903
0.015832,0.014853,0.016769,0.015611,0.015856,0.015378,0.013739,0.013243,0.015116,0.015915,0.014028,0.015709,0.013893,0.015884,0.015797
0.016048,0.015401,0.015894,0.015479,0.016087,0.015008,0.014015,0.014348,0.015072,0.01664,0.014121,0.016536,0.014102,0.015927,0.016217
0.01596,0.015584,0.016254,0.01622,0.016124,0.015819,0.013838,0.014572,0.015274,0.016118,0.014031,0.015906,0.014357,0.01631,0.016229
0.016205,0.016107,0.016053,0.016238,0.015865,0.016227,0.013846,0.014285,0.015826,0.015889,0.014572,0.01594,0.014696,0.015874,0.015854
0.015164,0.016197,0.015309,0.016461,0.015369,0.016023,0.013871,0.014596,0.015909,0.015129,0.01357,0.015308,0.01446,0.01528,0.015184
0.015351,0.016122,0.014983,0.016121,0.01491,0.01628,0.01362,0.013564,0.015834,0.015325,0.013065,0.015146,0.01317,0.015331,0.014791
0.015696,0.015352,0.015824,0.015149,0.015431,0.017061,0.013759,0.013636,0.014984,0.016,0.013792,0.015342,0.013811,0.016305,0.015704
0.01591,0.015321,0.016346,0.015396,0.015828,0.016086,0.01427,0.013923,0.014842,0.016161,0.01408,0.015893,0.013897,0.016444,0.015734
0.015956,0.016092,0.015932,0.01603,0.016003,0.015942,0.01413,0.017602,0.015496,0.016012,0.014166,0.015866,0.014316,0.016411,0.016041
0.016027,0.01629,0.015993,0.016261,0.016753,0.017021,0.014202,0.015369,0.015741,0.016199,0.014389,0.015774,0.013903,0.016692,0.01606
0.015107,0.016179,0.015109,0.016039,0.015233,0.027469,0.013612,0.014429,0.01696,0.015014,0.013278,0.015217,0.013649,0.014891,0.014981
0.01514,0.016305,0.015253,0.01606,0.015472,0.015415,0.01321,0.014201,0.015961,0.015276,0.013294,0.014878,0.013268,0.018549,0.015141
0.01565,0.015238,0.015975,0.014962,0.016212,0.015248,0.013993,0.01327,0.015383,0.015978,0.013664,0.015417,0.013665,0.016784,0.015584
0.016034,0.015378,0.01603,0.015695,0.01594,0.015851,0.014567,0.016023,0.015473,0.016039,0.014024,0.015891,0.014292,0.016115,0.016214
0.016156,0.015956,0.01619,0.015758,0.016126,0.015931,0.014348,0.014313,0.016521,0.015861,0.014164,0.015803,0.014568,0.016533,0.016345
0.016081,0.015942,0.016241,0.016246,0.016087,0.016253,0.01467,0.014443,0.01635,0.016234,0.014066,0.015808,0.014158,0.015891,0.015749
0.01517,0.015982,0.01492,0.016226,0.014711,0.016167,0.013952,0.014468,0.016292,0.015215,0.013217,0.015091,0.01369,0.015731,0.015165
0.01498,0.016258,0.014739,0.015914,0.015587,0.016467,0.014362,0.013413,0.016197,0.017667,0.013453,0.015099,0.013689,0.015593,0.016057
0.015885,0.01506,0.015758,0.015309,0.01586,0.015192,0.014268,0.013716,0.015296,0.016163,0.013984,0.015417,0.013909,0.016268,0.017446
0.016225,0.015716,0.016114,0.015688,0.015924,0.015296,0.023557,0.014308,0.01583,0.01681,0.014317,0.015751,0.014152,0.016666,0.016062
0.01614,0.016492,0.015821,0.0159,0.01636,0.016054,0.014372,0.014481,0.016183,0.018124,0.014239,0.016,0.014201,0.016506,0.016243
0.01595,0.016396,0.015926,0.016396,0.016238,0.015912,0.013901,0.014645,0.016175,0.023982,0.013942,0.01581,0.01402,0.016145,0.016044
0.015083,0.016069,0.014862,0.015573,0.014683,0.016204,0.012968,0.014664,0.016362,0.015106,0.013537,0.01538,0.012991,0.015101,0.015244
0.014795,0.015938,0.015058,0.015866,0.014694,0.015992,0.01347,0.013854,0.016575,0.015173,0.013191,0.015103,0.013383,0.015486,0.015718
0.015693,0.015015,0.015599,0.015064,0.016044,0.015261,0.014476,0.013805,0.015363,0.01574,0.014024,0.015397,0.013977,0.016856,0.01553
0.015711,0.015204,0.016129,0.015054,0.015922,0.015553,0.014694,0.014419,0.015425,0.015917,0.014055,0.015721,0.014231,0.015977,0.016404
0.016098,0.01589,0.01599,0.015952,0.016398,0.01608,0.014007,0.014494,0.016335,0.016078,0.013856,0.015955,0.014081,0.01589,0.016948
0.016016,0.016259,0.016155,0.016321,0.016088,0.016349,0.014292,0.014444,0.016474,0.015873,0.014315,0.015945,0.013973,0.016018,0.016169
0.015125,0.016302,0.015125,0.016132,0.014924,0.016452,0.013658,0.014754,0.016367,0.015005,0.013554,0.014984,0.01333,0.014806,0.015276
0.014882,0.016714,0.014964,0.015813,0.015075,0.016294,0.013071,0.013685,0.016511,0.015182,0.013322,0.015081,0.013233,0.014648,0.016148
0.015757,0.015588,0.015844,0.015358,0.015326,0.015166,0.013737,0.013883,0.015556,0.015644,0.01375,0.015411,0.013798,0.015868,0.01744
0.015887,0.015337,0.01597,0.015336,0.016185,0.015536,0.013995,0.014416,0.015853,0.016131,0.014156,0.015684,0.014118,0.017907,0.016154
0.015905,0.01595,0.016518,0.015837,0.016312,0.015981,0.014231,0.014768,0.016594,0.016164,0.014186,0.015818,0.014346,0.016875,0.016161
0.015922,0.016512,0.015753,0.016164,0.016038,0.016157,0.014274,0.016348,0.016192,0.016185,0.014107,0.01578,0.013933,0.016092,0.016082
0.015462,0.016466,0.015069,0.015853,0.015053,0.016047,0.01345,0.014527,0.016389,0.015078,0.013558,0.014971,0.013216,0.01521,0.015151
0.015168,0.016273,0.01485,0.016545,0.015042,0.016355,0.013143,0.013657,0.017104,0.015195,0.015792,0.014937,0.013137,0.017267,0.0148
0.01557,0.015313,0.015738,0.015196,0.016114,0.015309,0.013837,0.013715,0.015199,0.015758,0.013936,0.015795,0.013525,0.016237,0.015282
0.015824,0.01503,0.015978,0.01518,0.016776,0.01542,0.014289,0.014052,0.015802,0.016293,0.014415,0.015683,0.014263,0.016078,0.015975
0.016127,0.015834,0.016822,0.015779,0.016343,0.015964,0.013988,0.014508,0.015931,0.016166,0.014271,0.015893,0.014098,0.016212,0.017445
0.016172,0.016259,0.015786,0.016326,0.016332,0.016424,0.01445,0.014741,0.016493,0.017244,0.015555,0.015716,0.014972,0.016562,0.015949
0.015554,0.016177,0.015256,0.01623,0.01494,0.0163,0.01331,0.015677,0.016577,0.015012,0.013611,0.014931,0.013599,0.018556,0.015058
0.016848,0.016404,0.015293,0.015628,0.015207,0.016158,0.013569,0.014103,0.016202,0.015319,0.013064,0.015317,0.013299,0.014951,0.015436
0.016306,0.015716,0.015785,0.015383,0.015527,0.01569,0.013516,0.013737,0.015295,0.015683,0.01395,0.015927,0.013841,0.019175,0.015999
0.016179,0.015691,0.016042,0.015059,0.016237,0.015249,0.013692,0.014708,0.015387,0.016085,0.01411,0.015948,0.013977,0.018873,0.016127
0.01643,0.016375,0.016056,0.015817,0.015847,0.016384,0.014165,0.014627,0.01632,0.016494,0.014283,0.016145,0.014211,0.01772,0.016022
0.015757,0.016221,0.015893,0.016098,0.016015,0.016231,0.013852,0.014429,0.025974,0.016271,0.014388,0.016181,0.014333,0.01601,0.016064
0.015628,0.016171,0.01515,0.016086,0.015132,0.016095,0.013806,0.014197,0.016716,0.015124,0.013446,0.015063,0.013342,0.015086,0.016602
0.015024,0.015788,0.014873,0.015801,0.015065,0.016655,0.013097,0.016343,0.015911,0.01545,0.013305,0.015323,0.013066,0.016204,0.015683
0.015921,0.015412,0.015556,0.014963,0.015645,0.015526,0.013979,0.013703,0.015045,0.0155,0.013756,0.015831,0.013466,0.015692,0.016547
0.01595,0.015026,0.016066,0.015129,0.0165,0.015423,0.014048,0.01408,0.015736,0.016052,0.013982,0.015907,0.014014,0.016305,0.016713
0.016338,0.016271,0.01584,0.015688,0.015685,0.016128,0.013937,0.014084,0.015436,0.01592,0.014443,0.016037,0.014124,0.016213,0.018571
0.015819,0.016171,0.016127,0.01628,0.016789,0.01636,0.014054,0.014163,0.019155,0.018889,0.01433,0.015721,0.014294,0.015778,0.016284
0.015134,0.016093,0.015187,0.016083,0.015009,0.016167,0.013131,0.014153,0.016305,0.014872,0.013921,0.015027,0.013697,0.01457,0.016119
0.015717,0.016938,0.014973,0.016117,0.014928,0.016261,0.015727,0.013648,0.01593,0.015321,0.013389,0.015127,0.013257,0.014802,0.015519
0.016309,0.015628,0.016083,0.014956,0.016254,0.015365,0.01423,0.013143,0.015564,0.015776,0.0141,0.016066,0.013551,0.015991,0.016236
0.016365,0.015593,0.015816,0.015831,0.016127,0.015231,0.014312,0.017052,0.016757,0.016098,0.013989,0.016159,0.014035,0.016733,0.015773
0.016146,0.016544,0.016301,0.015639,0.01594,0.016034,0.013855,0.014346,0.01603,0.015976,0.014096,0.015882,0.013962,0.016064,0.01623
0.01605,0.016232,0.015809,0.016309,0.016343,0.016273,0.014154,0.014143,0.01583,0.01577,0.014018,0.016132,0.014092,0.016015,0.0163
0.015321,0.016326,0.015125,0.016219,0.015218,0.016079,0.013482,0.014514,0.016216,0.014997,0.013341,0.015111,0.013865,0.015043,0.015316
0.01512,0.016827,0.014919,0.016147,0.01486,0.016357,0.013277,0.0132,0.016015,0.026547,0.013242,0.015442,0.01342,0.015169,0.016196
0.015811,0.01547,0.015794,0.015612,0.015441,0.015737,0.013938,0.016494,0.017021,0.015914,0.014204,0.016171,0.014034,0.016035,0.016091
0.015831,0.015373,0.016627,0.018316,0.016377,0.015561,0.014021,0.014174,0.015357,0.017128,0.015247,0.015858,0.014041,0.016069,0.016162
0.015784,0.016211,0.016224,0.016078,0.016629,0.015741,0.01408,0.01553,0.018044,0.017676,0.014363,0.015965,0.013868,0.016133,0.015844
0.015889,0.016362,0.016144,0.016356,0.016177,0.01649,0.014215,0.014549,0.017905,0.016022,0.014222,0.016405,0.014011,0.015795,0.016305
0.01487,0.016362,0.015401,0.016308,0.015129,0.016244,0.013628,0.015289,0.01613,0.01531,0.013469,0.015402,0.013101,0.014716,0.015434
0.015027,0.016161,0.015121,0.016381,0.015074,0.016676,0.013253,0.015919,0.017424,0.015254,0.013502,0.0152,0.013364,0.015207,0.015196
0.015598,0.015299,0.015902,0.015161,0.015777,0.015723,0.014236,0.013233,0.015313,0.017203,0.014231,0.01577,0.013782,0.016074,0.015525
0.016152,0.015213,0.016003,0.015525,0.016125,0.015454,0.014322,0.015385,0.017011,0.025641,0.014227,0.015886,0.014028,0.016595,0.015863
0.016119,0.015989,0.016174,0.015915,0.016254,0.015901,0.014389,0.01639,0.015738,0.019089,0.01496,0.016032,0.014034,0.016536,0.016064
0.016045,0.016154,0.016337,0.016713,0.016244,0.01621,0.013925,0.014346,0.01602,0.017608,0.014342,0.016044,0.01392,0.017034,0.016173
0.015671,0.016133,0.015094,0.01615,0.015444,0.016001,0.013009,0.015803,0.016275,0.015384,0.013583,0.01519,0.013892,0.015027,0.015116
0.015372,0.016714,0.015071,0.016282,0.015809,0.016126,0.012971,0.020891,0.016171,0.017491,0.01328,0.014684,0.013216,0.014929,0.014773
0.016411,0.015461,0.015858,0.015258,0.015872,0.015782,0.013862,0.014552,0.015738,0.015535,0.013898,0.015657,0.013981,0.015627,0.015527
