0.000157
0.21359
0.000961
0.000965
0.001075
0.001041
0.000995
0.001151
0.001017
0.001057
0.001112
0.00102
0.00135
0.000912
0.001125
0.00096
0.000935
0.001119
0.001062
0.001125
0.001139
0.001034
0.00108
0.000866
0.000949
0.001334
0.000873
0.000905
0.000868
0.001044
0.00112
NaN
NaN
NaN
NaN
0.000143
0.22515
0.000872
0.000887
0.000825
0.000822
0.000766
0.000612
0.000801
0.000808
0.00081
0.000774
0.000782
0.000944
0.000837
0.000794
0.000926
0.000825
0.000819
0.000863
0.000814
0.000851
0.000928
0.000904
0.000858
0.000884
0.000856
NaN
NaN
NaN
NaN
0.000162
0.21266
0.000907
0.000725
0.000756
0.000798
0.000769
0.000762
0.000792
0.000767
0.000763
0.000788
0.000776
0.000774
0.000767
0.000837
0.000771
0.000741
0.000811
0.000755
0.000839
0.000667
0.000788
0.000776
0.000769
0.000785
0.000764
0.000768
0.000762
0.000805
0.000805
0.000929
0.000837
0.000829
0.000892
0.000822
0.000824
0.000908
0.000841
0.000945
0.000928
0.00086
0.000871
0.001098
0.000852
0.00081
0.000918
0.000823
0.000838
0.000971
0.000949
0.001277
0.001889
0.001887
0.001572
0.001525
0.001279
0.000813
0.000842
0.00077
0.000796
0.000922
0.001546
NaN
NaN
NaN
NaN
0.000145
0.22444
0.001051
0.000791
0.000765
0.000844
0.00076
0.00073
0.000776
0.000808
0.000774
0.000735
0.000717
0.000799
0.000731
0.000801
0.001152
0.000833
0.001093
0.000785
0.000952
0.000746
0.000791
0.000736
0.000741
0.00078
0.00074
0.000741
0.000713
0.000737
0.000723
0.000722
0.001301
0.00073
0.000932
0.000759
0.000735
0.000728
0.000779
0.000743
0.000723
0.000728
0.000825
0.000736
0.000783
0.000836
0.000781
0.000772
0.001542
0.00115
0.00133
0.00115
0.001234
0.001153
0.001244
0.001318
0.000761
0.001387
0.001175
0.001198
0.001167
0.001058
0.001267
0.001827
0.000795
0.000938
0.000746
0.001176
0.00074
0.000722
0.00085
0.000741
0.000748
0.000901
0.000936
0.000738
0.000783
0.000793
0.000768
0.000771
0.00084
0.000764
0.000803
0.000813
0.000844
0.000847
0.000942
0.000795
0.00084
0.000844
0.00084
0.000846
