0.000127
0.23965
0.006266
0.006144
0.006705
0.007513
0.007359
0.006388
0.006262
0.00621
0.006783
0.006621
0.006398
0.007024
0.011731
0.009649
0.007738
0.006621
0.005486
0.005426
0.00556
0.005757
0.005716
0.005344
0.006346
0.005518
0.005967
0.012217
0.01005
0.007154
0.00648
0.006111
0.006763
0.00596
0.005967
0.006606
0.005783
0.005701
0.006713
0.012307
0.008559
0.006462
0.005801
0.006165
0.005926
0.005763
0.006219
0.006056
0.006285
0.005811
0.005695
0.00676
0.006927
0.005921
0.006019
0.006459
0.007044
NaN
NaN
NaN
NaN
0.000167
0.23709
0.006044
0.005331
0.005346
0.005624
0.005258
0.005632
0.005238
0.005909
0.005297
0.005635
0.005641
0.005268
0.005422
0.005356
0.005909
0.005347
0.005369
0.005361
0.005419
0.0054
0.005484
0.005226
0.005651
0.005387
0.005636
0.005681
0.006567
0.005929
0.006233
0.005876
0.005707
0.005821
0.006339
0.006634
0.005771
0.006344
NaN
NaN
NaN
NaN
0.000153
0.22586
0.006479
0.005549
0.005617
0.005761
0.006103
0.007349
0.008531
NaN
NaN
NaN
NaN
0.00036
0.24566
0.006223
0.005584
0.005883
0.005833
0.005462
0.005865
0.005556
0.005431
0.006341
0.006405
0.007019
0.006202
0.005733
0.005767
0.006445
0.005705
0.005868
0.006279
0.009449
0.012541
0.011468
0.007701
0.006681
0.005641
0.005655
NaN
NaN
NaN
NaN
0.000181
0.29283
0.009603
0.0075
0.006383
0.006742
0.00607
0.006038
NaN
NaN
NaN
NaN
0.000558
0.3908
0.00783
0.006783
0.006897
0.007707
0.007442
0.007359
0.007014
0.007325
0.006966
0.007275
0.007119
0.008076
0.007475
0.007574
0.00734
NaN
NaN
NaN
NaN
0.000123
0.24704
0.006577
0.005558
0.005959
0.012149
0.009004
0.00679
0.005637
0.005715
0.00539
0.005633
0.00577
0.006001
0.006648
0.012301
0.010394
0.007704
0.007264
0.00559
0.005441
0.005487
0.00533
0.005595
0.005554
0.005412
0.005477
0.005685
0.005441
0.006629
0.005919
0.005714
0.005744
0.005363
0.005495
0.005537
0.007743
0.006322
0.005567
0.005791
0.006421
0.005425
0.006302
0.005887
0.005554
0.006065
0.005435
0.005747
0.005634
0.005597
0.005702
0.005796
0.006113
0.005881
NaN
NaN
NaN
NaN
0.00019
0.23492
0.006438
0.006055
0.006251
0.006579
0.006092
0.005797
0.006224
NaN
NaN
NaN
NaN
0.000164
0.23018
0.006828
0.006627
0.005782
0.005713
0.005552
0.005688
0.00549
0.005999
0.006105
0.005704
0.005688
0.005826
0.005694
0.005964
0.005743
0.005548
0.005554
0.005547
0.005788
0.005614
0.00548
0.005511
0.005502
0.005596
0.005624
0.005896
0.005743
0.005482
0.00556
0.005608
0.005317
0.005494
0.005597
0.0057
0.005741
0.005966
0.006004
0.005564
0.005493
0.00554
0.005571
0.005472
0.005777
0.005641
0.00594
0.005362
0.005949
0.005798
0.005701
NaN
NaN
NaN
NaN
0.000173
0.22904
0.006586
0.005888
0.005831
0.005851
0.005657
0.006374
0.012526
0.010292
0.008078
0.006796
0.005748
NaN
NaN
NaN
NaN
0.000176
0.23491
0.006372
0.0059
0.006258
0.011803
0.009288
0.007488
0.005922
0.006509
0.005654
0.005522
0.005637
0.005517
NaN
NaN
NaN
NaN
0.000161
0.39184
0.006595
0.006243
