0.000151
0.38169
0.003247
0.003588
0.003667
0.003568
0.003812
0.003913
0.003617
0.003343
0.003058
0.002904
0.002793
0.002984
0.003028
0.003032
0.003107
0.005052
0.003378
0.003369
0.004567
0.002896
0.003183
0.003275
0.003262
0.002988
0.002838
0.003484
0.003324
0.003387
0.003438
0.003728
0.003734
0.003349
0.003309
0.003306
0.003059
0.003164
0.003577
0.005422
0.005332
0.005976
0.005553
0.003492
0.003812
0.005574
0.005174
0.004581
0.003968
0.00359
0.003967
0.003399
0.00327
0.003303
0.003366
0.003124
0.003151
0.003345
0.003353
0.00301
0.00285
0.002798
0.003157
0.005735
0.005605
0.005334
0.004528
0.006951
0.003824
0.003614
0.003183
0.003244
0.003393
0.00502
0.005248
0.004487
0.003915
0.003803
0.003522
0.003018
0.00313
0.003447
0.003388
0.003635
0.002931
0.002772
0.002834
0.002771
0.002767
0.003505
0.003251
0.002872
0.002729
0.002724
0.00293
0.002908
0.003431
0.003284
0.002959
0.002896
0.002751
0.003027
0.002932
0.002795
0.003301
0.002958
0.002961
0.002871
0.002876
0.002846
0.003183
0.003275
0.002784
0.002781
0.002774
0.002831
0.002955
0.003076
0.002781
0.002858
