1.2363
0.15701
0.087218
0.074748
0.093285
NaN
0.083535
NaN
0.053259
0.051016
0.051272
0.031957
0.025916
0.023904
0.024879
0.026228
0.057153
0.027709
0.025732
0.026799
0.023471
0.024815
0.051335
0.025619
0.023582
0.026658
0.023182
0.023533
0.052268
0.028451
0.026589
0.033888
0.035219
0.0256
0.05453
0.026314
0.031608
NaN
NaN
NaN
NaN
1.3873
0.14471
0.078117
0.062268
0.09281
NaN
0.076443
NaN
0.048405
0.057392
0.049003
0.023907
0.023033
0.025983
0.021232
0.021069
0.050344
0.021349
0.022279
0.031117
0.024045
0.024366
0.061052
0.024416
0.023924
0.022
0.022331
0.022478
0.051789
0.023251
0.024338
0.027556
0.031959
0.025735
0.059403
0.027517
0.036523
0.023191
0.02283
0.022219
0.043823
0.022284
0.021265
0.022105
0.021295
0.021807
0.059168
0.023581
0.022117
0.02083
0.02377
0.021744
0.049648
0.021913
0.032805
0.022331
0.021012
0.030078
0.050388
0.023314
0.02447
0.022319
0.020463
0.022967
0.047934
0.021255
0.02134
0.021341
0.021685
0.020823
0.044847
0.020354
0.020113
0.021568
0.020197
0.022171
0.048186
0.027873
0.022106
0.021063
0.022306
0.030499
0.047004
0.023328
0.020917
0.021883
0.022341
0.022513
0.05057
0.022295
0.024144
0.023421
0.02291
0.023211
0.051961
0.024192
0.026108
0.033043
0.024113
0.023303
0.045378
0.026221
0.022194
0.026525
0.026088
0.02361
0.045047
0.021981
0.022183
0.028676
0.02079
0.022772
0.045995
0.032009
0.021377
0.022509
0.022165
0.029347
0.061266
NaN
0.022564
0.020326
0.029409
0.020699
0.022234
0.046936
0.021741
0.021
0.020692
0.028182
0.021855
0.052957
0.021187
0.021333
0.021461
0.021731
0.023639
0.049591
0.023179
0.022754
0.027361
0.022727
0.021844
0.049511
0.023959
0.023228
0.022587
0.023273
0.023026
0.051325
0.024251
0.02427
0.022983
0.023126
0.029582
0.047392
0.029055
0.021941
0.031982
0.023533
0.021892
0.048729
0.02302
0.022627
0.022024
0.024504
0.020794
0.046084
0.021202
0.023137
0.024188
0.023756
0.02405
0.055152
0.023985
0.022937
0.023937
0.032879
0.023672
0.048512
0.022474
0.021737
0.021531
0.022121
0.021898
0.046583
0.021743
0.03774
0.027557
0.025513
0.023879
0.060621
0.024784
0.029355
0.023494
0.024482
0.025834
0.050625
0.024342
0.024174
0.022676
0.025976
0.024178
0.047175
0.022012
0.030482
0.02255
0.022747
0.023474
0.051321
0.023521
0.020902
0.021938
0.023523
0.027883
0.049744
0.023238
0.023641
0.022791
0.024848
0.022176
0.048289
0.025892
0.023286
0.023161
0.021152
0.022225
0.054571
0.021832
0.021899
0.022625
0.022589
0.022976
0.044774
0.022208
0.021727
0.022167
0.022726
0.023324
0.046379
0.024032
0.022885
0.0231
0.022879
0.035964
0.044764
0.022711
0.029435
0.022159
0.026118
0.023179
0.04714
0.027136
0.036312
0.035642
0.035796
0.023598
0.04955
0.022636
0.025472
0.023795
0.022749
0.024022
0.044114
0.021708
0.022278
0.022712
0.022747
0.023275
0.043692
0.02148
0.022624
0.022823
0.021906
0.022615
0.045551
0.02375
0.0232
0.022406
0.022734
0.024221
0.048485
0.023918
0.023008
0.022725
0.030965
0.023102
0.057313
0.023692
0.037661
0.026723
0.022045
0.02545
0.046369
0.025364
0.022264
0.02303
0.023257
0.022481
0.045284
0.022476
0.02062
0.024873
0.020927
0.020687
0.047527
0.019994
0.028985
0.021874
0.021292
0.020599
0.052094
0.021709
0.023256
0.033087
0.021149
0.021212
0.042029
0.021077
0.021335
0.020765
0.019893
0.026108
0.043167
0.020899
