0.000158
0.22337
0.005512
0.005251
0.005471
0.004174
0.003789
0.003798
0.00718
0.005947
0.005469
0.004733
0.00458
0.003911
0.003889
0.004808
0.003652
0.003555
0.003547
0.003367
0.003744
NaN
NaN
NaN
NaN
0.00016
0.22426
0.003988
0.005408
0.005222
0.003525
0.003802
0.004593
0.003537
0.003789
0.003963
0.005456
0.005665
0.006629
0.005417
0.003942
NaN
NaN
NaN
NaN
0.000163
0.21701
0.003683
0.003877
0.003744
0.003904
0.004393
0.006861
NaN
NaN
NaN
NaN
0.000261
0.26311
0.005439
0.004561
0.004027
0.003973
0.006803
0.006898
0.006237
0.005897
0.00512
0.00551
0.005278
0.004456
NaN
NaN
NaN
NaN
0.000153
0.20922
0.004042
0.003632
NaN
NaN
NaN
NaN
0.000207
0.26636
0.006006
0.006035
0.005489
0.006608
0.005136
0.006575
NaN
NaN
NaN
NaN
0.000152
0.22339
0.006148
0.005654
0.005441
0.004469
NaN
NaN
NaN
NaN
0.000173
0.21226
0.002817
0.002668
0.002855
0.002692
0.002793
0.002887
0.002811
0.003292
NaN
NaN
NaN
NaN
0.00016
0.20882
0.003771
0.004181
0.003531
0.003523
0.003537
0.003483
0.003478
0.003515
0.003507
0.003559
0.003688
0.003234
0.00297
0.003045
0.002919
0.002814
0.003001
NaN
NaN
NaN
NaN
0.000152
0.21333
0.006208
0.005402
0.005237
0.004118
0.004191
0.003761
0.004218
0.003694
0.003772
0.003567
0.00377
0.003705
0.003922
0.003728
0.003728
0.004134
0.003729
0.003747
0.003503
0.003711
0.003757
0.003594
0.003544
0.00361
0.003542
0.00353
0.003519
0.003557
0.00414
NaN
NaN
NaN
NaN
0.00015
0.21779
0.003364
0.003613
0.003421
0.003464
0.003318
0.003265
NaN
NaN
NaN
NaN
0.000187
0.21893
0.006505
0.005695
0.004952
0.004701
0.004202
0.005892
0.006542
0.0062
0.005504
0.004488
0.004408
0.003929
0.003839
0.004024
0.00367
0.003606
NaN
NaN
NaN
NaN
0.000169
0.21047
0.003211
0.003067
0.003555
0.003356
0.003083
0.003075
0.003048
0.003011
0.003046
0.002978
0.003016
0.003093
0.003301
0.003306
0.00318
0.002938
0.003091
0.003162
0.003195
0.002993
0.003045
0.002964
0.003319
0.003151
0.003336
0.004248
0.003047
0.003206
0.003019
0.003085
0.003975
0.00309
0.003054
0.003074
0.003067
0.003173
0.00346
0.003325
0.003404
0.003264
0.00319
0.003445
0.003309
0.003182
0.003412
0.003225
0.003318
0.00431
0.004896
NaN
NaN
NaN
NaN
0.000165
0.23646
0.003941
0.003831
0.004083
0.004331
0.003633
0.004497
0.003795
NaN
NaN
NaN
NaN
0.000265
0.29197
0.004729
0.004686
0.006889
0.004403
0.004045
NaN
NaN
NaN
NaN
0.000567
0.23316
0.003781
0.003347
0.004527
0.003933
0.003615
0.003443
NaN
NaN
NaN
NaN
0.00016
0.21835
0.003349
0.003306
0.003284
0.003243
0.003558
0.003289
0.003449
0.00344
0.003381
NaN
NaN
NaN
NaN
0.000175
0.2197
0.003495
0.003349
0.003284
0.003305
0.004364
NaN
NaN
NaN
NaN
0.000174
0.23362
0.003466
0.0044
0.00338
0.003353
0.0035
0.003557
NaN
NaN
NaN
NaN
0.000179
0.21572
0.003609
0.003544
0.0036
0.003635
0.003527
0.003509
0.003485
0.003415
0.003473
0.003678
0.003971
0.003611
0.003624
0.00377
0.006325
0.005413
0.005628
NaN
NaN
NaN
NaN
0.000167
0.23128
0.004262
0.003928
0.003992
0.004026
0.004188
0.00452
0.004196
0.003504
0.003417
NaN
NaN
NaN
NaN
0.00017
0.21307
0.00359
0.003594
0.003547
0.003588
0.003766
0.003366
0.003399
0.003443
0.003459
0.003441
0.003377
0.003429
0.003439
0.003807
0.003668
0.003438
0.003482
0.003503
NaN
NaN
NaN
NaN
0.000167
0.24254
0.003579
0.003502
0.00338
0.003405
0.003483
0.003452
0.003396
0.003453
0.003433
0.00371
0.003489
0.003893
0.003655
0.003342
NaN
NaN
NaN
NaN
0.000231
0.21218
0.003339
0.002981
0.002978
0.00301
0.003032
0.003068
0.003031
0.003131
0.00309
0.002993
0.00299
0.003032
NaN
NaN
NaN
NaN
0.000179
0.22726
0.003641
0.003379
NaN
NaN
NaN
NaN
0.000163
0.2197
0.003749
0.003459
0.003688
NaN
NaN
NaN
NaN
0.000169
0.23096
0.003957
0.003582
0.003653
0.004605
NaN
NaN
NaN
NaN
0.000156
0.2203
0.003682
0.003681
0.003328
NaN
NaN
NaN
NaN
0.000118
0.23687
0.003527
0.002544
0.002426
0.002589
0.002719
0.002716
0.00247
0.002653
0.003281
0.00261
0.00281
0.002711
NaN
NaN
NaN
NaN
0.000526
0.23664
0.002603
0.002916
0.002576
0.005235
0.002786
NaN
NaN
NaN
NaN
0.000175
0.22759
0.002779
0.002646
0.002607
0.002527
0.00273
0.00247
0.002698
0.003346
0.002674
0.002866
NaN
NaN
NaN
NaN
0.000171
0.21184
0.003586
0.003406
0.003485
0.003494
0.003445
0.003519
0.003597
0.00353
0.003392
NaN
NaN
NaN
NaN
0.000183
0.21296
0.003334
0.002312
0.002509
0.002685
0.002218
0.002287
NaN
NaN
NaN
NaN
0.000153
0.21239
0.003953
0.003926
0.00421
0.003887
0.004336
0.003889
0.004357
0.004413
0.003798
0.002983
0.002934
0.003019
0.003915
0.003622
0.003676
0.003788
0.003809
0.003666
0.006089
0.007242
0.006742
NaN
NaN
NaN
NaN
0.000163
0.21924
0.00368
0.003441
0.003624
NaN
NaN
NaN
NaN
0.000157
0.23019
0.007805
0.005782
0.005772
0.010388
0.007503
0.009449
0.009268
0.006973
0.005812
0.005871
0.004086
0.003129
0.00306
0.003107
0.006069
0.005661
0.006782
0.005916
0.005345
0.005664
0.006331
0.005985
0.006592
0.005354
0.005499
0.005517
0.006244
0.00616
0.005897
0.005133
0.005479
0.005452
0.005801
0.005054
0.005385
0.006477
0.006578
0.006704
0.007285
0.007483
0.007258
NaN
NaN
NaN
NaN
0.000259
0.46848
0.004201
0.003826
0.0034
0.003791
0.003006
0.002902
0.002878
0.003016
NaN
NaN
NaN
NaN
0.000159
0.21552
0.002399
0.002298
0.002549
0.002883
0.002645
0.002319
0.002527
0.002439
0.003012
0.002552
NaN
NaN
NaN
NaN
