0.000136
0.21577
0.003306
0.003598
0.003135
0.00333
0.003112
0.003322
0.003274
0.003353
0.003282
0.003348
0.003575
0.003584
0.003493
0.003404
0.003678
0.003378
0.003469
0.003504
0.003558
0.003628
0.003471
0.003493
0.003377
0.003651
0.003626
0.003978
0.005642
0.005496
0.004885
0.004017
0.003313
0.003257
0.003367
0.003103
0.003286
0.0033
0.003717
0.003664
0.003726
0.00367
0.003795
0.003713
0.003599
0.003643
0.003908
0.003658
0.003724
0.004558
0.003135
0.003569
0.003555
0.003918
0.003684
0.003665
0.003302
0.003646
0.003496
0.004546
0.004894
0.00674
0.007608
0.006068
0.005184
0.005393
0.005757
0.005634
0.004884
0.004389
0.004181
0.003926
0.003545
0.003404
0.003964
0.003291
0.003677
0.003428
0.003545
0.003364
0.00437
0.005761
0.005702
0.004623
0.004447
0.004226
0.003762
0.003202
0.003649
0.003654
0.003348
0.003238
0.00443
0.006151
0.005534
0.005828
0.005809
0.00398
0.003571
0.003636
0.003191
0.003285
0.003171
0.003015
0.003039
0.003084
0.00352
0.0038
0.003261
0.003866
0.0032
0.003629
0.003661
0.003534
0.00348
0.00347
0.003564
0.00368
0.003429
0.004384
0.005905
0.005567
0.00495
0.005784
0.005937
0.005258
0.005004
0.003955
0.004238
0.004683
0.00605
0.005815
0.005556
0.004746
0.004451
0.003963
0.003834
0.00346
0.00359
0.003457
0.003066
0.003171
0.003096
0.002994
0.003117
0.003258
0.003514
0.004486
0.005925
0.005098
0.00515
