0.000131
0.22288
0.005598
0.005346
0.00568
0.005299
0.005602
0.005351
0.0055
0.005598
0.005439
0.005109
0.004244
0.004571
0.004237
0.004403
0.004515
0.00449
0.004307
0.004448
0.004372
0.00429
0.004695
0.004266
0.004265
0.004538
0.004418
0.004314
0.004358
0.00428
0.004268
0.004249
0.004278
0.004512
0.004421
0.00409
0.004272
0.004235
0.004341
0.004428
0.004292
0.00447
0.004345
0.004326
0.004401
0.004515
0.004427
0.004121
0.004271
0.00514
0.00433
0.004202
0.004249
0.004183
0.004132
0.004855
0.004252
0.004325
0.004744
0.004611
0.004252
0.004384
0.004207
0.004988
0.005169
0.004506
0.004451
0.004327
0.004302
0.004363
0.00452
0.004876
0.004268
0.004396
0.004494
0.004985
0.004469
0.004504
0.0044
0.004875
0.004382
0.004378
0.004196
0.004432
0.004127
0.004245
0.004182
0.004276
0.004235
0.004409
0.004332
0.004374
0.004188
0.004891
0.00433
0.004022
0.004317
0.004267
0.004454
0.004187
0.005067
0.005135
0.004312
0.00422
0.004244
0.005201
0.004994
0.004593
0.00478
0.004815
0.004858
0.004807
0.005085
0.004825
0.004819
0.00476
0.004866
0.004762
0.005146
0.004884
0.004896
0.004812
0.005257
0.005014
0.004735
0.004851
0.004825
0.004817
0.004992
0.004811
0.00508
0.004757
0.005558
0.005076
0.005016
0.005298
0.005111
0.004878
0.005482
0.005573
0.005087
0.004928
0.005165
0.005004
0.005385
0.005093
0.004993
0.004802
0.00516
0.004843
0.004782
0.005052
0.005168
0.005091
0.005297
0.004828
0.005214
0.005322
0.004971
0.00488
0.00513
0.004929
0.004871
0.004822
0.005075
0.004972
0.005289
0.005007
0.005231
0.004983
0.004843
0.004865
0.004891
0.005014
0.005191
0.005158
0.005279
0.005429
0.005113
0.005041
0.004895
0.004995
0.005154
0.005425
0.005261
0.00567
0.005043
0.004999
0.005058
0.005138
0.005143
0.005047
0.005092
0.005436
0.005281
0.005345
0.005126
0.004954
0.005173
0.005274
0.005
0.005276
0.00512
0.004919
0.005147
0.00539
0.005141
0.005193
0.005392
0.005355
0.00539
0.005166
0.005339
0.005212
0.005534
0.004961
0.005559
0.00533
0.005126
0.005158
0.005329
0.005029
0.005606
0.005299
0.00508
0.005462
0.00531
0.004778
0.004995
0.005407
0.005475
0.005335
0.005683
0.005416
0.005805
0.005184
0.005835
0.005164
0.00554
0.004908
0.005076
0.004973
0.005082
0.005315
0.005263
0.005292
0.004954
0.005198
0.005428
0.004988
0.004948
0.004718
0.006979
0.009627
0.00769
0.006078
0.005785
0.004967
0.004981
0.005039
0.005098
0.005316
0.005489
0.005404
0.005415
0.005807
0.005484
0.005177
0.005437
0.005415
0.005495
0.00533
0.005099
0.005739
0.005516
0.005211
0.00573
0.00534
0.005789
0.0055
0.005566
0.005426
0.007599
0.010325
0.008327
0.006574
0.00598
0.004954
0.005125
0.005303
0.005413
0.005494
