0.000137
0.2239
0.006575
0.006006
0.005938
0.006088
0.006236
0.006292
0.006102
0.006155
0.006782
0.006221
0.006473
0.006298
0.006633
0.006387
0.006321
0.006241
0.006427
0.006242
0.006268
0.006327
0.00682
0.00634
0.00651
0.006344
0.006387
0.006958
0.006477
0.006323
0.006317
0.006549
0.006325
0.006423
0.006815
0.006733
0.006875
0.006319
0.00635
0.006321
0.00624
0.006987
0.007125
0.006601
0.006518
0.006465
0.006275
0.006389
0.006315
0.006213
0.00619
0.007692
0.006796
0.006362
0.006257
0.006607
0.006562
0.006327
NaN
NaN
NaN
NaN
0.00017
0.22805
0.006846
0.006261
0.006458
0.006396
0.006398
0.008045
0.007092
0.006547
0.006978
0.006478
0.006502
0.006295
0.00623
0.006323
0.006294
0.006315
0.006209
0.006429
0.00618
0.006321
0.006335
0.006918
0.00672
0.006606
0.007096
0.0134
0.013935
0.008882
0.006943
0.005976
0.006137
0.005933
0.006041
0.005974
0.006798
0.006154
0.006267
0.006068
0.006463
0.006386
0.006496
0.006467
0.006351
0.007323
0.006361
0.006887
0.006638
0.006422
0.006487
0.006299
0.006323
0.006229
0.006318
NaN
NaN
NaN
NaN
0.000164
0.23738
0.008084
0.008131
0.007405
0.00742
0.007453
0.007302
0.007352
0.007995
0.007597
0.007784
0.007838
0.007803
0.007334
0.007622
0.007423
