0.000101
0.24305
0.003479
0.003209
0.004193
0.003295
0.003219
0.003098
0.003103
0.003096
0.003176
0.003147
0.003473
0.00337
0.003473
0.003261
0.003372
0.003167
0.003517
0.003322
0.003431
0.003353
0.00327
0.003354
0.003443
0.003453
0.003373
0.003414
0.003081
0.003647
0.003073
0.00354
0.0041
0.005971
0.005736
NaN
NaN
NaN
NaN
0.000166
0.21743
0.003372
0.003027
0.003246
0.003508
0.00327
0.003167
0.003454
0.00367
0.003346
0.003303
0.003699
0.003574
0.003135
0.004512
0.005114
0.00367
0.003078
0.003034
0.003069
0.003487
0.003254
0.00334
0.0035
0.00318
0.003278
0.003438
0.003485
0.003486
0.00342
0.003361
0.003191
0.003293
0.003421
NaN
NaN
NaN
NaN
0.000149
0.22005
0.002701
0.00283
0.002687
0.003141
0.003262
0.00314
0.003314
0.002363
0.002644
0.002785
0.002913
0.002738
0.002745
0.002837
0.002705
0.002834
0.002792
0.002672
0.003267
0.002874
0.002632
0.002575
0.002674
0.00256
0.003217
0.002707
0.002637
0.002755
0.002609
0.002838
0.003441
0.003014
0.002536
0.002607
0.002813
0.002756
0.003033
0.002938
0.002571
0.002585
0.002719
0.002635
0.003546
NaN
NaN
NaN
NaN
0.000161
0.21978
0.002894
0.002753
0.003119
0.002895
0.00287
0.002644
0.002622
0.002663
0.002673
0.003272
NaN
NaN
NaN
NaN
0.000245
0.2368
0.004879
0.003678
0.003914
0.003632
0.002618
0.002909
0.002902
0.002868
0.003879
0.002844
0.002756
0.002981
0.002921
NaN
NaN
NaN
NaN
0.000176
0.23631
0.003511
0.003669
0.003378
0.003581
0.003693
0.003798
0.003657
0.00331
0.003165
0.003307
0.003199
0.003083
0.003176
0.003108
0.003225
0.003325
0.003573
0.002945
NaN
NaN
NaN
NaN
0.000159
0.2145
0.003312
0.003007
0.003045
0.003552
0.00306
0.003014
0.003617
0.003297
0.003467
0.003394
0.004205
0.005728
0.005274
0.005127
0.005129
0.004409
0.003994
0.004083
0.003826
NaN
NaN
NaN
NaN
0.000257
0.22158
0.003834
0.00365
0.003457
0.003424
0.003383
0.003349
0.003355
0.003452
0.003445
0.003555
0.00318
0.003681
0.003356
0.003521
0.003865
0.005985
0.005977
0.005955
0.004952
0.004449
0.005608
0.006292
0.005067
0.005394
0.004348
0.005522
0.005553
0.005207
0.004349
0.004104
0.003541
0.003708
0.003704
0.003153
NaN
NaN
NaN
NaN
0.000185
0.20709
0.002946
0.002557
0.002741
0.002953
0.002719
0.002821
0.002748
0.00286
0.002906
0.002879
0.003104
0.002767
NaN
NaN
NaN
NaN
0.000231
0.24443
0.004061
0.005395
0.006528
0.005538
0.004909
0.004315
0.004507
0.003808
0.003717
0.003505
0.003862
0.003396
0.00332
0.00322
0.00301
0.003235
0.003111
0.003012
0.004537
0.003363
0.003325
0.003319
0.00305
0.003057
NaN
NaN
NaN
NaN
0.000346
0.23692
0.007463
0.008659
0.005625
0.004023
0.003561
0.003422
0.008241
0.003906
0.004903
