1.1372
0.14212
0.074955
0.062124
0.084399
NaN
0.068821
0.042137
0.041587
0.041275
0.019126
0.019493
0.019316
0.017852
0.028786
0.042139
0.03099
0.017406
0.019142
0.019401
0.01962
0.043562
0.020642
0.019384
0.020982
0.018921
0.020404
0.045384
0.020239
0.019855
0.019909
0.032349
0.021194
0.044801
0.020804
0.025301
0.023959
0.023006
0.020286
0.041021
0.021457
0.01802
0.020141
0.025356
0.018752
0.038915
0.019478
0.018119
0.019514
0.028738
0.024274
0.038349
0.019208
0.031793
0.031042
0.018675
0.019268
0.047302
0.020173
0.01996
0.019845
0.017846
0.01902
0.03671
0.01898
0.017772
0.018529
0.017402
0.019067
0.040459
0.019868
0.017409
0.018527
0.018027
0.026414
0.045075
0.028603
0.023813
0.019719
0.017205
0.018715
0.038225
0.019012
0.0212
0.019064
0.017774
0.018395
0.047384
0.018936
0.017341
0.018717
0.017008
0.018931
0.047231
0.019363
0.021015
0.019412
0.02175
0.019008
0.055407
0.019927
0.018702
0.019517
0.017864
0.018194
0.038031
0.01947
0.01699
0.019963
0.018052
0.01918
0.040217
0.019325
0.021807
0.020842
0.019591
0.019475
0.037275
0.023811
0.024631
0.019655
0.017413
0.019071
0.041214
0.021417
0.019519
0.01952
0.017417
0.017937
0.038641
0.018918
