0.00014
0.22041
0.004387
0.006302
0.005605
0.005651
0.004204
0.004123
0.003768
0.003387
0.003364
0.003393
0.003075
0.003166
0.003184
0.003306
0.003448
0.003457
0.003397
0.003348
0.003166
0.003486
0.003556
0.003536
0.003497
0.003291
0.00328
0.003365
0.003237
0.003154
0.003236
0.003265
0.003314
0.003408
0.00349
0.003159
0.00351
0.003269
0.003744
0.003453
0.003403
0.003434
NaN
NaN
NaN
NaN
0.000162
0.22686
0.003448
0.003161
0.003262
0.003205
0.003301
0.003257
0.003189
0.00324
0.003285
0.003222
0.00328
0.003365
0.003708
0.003576
0.00358
0.003194
0.003276
0.003274
0.00337
0.003396
0.003304
0.00329
0.003346
0.003293
0.003267
0.003411
0.003315
0.003278
0.003284
0.003298
0.003531
0.003615
0.003495
0.003334
0.003301
0.003242
0.002977
0.003542
0.003548
0.003303
0.003944
0.004115
0.004017
0.00372
0.003833
0.00344
0.003208
0.003616
0.003704
0.004039
0.003938
0.003217
0.004687
0.006697
0.006351
0.005149
0.004988
0.004784
0.004201
0.003945
0.003861
0.003766
0.003713
0.003577
0.003527
0.003619
0.003091
0.003241
0.003432
0.003365
0.00318
0.003452
0.003543
0.003566
0.003287
0.003241
0.003604
0.003595
0.003531
0.003357
0.003309
0.003547
0.003497
0.003589
0.003784
0.003766
0.003881
0.00332
0.003999
0.004003
0.003333
0.00322
0.003834
0.003995
0.00336
0.00347
0.003454
0.003583
0.003065
0.003118
0.003176
0.003221
0.003232
0.003181
0.003203
0.003224
0.003446
0.003466
0.003437
0.00326
0.003325
0.003272
0.003412
0.004009
0.006347
0.005613
0.005941
0.004101
0.004177
0.003462
0.003475
0.003457
0.003268
0.003276
0.003475
0.003967
0.003429
0.003296
0.003305
0.003263
0.003445
0.003458
0.003316
0.003341
0.003453
0.004886
0.003409
0.003561
0.003394
0.003372
0.003289
0.003197
0.003202
0.003348
0.003195
0.003166
0.003296
0.003221
0.003265
0.003208
0.00333
0.003296
0.003206
0.003257
0.003257
0.003669
0.003336
0.003389
0.003506
0.003341
0.003488
0.003507
0.003326
0.003631
0.003283
0.004092
0.006269
0.006195
0.005446
0.004789
0.00395
0.004608
0.006214
0.005857
0.005694
0.00452
0.004665
0.004793
0.0043
0.00373
0.003723
0.003448
0.003417
0.003311
0.00469
0.00328
0.003309
0.003627
0.003503
0.003614
0.003492
0.003329
0.003911
0.006379
0.005664
0.005945
0.004278
0.004221
0.003732
0.003652
0.003597
0.00336
0.00342
0.003166
0.003121
0.003141
0.00348
0.00354
0.003422
0.003239
0.003259
0.003544
0.003622
0.003549
0.003165
0.00324
0.003426
0.003319
0.003235
0.006322
0.006188
0.005972
0.005445
0.004451
0.00409
0.004013
0.003603
0.003522
0.003296
0.003409
0.003242
0.003397
0.00312
0.003186
0.003302
0.003309
0.003198
0.003246
0.003322
0.003316
0.003331
0.003367
0.003342
0.003279
0.003695
0.003209
0.003393
0.003319
0.003249
0.004233
0.003283
0.003288
0.003366
0.00331
0.003264
0.00321
0.003088
0.00331
0.003447
0.003303
0.003515
0.003381
0.003557
0.003228
0.003677
0.003236
0.003494
0.003441
0.003259
0.003571
0.003239
0.003532
0.003292
0.004166
0.005815
0.003615
0.004656
0.004692
0.003835
0.004086
0.003847
0.00405
0.003733
0.003433
0.003421
0.003783
0.003805
0.00475
0.003441
0.00342
0.003378
0.003335
0.003343
0.003214
0.003247
0.003192
0.00326
0.003302
0.00335
0.003199
0.003568
0.003647
0.003388
0.003285
0.003313
0.003455
0.003489
0.003576
0.003318
0.003285
0.003229
0.003283
0.003372
0.00336
0.003339
0.003255
0.003539
