1.0034
0.14103
0.0704
0.055464
0.086064
0.070504
0.049289
0.060982
0.039055
0.022242
0.021791
0.020707
0.020541
0.021018
0.040683
0.020648
0.021264
0.021615
0.020955
0.022413
0.037699
0.023967
0.029184
0.022012
0.021614
0.020423
0.044813
0.024326
0.021228
0.026302
0.030053
0.02536
0.042848
0.023046
0.025136
0.034682
0.021988
0.026145
0.04311
0.022002
0.02057
0.031744
0.022695
0.021784
0.046002
0.02109
0.019349
0.023147
0.019952
0.022052
0.03553
0.020498
0.018657
0.019562
0.020737
0.022376
0.041313
0.02244
0.030225
0.019714
0.018367
0.021147
0.034263
0.024984
0.019712
0.021122
0.019
0.02168
0.037683
0.021134
0.019614
0.019962
0.019309
0.02033
0.036463
0.021076
0.019422
0.02022
0.019664
0.021404
0.034953
0.030953
0.029249
0.021989
0.020501
0.02153
0.04235
0.020345
0.02604
0.020526
0.018796
0.020282
0.048821
0.024424
0.019128
0.020108
0.020212
0.020433
0.039519
0.020596
0.027919
0.02033
0.019573
0.020038
0.040562
0.021481
0.019631
0.020156
0.019495
0.019892
0.038475
0.027772
0.020142
0.019598
0.019893
0.019371
0.041727
0.021796
0.021755
0.020837
0.020516
0.019058
0.042863
0.023537
0.021229
0.021052
0.020461
0.01974
0.040283
0.019861
0.020783
0.031885
0.02171
0.020827
0.040983
0.020014
0.020062
0.019903
0.02093
0.019703
0.034665
0.019223
0.019752
0.021372
0.019428
0.026411
0.040445
0.01907
0.020388
0.019176
0.020707
0.020687
0.040204
0.026743
0.019282
0.019618
0.019638
0.018477
0.037662
0.018192
0.023187
0.023855
0.018267
0.019969
0.03509
0.020487
0.01851
0.019237
0.020619
0.020177
0.035745
0.01871
0.018848
0.020237
0.020053
0.020307
0.035421
0.021919
0.019453
0.021426
0.018875
0.020248
0.034905
0.020368
0.019131
0.020127
0.019719
0.020262
0.035568
0.02049
0.018581
0.02323
0.019212
0.019382
0.035047
0.018947
0.017992
0.019898
0.018406
0.020162
0.036391
0.020082
0.019118
0.019521
0.019866
0.019184
0.03962
0.019253
0.019596
0.018853
0.020015
0.019357
0.040504
0.019374
0.020651
0.021009
0.020079
0.0204
0.039808
0.019374
0.018194
0.020802
0.019488
0.018144
0.031504
0.021369
0.017798
0.019439
0.017906
0.019653
0.036358
0.019941
0.020444
0.020222
0.020302
0.019322
0.03565
0.021402
0.021266
0.019746
0.019532
0.019453
0.035164
0.019879
0.019053
0.024523
0.0204
0.021744
0.035001
0.018427
0.020147
0.020888
0.024293
0.021593
0.037353
0.021025
0.020063
0.022553
0.020973
0.025183
0.042929
0.021357
0.020332
0.018746
0.019444
0.0196
0.040466
0.020757
0.020049
0.020253
0.019525
0.020137
0.043493
0.020599
0.018869
0.018937
0.019307
0.019775
0.035545
0.019867
0.019468
0.019357
0.02082
0.019778
0.037608
0.021791
0.020804
0.021014
0.020944
0.018365
0.035409
0.019659
0.020756
0.019758
0.018084
0.021604
0.035318
0.019622
0.01979
0.018475
0.021328
0.019184
0.032134
0.018751
0.01803
0.018641
0.019342
0.019933
0.033356
0.018439
0.019499
0.01914
0.019219
0.019862
0.039759
0.021916
0.022592
0.020533
0.020456
0.019431
0.035248
0.019613
0.020845
0.019881
0.021011
0.019569
0.040339
0.023187
0.019702
0.020299
0.021504
0.019511
0.036242
0.019831
0.02037
0.021711
0.023321
0.02033
0.03636
0.02052
0.021126
0.021782
0.02041
0.019758
0.036175
0.019929
0.020546
0.020871
0.019992
0.020334
