0.00015
0.23062
0.005969
0.005403
0.004925
0.004835
0.006869
0.008328
0.006127
0.005515
0.004503
0.004698
0.004664
0.004581
0.00489
0.004447
0.004358
0.004391
0.004459
0.007181
0.008271
0.005889
0.005418
0.004722
0.005646
0.004427
0.004767
0.004466
0.004448
0.004476
0.006916
0.007953
0.008031
0.008548
0.006771
0.00592
0.005785
0.004559
0.004688
0.00436
0.004419
0.004435
0.004498
0.004212
0.006792
0.008283
0.006942
0.005726
0.005171
0.004671
0.004479
0.004466
0.004467
0.004423
0.004857
0.004336
0.004315
0.004247
0.004371
0.004455
0.004305
0.004136
0.004277
0.004448
0.004401
0.004467
0.004488
0.004584
0.007195
0.008724
0.007446
0.006272
0.005657
0.004752
0.004698
0.004546
0.004564
0.004463
0.004514
0.004754
0.004461
0.004419
0.004877
0.004624
0.004504
0.004575
0.004499
0.004494
0.004519
0.004768
0.004572
0.00428
0.004804
0.004628
0.004578
0.005073
0.004329
0.004398
0.004413
0.00439
0.005304
0.004429
0.004296
0.004424
0.004793
0.004663
0.004489
0.004498
0.004622
0.004289
0.004514
0.0042
0.004114
0.004254
0.004216
0.004209
0.004188
0.004264
0.004318
0.004159
0.004219
0.00421
0.00434
0.004217
0.004601
0.004223
0.004366
0.004412
0.004471
0.00403
0.004151
0.004274
0.004392
0.003988
0.004219
0.00451
0.004488
0.004432
0.004231
0.004343
0.004292
0.004341
0.004282
0.004534
0.004587
0.004961
0.005077
0.004318
0.00432
0.004363
0.004585
0.004149
0.004133
0.004291
0.00412
0.004273
0.004575
0.004212
0.004167
0.004189
0.004563
0.004406
0.005269
0.0042
0.004293
0.004389
0.004375
0.004376
0.00443
0.005144
0.005458
0.004398
0.004577
0.004603
0.004514
0.00446
0.004501
0.004526
0.004308
0.004758
0.004605
0.004739
0.004466
0.004635
0.004496
0.004549
0.005027
0.004361
0.004547
0.005099
0.004705
0.004579
0.004193
0.004359
0.004762
0.006591
0.005835
0.005696
0.004427
0.004631
0.004072
0.003791
0.003972
0.004149
0.004069
0.004565
0.003687
0.00368
0.003906
0.004232
0.003775
0.003736
0.004397
0.00426
0.004186
0.006628
0.007598
0.006588
0.005296
0.005219
0.004483
0.004727
0.004381
0.004309
0.004575
0.004768
0.004432
0.004497
0.004456
0.004484
0.004494
0.004042
0.004305
0.004541
0.004276
0.004135
0.004319
0.004225
0.004303
0.004281
0.004271
0.005491
0.004412
0.004265
0.004502
0.004245
0.004293
0.004366
0.004356
0.004282
0.003895
0.003821
0.003695
0.003706
0.003775
0.003659
0.003575
0.00356
0.004429
0.004484
0.004726
0.004464
0.004607
0.004386
0.004759
0.004767
0.004352
0.005135
0.006651
0.007714
0.006978
0.005533
0.005122
0.007365
0.008479
0.008535
0.00856
0.007757
0.00621
0.005345
0.007335
0.00793
0.006727
0.005507
0.005012
0.004489
0.004773
0.004344
0.004329
0.004385
0.004569
0.004372
0.004485
0.004389
0.00433
0.004384
0.004329
0.004388
0.004245
0.004488
0.004219
0.004333
0.004044
0.004236
0.004313
0.00489
0.004791
0.004315
0.004999
0.004538
0.00451
0.004692
0.004502
0.004335
0.0043
0.004253
0.004422
0.004405
0.004233
0.004249
0.004174
0.004179
0.004211
0.004664
0.004148
0.004228
0.004337
0.004263
0.004464
0.004104
0.004108
0.004103
0.004839
0.004679
0.004359
0.004108
0.004214
0.004116
0.004659
0.00413
0.0043
0.004226
0.004189
0.004421
0.004114
0.004243
0.004536
0.004339
0.0051
0.004362
0.004352
0.004188
0.004962
0.004977
0.00462
0.00456
0.004338
0.00455
0.004338
0.005556
0.004715
0.004406
0.004752
0.004335
0.00429
0.004374
