0.000146
0.23692
0.011971
0.011146
0.009886
0.009877
0.009964
0.011733
0.010786
NaN
NaN
NaN
NaN
0.000186
0.24186
0.01163
0.010556
0.010419
0.010429
0.010216
NaN
NaN
NaN
NaN
0.000166
0.23964
0.011473
0.011346
0.01126
0.010338
0.009414
0.010256
0.011502
0.010561
0.009808
0.009675
NaN
NaN
NaN
NaN
0.000152
0.24145
0.01144
0.020671
0.012503
0.010324
0.009729
0.009883
0.009395
0.010085
0.009523
0.01004
0.009852
0.009537
0.009319
0.00947
0.010312
0.009673
0.011049
0.009589
0.008837
0.009814
0.009719
0.009335
0.009576
0.009488
0.009921
0.009825
0.010318
0.009415
0.009328
0.009661
0.008861
0.009399
0.009614
NaN
NaN
NaN
NaN
0.00016
0.24433
0.011984
0.011636
0.010041
0.009799
0.01021
0.010465
0.010331
0.011056
0.010842
0.011013
0.011147
0.010234
0.010035
0.009933
0.010014
0.009068
NaN
NaN
NaN
NaN
0.000159
0.22734
0.011271
0.010532
0.011068
0.010105
0.009672
0.009224
0.009651
0.010531
0.011585
0.009605
0.01003
0.01041
0.010288
0.010265
0.009978
0.009904
0.009806
NaN
NaN
NaN
NaN
0.000182
0.2499
0.01202
0.010068
0.010012
0.009908
0.010516
0.010613
0.009718
0.010414
0.010576
0.010688
NaN
NaN
NaN
NaN
0.000158
0.25363
0.01116
0.010853
NaN
NaN
NaN
NaN
0.000177
0.24781
0.012197
0.009467
0.009888
0.009633
0.010266
0.010259
0.009376
0.009982
NaN
NaN
NaN
NaN
0.000165
0.2432
0.011886
0.009796
0.009398
0.009814
0.008927
0.009845
0.009693
0.010246
0.010245
NaN
NaN
NaN
NaN
0.00018
0.24168
0.011362
0.009007
0.00963
0.009714
0.009848
0.009951
0.009662
0.009797
0.009858
0.009709
0.010039
0.00935
0.00967
0.008983
0.009524
0.009732
0.009356
0.009576
0.009342
0.009785
0.009922
0.009493
0.009552
0.00986
0.009602
0.008803
0.009506
0.009722
0.00956
0.010356
0.009866
0.009621
0.009645
0.011114
0.00958
0.010402
0.009418
0.009467
0.009391
0.009556
0.009752
0.009744
0.010329
0.0115
0.009987
0.010301
0.00962
0.009644
0.009448
0.008618
0.009725
0.009629
0.009709
0.010313
0.009754
0.00974
0.009534
0.009184
0.009448
0.009646
0.009655
NaN
NaN
NaN
NaN
0.00016
0.24311
0.011395
0.010248
0.01044
0.010039
0.009897
0.010068
0.009195
0.0101
0.010963
0.009876
0.010169
0.009924
0.010089
NaN
NaN
NaN
NaN
0.000191
0.23819
0.011209
0.011142
0.010259
0.010426
NaN
NaN
NaN
NaN
0.000215
0.26012
0.014422
0.009725
0.011402
0.02162
0.012169
0.010996
NaN
NaN
NaN
NaN
0.000293
0.25113
0.013827
0.022397
0.019367
0.012003
NaN
NaN
NaN
NaN
0.000351
0.26552
0.018096
0.016449
0.011518
0.009963
0.011022
0.012633
0.021656
0.011473
0.010783
0.011781
0.020669
0.012788
0.021943
NaN
NaN
NaN
NaN
0.000144
0.25554
0.01385
0.018154
0.012391
0.013011
0.012464
0.011114
0.0119
0.01057
0.010077
0.011015
0.010839
0.010864
0.010737
0.01018
0.011006
0.011246
0.010921
0.011208
0.010266
0.010682
0.010916
0.010194
0.010216
0.011151
0.011363
0.013225
0.011709
0.011875
0.011845
0.011173
0.010459
0.013533
0.010014
0.010119
0.010944
0.011412
0.019783
0.012174
0.009978
0.010358
0.01191
0.012583
0.010788
0.009956
0.01107
0.01008
0.009506
0.01074
0.011662
0.021858
0.011932
0.010077
0.01223
0.010813
0.011125
0.011985
0.009538
0.011582
0.020025
0.012645
0.010846
0.01024
0.010653
0.024009
NaN
NaN
NaN
NaN
0.000161
0.25243
0.013704
0.010923
0.011814
0.010575
0.010403
0.012604
0.010994
NaN
NaN
NaN
NaN
4e-05
0.23756
0.011254
