1.0881
0.14232
0.072435
0.057081
0.090333
0.072116
0.046653
0.047847
0.043692
0.020364
0.018979
0.01675
0.018408
0.017828
0.046966
0.024662
0.017729
0.018382
0.019614
0.027559
0.047987
0.019378
0.028198
0.018957
0.019125
0.017743
0.039101
0.018374
0.021025
0.018537
0.028061
0.026758
0.042659
0.020269
0.025328
0.02124
0.020197
0.0196
0.037566
0.022013
0.018469
0.034442
0.020733
0.019866
0.047753
0.019913
0.028442
0.024181
0.019461
0.0216
0.039843
0.018306
0.019332
0.02896
0.021962
0.027671
0.042946
0.020637
0.021302
0.020687
0.019636
0.019531
0.038593
0.020376
0.020504
0.020949
0.019497
0.020906
0.042602
0.022384
0.024172
0.020274
0.019532
0.019221
0.039655
0.019598
0.025641
0.025096
0.019911
0.019346
0.052277
0.026783
0.024571
0.018617
0.018091
0.018604
0.03942
0.018282
0.022648
0.017876
0.029843
0.017993
0.043707
0.019013
0.018166
0.023648
0.024079
0.018915
0.036958
0.019039
0.022268
0.024148
0.017726
0.018765
0.042299
0.018106
0.018803
0.020505
0.020049
0.020118
0.051959
0.018352
0.020102
0.019064
0.019894
0.018836
0.043491
0.021511
0.019837
0.020703
0.017132
0.019128
0.044489
0.025049
0.023709
0.017853
0.017993
0.018542
0.041179
0.019297
0.019018
0.019228
0.019677
0.020063
0.042044
0.018174
0.027113
0.018155
0.019103
0.022931
0.035806
0.017542
0.018206
0.018157
0.016766
0.018858
0.036142
0.018662
0.0258
0.01794
0.018257
0.019695
0.036174
0.029509
0.016545
0.017569
