1.3505
0.15168
0.085841
0.065577
0.084816
0.070702
0.048798
0.045085
0.051368
0.022147
0.020465
0.01918
0.027595
0.019601
0.045775
0.023601
0.018383
0.02041
0.019741
0.023901
0.051087
0.020677
0.021475
0.020108
0.019412
0.019122
0.040678
0.03069
0.025355
0.019122
0.030435
0.023714
0.048864
0.033116
0.038783
0.021126
0.019498
0.019566
0.041
0.017938
0.025763
0.031859
0.018095
0.019249
0.05239
0.0245
0.019682
0.019583
0.017658
0.018485
0.04525
0.024221
0.023655
0.020432
0.019602
0.021111
0.057284
0.020989
0.028143
0.019027
0.01826
0.019963
0.04101
0.019358
0.017876
0.018621
0.019425
0.020853
0.052379
0.019351
0.019893
0.018912
0.019053
0.018902
0.039906
0.017763
0.029752
0.023265
0.018168
0.018037
0.043812
0.022061
0.019012
0.022055
0.018003
0.033638
0.04252
0.018253
0.018593
0.030825
0.01848
0.018547
0.042474
0.020768
0.02035
0.028772
0.021398
0.019211
0.044852
0.018447
0.018278
0.019162
0.01887
0.018546
0.042886
0.017928
0.018287
0.017368
0.017791
0.018782
0.044012
0.022033
0.017452
0.030443
0.017664
0.020381
0.040449
0.01974
0.019387
0.018665
0.019586
0.018857
0.044385
0.018392
0.018467
0.02256
0.022428
0.019223
0.040258
0.018529
0.018586
0.019568
0.030606
0.017835
0.041195
0.018524
0.020194
0.018374
0.029464
0.018871
0.039823
0.018568
0.017945
0.018919
0.018353
0.01897
0.041527
0.018403
0.018955
0.019144
0.019641
0.018037
0.042239
0.018359
0.018821
0.01916
0.017479
0.018652
0.042038
0.018296
0.019311
0.018027
0.018869
0.019159
0.041597
0.018123
0.018494
0.017997
0.022191
0.024694
0.041525
0.020245
0.017953
0.017961
0.017968
0.017792
0.040435
0.017438
0.019214
0.018564
0.017326
0.018205
0.040548
0.018319
0.017047
0.018094
0.022754
0.017477
0.040093
0.031243
0.018517
0.018982
0.018634
0.017461
0.040295
0.017141
0.017702
0.017501
0.018296
0.017336
0.042434
0.018718
0.01994
0.028741
0.01827
0.017666
0.049278
0.018628
0.01769
0.017767
0.019076
0.019063
0.045346
0.024043
0.018473
0.017836
0.024207
0.018217
0.042717
0.017252
0.025173
0.024964
0.018444
0.01712
0.046425
0.018574
0.023023
0.017461
0.01815
0.017264
0.041175
0.029671
0.024662
0.017332
0.017271
0.024408
0.04466
0.018773
0.022933
0.019778
0.018785
0.022668
0.042793
0.030124
0.017825
0.017163
0.018263
0.030086
0.039825
0.017044
0.030873
0.016436
0.019883
0.025419
0.04738
0.017026
0.022162
0.017552
0.017422
0.024892
0.037112
0.020782
0.019585
0.019966
0.031296
0.018478
0.04357
0.016975
0.018287
0.018856
0.017326
0.026363
0.040075
0.01672
0.031375
0.017725
0.017406
0.02428
0.046689
0.026558
0.025282
0.019873
0.019862
0.018906
0.05099
0.020236
0.019966
0.019641
0.018735
0.030206
0.047772
0.019418
0.019447
0.019198
0.019292
0.021644
0.046174
0.020178
0.031679
0.019791
0.019568
0.018397
0.042965
0.018346
0.017918
0.018082
0.017676
0.018325
0.042129
0.017863
0.018574
0.024631
0.031209
0.016734
0.038588
0.02506
0.021395
0.015965
0.016951
0.017903
0.036874
0.025278
0.028259
0.016069
0.018448
0.024196
0.039711
0.017322
0.016978
0.017351
0.024656
0.017122
0.040376
0.017448
0.018916
0.018809
0.028194
0.018848
0.040001
0.018874
0.020131
0.018301
0.017511
0.018535
0.047083
0.017432
0.017819
0.016511
0.018706
0.018173
0.038429
0.017129
0.017346
0.017748
0.016738
0.022611
0.038616
0.016837
0.029307
0.016958
0.016538
0.018068
0.044421
0.016181
0.024238
0.025075
0.017
0.017808
0.05047
0.024092
0.016144
0.01842
0.026506
0.017038
0.044322
0.01757
0.016996
0.017058
0.017721
0.03073
0.039197
0.016438
0.017145
0.017525
0.018743
0.017043
0.039606
0.017593
0.032656
0.017038
0.017696
0.019706
0.041327
0.017093
0.017566
0.017364
0.015889
0.022245
0.039646
0.017206
0.017569
0.016866
0.020186
0.017867
0.040634
0.018599
0.019264
0.019454
0.019414
0.019136
0.047786
0.01951
0.019115
0.019528
0.024859
0.018458
0.046722
0.018064
0.018978
0.020439
0.019275
0.019369
0.045233
0.01697
0.01753
0.017004
0.016236
0.017942
0.039888
0.018278
0.019596
0.017377
0.018283
0.024972
0.039738
0.022569
0.017582
0.030904
0.017015
0.0173
0.040499
0.029138
0.017793
0.016605
0.018286
0.025055
0.049602
0.031238
0.016759
0.025309
0.023807
0.016524
0.046098
0.016576
0.017561
0.025731
0.024364
0.016926
0.043505
0.026285
0.017306
0.029885
0.024438
0.016408
0.039794
0.017408
0.025245
0.023788
0.017723
0.016431
0.050715
0.016833
0.021425
0.023797
0.017059
0.018038
0.043418
0.020554
0.017363
0.016998
0.016596
0.017708
0.040219
0.017569
0.017469
0.017313
0.019446
0.017758
0.03947
0.022958
0.016512
0.017423
0.016927
0.016791
0.038669
0.018654
0.033341
0.018122
0.03072
0.017496
0.040434
0.019932
0.019071
0.023901
0.017815
0.018318
0.041777
0.019487
0.026372
0.024272
0.018567
0.028351
0.050128
0.0163
0.016559
0.03008
0.017249
0.018394
0.051663
0.019183
0.018367
0.020338
0.019521
0.019734
0.046712
0.018664
0.023139
0.028021
0.019873
0.019531
0.047573
0.026798
0.019734
0.020048
0.019376
0.025074
0.038772
0.017921
0.039438
0.017889
0.016987
0.030002
0.038562
0.018939
0.024463
0.019658
0.019595
0.019376
0.04657
0.01942
0.019312
0.019602
0.019418
0.018459
0.049387
0.018959
0.019281
0.019607
0.019181
0.019837
0.047002
0.018401
0.028323
0.019208
0.019425
0.018654
0.052167
