1.3033
0.16489
0.09522
0.076163
NaN
0.10757
NaN
0.088006
0.05808
NaN
0.056135
0.061502
0.030909
0.029887
0.040578
0.026407
0.034677
0.054504
0.028247
0.02589
0.027757
0.033285
0.027403
0.05639
0.028442
0.028216
0.029182
0.027305
0.02767
0.060902
0.029236
0.030108
0.046521
0.034677
0.037193
0.060756
NaN
0.035188
0.048118
0.034577
0.042724
0.028888
0.054204
0.028668
0.027903
0.029555
0.029421
0.0357
0.053274
0.032832
0.035055
0.027707
0.027212
0.02875
0.055988
0.039068
0.032381
0.029055
0.034441
0.034625
0.053845
0.031235
0.027829
0.031844
0.028074
0.03228
0.051617
0.031565
0.027336
0.03354
0.036871
0.026436
0.055574
0.031837
0.028435
0.027486
