1.0922,1.0137,1.0216,0,0,0,0,0,0,0,0,0,0,0,0
0.13181,0.1348,0.1341,0,0,0,0,0,0,0,0,0,0,0,0
0.066275,0.070509,0.06884,0,0,0,0,0,0,0,0,0,0,0,0
0.052668,0.056795,0.068372,0,0,0,0,0,0,0,0,0,0,0,0
0.087215,0.094241,0.088643,0,0,0,0,0,0,0,0,0,0,0,0
0.072508,0.071312,0.065289,0,0,0,0,0,0,0,0,0,0,0,0
0.038662,0.036263,0.037656,0,0,0,0,0,0,0,0,0,0,0,0
0.056604,0.035024,0.040901,0,0,0,0,0,0,0,0,0,0,0,0
0.047492,0.03429,0.034963,0,0,0,0,0,0,0,0,0,0,0,0
0.019425,0.016349,0.016157,0,0,0,0,0,0,0,0,0,0,0,0
0.016868,0.015938,0.015319,0,0,0,0,0,0,0,0,0,0,0,0
0.01697,0.015817,0.015941,0,0,0,0,0,0,0,0,0,0,0,0
NaN,NaN,NaN,0,0,0,0,0,0,0,0,0,0,0,0
NaN,NaN,NaN,0,0,0,0,0,0,0,0,0,0,0,0
NaN,NaN,NaN,0,0,0,0,0,0,0,0,0,0,0,0
NaN,NaN,NaN,0,0,0,0,0,0,0,0,0,0,0,0
1.2665,1.1217,1.1468,0,0,0,0,0,0,0,0,0,0,0,0
0.1421,0.13438,0.15393,0,0,0,0,0,0,0,0,0,0,0,0
0.069418,0.070574,0.073967,0,0,0,0,0,0,0,0,0,0,0,0
0.061779,0.057392,0.063013,0,0,0,0,0,0,0,0,0,0,0,0
0.08784,0.080509,0.083428,0,0,0,0,0,0,0,0,0,0,0,0
0.063401,0.069681,0.066888,0,0,0,0,0,0,0,0,0,0,0,0
0.041014,0.041459,0.045591,0,0,0,0,0,0,0,0,0,0,0,0
0.03993,0.03837,0.036019,0,0,0,0,0,0,0,0,0,0,0,0
0.054441,0.04922,0.037805,0,0,0,0,0,0,0,0,0,0,0,0
0.01845,0.016927,0.024863,0,0,0,0,0,0,0,0,0,0,0,0
0.017113,0.016149,0.03212,0,0,0,0,0,0,0,0,0,0,0,0
0.02151,0.016175,0.017598,0,0,0,0,0,0,0,0,0,0,0,0
0.024084,0.016598,0.017948,0,0,0,0,0,0,0,0,0,0,0,0
0.01782,0.016523,0.016704,0,0,0,0,0,0,0,0,0,0,0,0
0.035812,0.038393,0.039878,0,0,0,0,0,0,0,0,0,0,0,0
0.016725,0.016283,0.017007,0,0,0,0,0,0,0,0,0,0,0,0
0.016082,0.016308,0.029336,0,0,0,0,0,0,0,0,0,0,0,0
0.046458,0.01779,0.021443,0,0,0,0,0,0,0,0,0,0,0,0
0.026824,0.017297,0.016962,0,0,0,0,0,0,0,0,0,0,0,0
0.016211,0.018131,0.017514,0,0,0,0,0,0,0,0,0,0,0,0
0.034456,0.040894,0.03758,0,0,0,0,0,0,0,0,0,0,0,0
0.016298,0.017525,0.016708,0,0,0,0,0,0,0,0,0,0,0,0
0.016037,0.017319,0.022307,0,0,0,0,0,0,0,0,0,0,0,0
0.016635,0.017991,0.024158,0,0,0,0,0,0,0,0,0,0,0,0
0.033674,0.017183,0.018527,0,0,0,0,0,0,0,0,0,0,0,0
0.016702,0.018309,0.017145,0,0,0,0,0,0,0,0,0,0,0,0
0.035285,0.036838,0.035347,0,0,0,0,0,0,0,0,0,0,0,0
0.017727,0.016322,0.018843,0,0,0,0,0,0,0,0,0,0,0,0
0.016568,0.017755,0.016243,0,0,0,0,0,0,0,0,0,0,0,0
0.023764,0.017808,0.038733,0,0,0,0,0,0,0,0,0,0,0,0
0.026409,0.026088,0.027044,0,0,0,0,0,0,0,0,0,0,0,0
0.034682,0.023973,0.03363,0,0,0,0,0,0,0,0,0,0,0,0
0.040602,0.057932,0.040519,0,0,0,0,0,0,0,0,0,0,0,0
0.019694,0.018966,0.018738,0,0,0,0,0,0,0,0,0,0,0,0
0.02135,0.027952,0.025957,0,0,0,0,0,0,0,0,0,0,0,0
0.020635,0.024173,0.019459,0,0,0,0,0,0,0,0,0,0,0,0
0.016727,0.015548,0.029276,0,0,0,0,0,0,0,0,0,0,0,0
0.016348,0.016276,0.016018,0,0,0,0,0,0,0,0,0,0,0,0
0.034312,0.040541,0.038767,0,0,0,0,0,0,0,0,0,0,0,0
0.017449,0.017957,0.017184,0,0,0,0,0,0,0,0,0,0,0,0
0.01844,0.016608,0.026108,0,0,0,0,0,0,0,0,0,0,0,0
0.026206,0.025377,0.016098,0,0,0,0,0,0,0,0,0,0,0,0
0.032449,0.016736,0.016377,0,0,0,0,0,0,0,0,0,0,0,0
0.018139,0.019307,0.02773,0,0,0,0,0,0,0,0,0,0,0,0
0.038966,0.04896,0.038912,0,0,0,0,0,0,0,0,0,0,0,0
0.031333,0.017831,0.019059,0,0,0,0,0,0,0,0,0,0,0,0
0.017214,0.01625,0.016383,0,0,0,0,0,0,0,0,0,0,0,0
0.033927,0.015956,0.018501,0,0,0,0,0,0,0,0,0,0,0,0
0.019278,0.016091,0.016577,0,0,0,0,0,0,0,0,0,0,0,0
0.01599,0.017412,0.018518,0,0,0,0,0,0,0,0,0,0,0,0
0.035298,0.036857,0.03593,0,0,0,0,0,0,0,0,0,0,0,0
0.015979,0.017025,0.017762,0,0,0,0,0,0,0,0,0,0,0,0
0.019065,0.018988,0.018495,0,0,0,0,0,0,0,0,0,0,0,0
0.016306,0.025504,0.030042,0,0,0,0,0,0,0,0,0,0,0,0
0.017627,0.024374,0.024624,0,0,0,0,0,0,0,0,0,0,0,0
0.016614,0.017075,0.018345,0,0,0,0,0,0,0,0,0,0,0,0
0.043164,0.04429,0.043847,0,0,0,0,0,0,0,0,0,0,0,0
0.025435,0.024243,0.024503,0,0,0,0,0,0,0,0,0,0,0,0
0.017732,0.017297,0.025269,0,0,0,0,0,0,0,0,0,0,0,0
0.018236,0.017257,0.018308,0,0,0,0,0,0,0,0,0,0,0,0
0.01595,0.020164,0.028455,0,0,0,0,0,0,0,0,0,0,0,0
0.016051,0.016948,0.015996,0,0,0,0,0,0,0,0,0,0,0,0
0.040957,0.047112,0.036464,0,0,0,0,0,0,0,0,0,0,0,0
0.022549,0.017514,0.016817,0,0,0,0,0,0,0,0,0,0,0,0
0.023898,0.018064,0.016957,0,0,0,0,0,0,0,0,0,0,0,0
0.024227,0.018244,0.016553,0,0,0,0,0,0,0,0,0,0,0,0
0.015764,0.018108,0.016994,0,0,0,0,0,0,0,0,0,0,0,0
0.015532,0.018236,0.017196,0,0,0,0,0,0,0,0,0,0,0,0
0.032108,0.038385,0.03904,0,0,0,0,0,0,0,0,0,0,0,0
0.016995,0.016905,0.017396,0,0,0,0,0,0,0,0,0,0,0,0
0.037061,0.015765,0.017762,0,0,0,0,0,0,0,0,0,0,0,0
0.019347,0.019541,0.019391,0,0,0,0,0,0,0,0,0,0,0,0
0.019447,0.024569,0.020157,0,0,0,0,0,0,0,0,0,0,0,0
0.016863,0.036084,0.019017,0,0,0,0,0,0,0,0,0,0,0,0
0.040529,0.036288,0.039243,0,0,0,0,0,0,0,0,0,0,0,0
0.017229,0.017369,0.017173,0,0,0,0,0,0,0,0,0,0,0,0
0.027675,0.016927,0.016612,0,0,0,0,0,0,0,0,0,0,0,0
0.018825,0.017908,0.017525,0,0,0,0,0,0,0,0,0,0,0,0
0.017533,0.018234,0.01603,0,0,0,0,0,0,0,0,0,0,0,0
0.017697,0.017067,0.019003,0,0,0,0,0,0,0,0,0,0,0,0
0.041435,0.045447,0.037895,0,0,0,0,0,0,0,0,0,0,0,0
0.016686,0.01975,0.018,0,0,0,0,0,0,0,0,0,0,0,0
0.01755,0.016581,0.016564,0,0,0,0,0,0,0,0,0,0,0,0
0.017566,0.025083,0.029889,0,0,0,0,0,0,0,0,0,0,0,0
0.017892,0.016634,0.016244,0,0,0,0,0,0,0,0,0,0,0,0
0.017912,0.017203,0.021304,0,0,0,0,0,0,0,0,0,0,0,0
0.046734,0.041227,0.047713,0,0,0,0,0,0,0,0,0,0,0,0
0.0237,0.016189,0.017063,0,0,0,0,0,0,0,0,0,0,0,0
0.01821,0.015973,0.030926,0,0,0,0,0,0,0,0,0,0,0,0
0.015801,0.015643,0.015872,0,0,0,0,0,0,0,0,0,0,0,0
0.016047,0.015571,0.018589,0,0,0,0,0,0,0,0,0,0,0,0
0.01768,0.015805,0.027358,0,0,0,0,0,0,0,0,0,0,0,0
0.040824,0.038705,0.036602,0,0,0,0,0,0,0,0,0,0,0,0
0.015381,0.015593,0.018576,0,0,0,0,0,0,0,0,0,0,0,0
0.018667,0.015937,0.017331,0,0,0,0,0,0,0,0,0,0,0,0
0.025265,0.015929,0.018271,0,0,0,0,0,0,0,0,0,0,0,0
0.01578,0.016811,0.01767,0,0,0,0,0,0,0,0,0,0,0,0
0.016831,0.018347,0.024375,0,0,0,0,0,0,0,0,0,0,0,0
0.033478,0.039333,0.039184,0,0,0,0,0,0,0,0,0,0,0,0
0.019483,0.034039,0.017242,0,0,0,0,0,0,0,0,0,0,0,0
0.025649,0.017108,0.022186,0,0,0,0,0,0,0,0,0,0,0,0
0.016135,0.022409,0.016237,0,0,0,0,0,0,0,0,0,0,0,0
0.016443,0.016577,0.016906,0,0,0,0,0,0,0,0,0,0,0,0
0.026062,0.018268,0.02167,0,0,0,0,0,0,0,0,0,0,0,0
0.03613,0.033789,0.037836,0,0,0,0,0,0,0,0,0,0,0,0
0.016476,0.01666,0.017572,0,0,0,0,0,0,0,0,0,0,0,0
0.016426,0.016562,0.019579,0,0,0,0,0,0,0,0,0,0,0,0
0.017125,0.017474,0.02711,0,0,0,0,0,0,0,0,0,0,0,0
0.023533,0.016263,0.016275,0,0,0,0,0,0,0,0,0,0,0,0
0.015085,0.015839,0.018926,0,0,0,0,0,0,0,0,0,0,0,0
0.032617,0.034115,0.036985,0,0,0,0,0,0,0,0,0,0,0,0
0.015172,0.016517,0.015676,0,0,0,0,0,0,0,0,0,0,0,0
0.018858,0.017811,0.019791,0,0,0,0,0,0,0,0,0,0,0,0
0.018709,0.020645,0.018557,0,0,0,0,0,0,0,0,0,0,0,0
0.016335,0.023443,0.018578,0,0,0,0,0,0,0,0,0,0,0,0
0.016684,0.016102,0.018321,0,0,0,0,0,0,0,0,0,0,0,0
0.035244,0.035636,0.037768,0,0,0,0,0,0,0,0,0,0,0,0
0.01831,0.015968,0.017686,0,0,0,0,0,0,0,0,0,0,0,0
0.016676,0.025956,0.016539,0,0,0,0,0,0,0,0,0,0,0,0
0.027831,0.027904,0.019034,0,0,0,0,0,0,0,0,0,0,0,0
0.024503,0.016232,0.024424,0,0,0,0,0,0,0,0,0,0,0,0
0.016925,0.016681,0.017101,0,0,0,0,0,0,0,0,0,0,0,0
0.034919,0.038971,0.043649,0,0,0,0,0,0,0,0,0,0,0,0
0.017716,0.026368,0.01707,0,0,0,0,0,0,0,0,0,0,0,0
0.01656,0.015556,0.016645,0,0,0,0,0,0,0,0,0,0,0,0
0.01664,0.021009,0.018466,0,0,0,0,0,0,0,0,0,0,0,0
0.028677,0.01594,0.016778,0,0,0,0,0,0,0,0,0,0,0,0
0.017871,0.033149,0.028949,0,0,0,0,0,0,0,0,0,0,0,0
0.057258,0.037828,0.040919,0,0,0,0,0,0,0,0,0,0,0,0
0.015683,0.017292,0.016813,0,0,0,0,0,0,0,0,0,0,0,0
0.01561,0.016533,0.018044,0,0,0,0,0,0,0,0,0,0,0,0
0.015828,0.015624,0.020425,0,0,0,0,0,0,0,0,0,0,0,0
0.025056,0.016069,0.018363,0,0,0,0,0,0,0,0,0,0,0,0
0.022247,0.015589,0.018616,0,0,0,0,0,0,0,0,0,0,0,0
0.03603,0.03663,0.040068,0,0,0,0,0,0,0,0,0,0,0,0
0.016649,0.015956,0.019361,0,0,0,0,0,0,0,0,0,0,0,0
0.016401,0.016048,0.01724,0,0,0,0,0,0,0,0,0,0,0,0
0.015891,0.016696,0.017989,0,0,0,0,0,0,0,0,0,0,0,0
0.01705,0.015734,0.016198,0,0,0,0,0,0,0,0,0,0,0,0
0.016399,0.015614,0.018346,0,0,0,0,0,0,0,0,0,0,0,0
0.04034,0.040547,0.040255,0,0,0,0,0,0,0,0,0,0,0,0
0.017984,0.016838,0.026355,0,0,0,0,0,0,0,0,0,0,0,0
0.01674,0.017331,0.016364,0,0,0,0,0,0,0,0,0,0,0,0
0.016885,0.01595,0.017166,0,0,0,0,0,0,0,0,0,0,0,0
0.017803,0.024895,0.016434,0,0,0,0,0,0,0,0,0,0,0,0
0.015782,0.017073,0.016772,0,0,0,0,0,0,0,0,0,0,0,0
0.033168,0.037024,0.036197,0,0,0,0,0,0,0,0,0,0,0,0
0.038102,0.018474,0.016511,0,0,0,0,0,0,0,0,0,0,0,0
0.025077,0.016008,0.017714,0,0,0,0,0,0,0,0,0,0,0,0
0.016992,0.016135,0.016012,0,0,0,0,0,0,0,0,0,0,0,0
0.017159,0.016065,0.018941,0,0,0,0,0,0,0,0,0,0,0,0
0.032239,0.017851,0.019034,0,0,0,0,0,0,0,0,0,0,0,0
0.04129,0.041566,0.038595,0,0,0,0,0,0,0,0,0,0,0,0
0.018166,0.018598,0.033472,0,0,0,0,0,0,0,0,0,0,0,0
0.017425,0.017538,0.01668,0,0,0,0,0,0,0,0,0,0,0,0
0.024271,0.015917,0.017539,0,0,0,0,0,0,0,0,0,0,0,0
0.016838,0.015996,0.015833,0,0,0,0,0,0,0,0,0,0,0,0
0.016387,0.01564,0.017281,0,0,0,0,0,0,0,0,0,0,0,0
0.039975,0.034606,0.035271,0,0,0,0,0,0,0,0,0,0,0,0
0.02466,0.015881,0.016756,0,0,0,0,0,0,0,0,0,0,0,0
0.048892,0.015729,0.026969,0,0,0,0,0,0,0,0,0,0,0,0
0.017118,0.015664,0.017306,0,0,0,0,0,0,0,0,0,0,0,0
0.016281,0.016085,0.017643,0,0,0,0,0,0,0,0,0,0,0,0
0.016095,0.016065,0.017249,0,0,0,0,0,0,0,0,0,0,0,0
0.040198,0.033393,0.036227,0,0,0,0,0,0,0,0,0,0,0,0
0.031879,0.016745,0.015958,0,0,0,0,0,0,0,0,0,0,0,0
0.025389,0.017226,0.017608,0,0,0,0,0,0,0,0,0,0,0,0
0.031325,0.019558,0.020328,0,0,0,0,0,0,0,0,0,0,0,0
0.015918,0.015888,0.01753,0,0,0,0,0,0,0,0,0,0,0,0
0.016774,0.017269,0.023372,0,0,0,0,0,0,0,0,0,0,0,0
0.037366,0.037883,0.039234,0,0,0,0,0,0,0,0,0,0,0,0
0.020014,0.015605,0.016795,0,0,0,0,0,0,0,0,0,0,0,0
0.015286,0.018914,0.018426,0,0,0,0,0,0,0,0,0,0,0,0
0.026864,0.021476,0.017233,0,0,0,0,0,0,0,0,0,0,0,0
0.025274,0.015979,0.019026,0,0,0,0,0,0,0,0,0,0,0,0
0.018728,0.01609,0.01872,0,0,0,0,0,0,0,0,0,0,0,0
0.040306,0.036858,0.040355,0,0,0,0,0,0,0,0,0,0,0,0
0.016618,0.016904,0.019122,0,0,0,0,0,0,0,0,0,0,0,0
0.01664,0.015176,0.018694,0,0,0,0,0,0,0,0,0,0,0,0
0.031428,0.015449,0.025431,0,0,0,0,0,0,0,0,0,0,0,0
0.017519,0.015531,0.022181,0,0,0,0,0,0,0,0,0,0,0,0
0.018207,0.026287,0.02014,0,0,0,0,0,0,0,0,0,0,0,0
0.046171,0.037975,0.038934,0,0,0,0,0,0,0,0,0,0,0,0
0.017161,0.017045,0.016575,0,0,0,0,0,0,0,0,0,0,0,0
0.017446,0.016725,0.023157,0,0,0,0,0,0,0,0,0,0,0,0
0.0187,0.015457,0.0241,0,0,0,0,0,0,0,0,0,0,0,0
0.016534,0.015794,0.022322,0,0,0,0,0,0,0,0,0,0,0,0
0.025015,0.015874,0.017827,0,0,0,0,0,0,0,0,0,0,0,0
0.040452,0.038641,0.041998,0,0,0,0,0,0,0,0,0,0,0,0
0.019947,0.016106,0.017367,0,0,0,0,0,0,0,0,0,0,0,0
0.023974,0.015495,0.017181,0,0,0,0,0,0,0,0,0,0,0,0
0.015631,0.027148,0.028105,0,0,0,0,0,0,0,0,0,0,0,0
0.01704,0.029798,0.018782,0,0,0,0,0,0,0,0,0,0,0,0
0.016485,0.016075,0.027069,0,0,0,0,0,0,0,0,0,0,0,0
0.036128,0.037687,0.036915,0,0,0,0,0,0,0,0,0,0,0,0
0.026625,0.026017,0.018415,0,0,0,0,0,0,0,0,0,0,0,0
0.035238,0.015909,0.021003,0,0,0,0,0,0,0,0,0,0,0,0
0.01725,0.015592,0.016079,0,0,0,0,0,0,0,0,0,0,0,0
0.018879,0.028465,0.017408,0,0,0,0,0,0,0,0,0,0,0,0
0.017499,0.015135,0.016059,0,0,0,0,0,0,0,0,0,0,0,0
0.04047,0.046502,0.040151,0,0,0,0,0,0,0,0,0,0,0,0
0.016529,0.016038,0.018927,0,0,0,0,0,0,0,0,0,0,0,0
0.017419,0.019471,0.029641,0,0,0,0,0,0,0,0,0,0,0,0
0.015807,0.015529,0.016667,0,0,0,0,0,0,0,0,0,0,0,0
0.01649,0.015624,0.016187,0,0,0,0,0,0,0,0,0,0,0,0
0.015825,0.015703,0.016261,0,0,0,0,0,0,0,0,0,0,0,0
0.041513,0.039239,0.036041,0,0,0,0,0,0,0,0,0,0,0,0
0.016498,0.023431,0.023579,0,0,0,0,0,0,0,0,0,0,0,0
0.017319,0.036544,0.02482,0,0,0,0,0,0,0,0,0,0,0,0
0.01641,0.016627,0.025078,0,0,0,0,0,0,0,0,0,0,0,0
0.015478,0.017605,0.015871,0,0,0,0,0,0,0,0,0,0,0,0
0.015935,0.015982,0.016779,0,0,0,0,0,0,0,0,0,0,0,0
0.034167,0.035111,0.036993,0,0,0,0,0,0,0,0,0,0,0,0
0.0162,0.024609,0.015681,0,0,0,0,0,0,0,0,0,0,0,0
0.015962,0.024002,0.017314,0,0,0,0,0,0,0,0,0,0,0,0
0.015861,0.017438,0.016842,0,0,0,0,0,0,0,0,0,0,0,0
0.016369,0.01678,0.017458,0,0,0,0,0,0,0,0,0,0,0,0
0.016324,0.016906,0.016973,0,0,0,0,0,0,0,0,0,0,0,0
0.040637,0.033839,0.034501,0,0,0,0,0,0,0,0,0,0,0,0
0.015632,0.016137,0.015591,0,0,0,0,0,0,0,0,0,0,0,0
0.016038,0.016016,0.016221,0,0,0,0,0,0,0,0,0,0,0,0
0.020615,0.026432,0.021137,0,0,0,0,0,0,0,0,0,0,0,0
0.018139,0.016437,0.016273,0,0,0,0,0,0,0,0,0,0,0,0
0.01589,0.016413,0.015641,0,0,0,0,0,0,0,0,0,0,0,0
0.033561,0.033552,0.0358,0,0,0,0,0,0,0,0,0,0,0,0
0.01691,0.015939,0.016874,0,0,0,0,0,0,0,0,0,0,0,0
0.015405,0.016644,0.017175,0,0,0,0,0,0,0,0,0,0,0,0
0.021217,0.01701,0.015673,0,0,0,0,0,0,0,0,0,0,0,0
0.016231,0.016591,0.015421,0,0,0,0,0,0,0,0,0,0,0,0
0.0159,0.015564,0.016708,0,0,0,0,0,0,0,0,0,0,0,0
0.040372,0.032812,0.035641,0,0,0,0,0,0,0,0,0,0,0,0
0.015507,0.015402,0.016533,0,0,0,0,0,0,0,0,0,0,0,0
0.015489,0.015331,0.017895,0,0,0,0,0,0,0,0,0,0,0,0
0.015258,0.015318,0.025352,0,0,0,0,0,0,0,0,0,0,0,0
0.041593,0.016742,0.017555,0,0,0,0,0,0,0,0,0,0,0,0
0.016385,0.015916,0.016961,0,0,0,0,0,0,0,0,0,0,0,0
0.033451,0.03493,0.041411,0,0,0,0,0,0,0,0,0,0,0,0
0.017102,0.024803,0.02454,0,0,0,0,0,0,0,0,0,0,0,0
0.025336,0.015073,0.016349,0,0,0,0,0,0,0,0,0,0,0,0
0.016763,0.015525,0.015954,0,0,0,0,0,0,0,0,0,0,0,0
0.016608,0.015794,0.016184,0,0,0,0,0,0,0,0,0,0,0,0
0.015779,0.015276,0.016505,0,0,0,0,0,0,0,0,0,0,0,0
0.033473,0.033219,0.034517,0,0,0,0,0,0,0,0,0,0,0,0
0.016866,0.027076,0.015747,0,0,0,0,0,0,0,0,0,0,0,0
0.015482,0.016371,0.015412,0,0,0,0,0,0,0,0,0,0,0,0
0.015889,0.016914,0.016707,0,0,0,0,0,0,0,0,0,0,0,0
0.015084,0.015728,0.022586,0,0,0,0,0,0,0,0,0,0,0,0
0.015547,0.015208,0.015952,0,0,0,0,0,0,0,0,0,0,0,0
0.034922,0.045118,0.042161,0,0,0,0,0,0,0,0,0,0,0,0
0.015787,0.016713,0.016653,0,0,0,0,0,0,0,0,0,0,0,0
0.019792,0.017053,0.016239,0,0,0,0,0,0,0,0,0,0,0,0
0.016441,0.018486,0.016768,0,0,0,0,0,0,0,0,0,0,0,0
0.019342,0.020488,0.017194,0,0,0,0,0,0,0,0,0,0,0,0
0.01761,0.016197,0.0177,0,0,0,0,0,0,0,0,0,0,0,0
0.035455,0.045155,0.033988,0,0,0,0,0,0,0,0,0,0,0,0
0.015823,0.016006,0.017681,0,0,0,0,0,0,0,0,0,0,0,0
0.016402,0.015789,0.027077,0,0,0,0,0,0,0,0,0,0,0,0
0.018746,0.017746,0.017716,0,0,0,0,0,0,0,0,0,0,0,0
0.015302,0.016785,0.015736,0,0,0,0,0,0,0,0,0,0,0,0
0.015653,0.015329,0.03304,0,0,0,0,0,0,0,0,0,0,0,0
0.045134,0.03392,0.032391,0,0,0,0,0,0,0,0,0,0,0,0
0.029707,0.01702,0.016144,0,0,0,0,0,0,0,0,0,0,0,0
0.015738,0.023226,0.018688,0,0,0,0,0,0,0,0,0,0,0,0
0.016016,0.016692,0.02483,0,0,0,0,0,0,0,0,0,0,0,0
0.01986,0.016743,0.015066,0,0,0,0,0,0,0,0,0,0,0,0
0.016611,0.024985,0.015445,0,0,0,0,0,0,0,0,0,0,0,0
0.033049,0.039324,0.035251,0,0,0,0,0,0,0,0,0,0,0,0
0.019264,0.016017,0.015813,0,0,0,0,0,0,0,0,0,0,0,0
0.020732,0.016577,0.027,0,0,0,0,0,0,0,0,0,0,0,0
0.015441,0.017116,0.025507,0,0,0,0,0,0,0,0,0,0,0,0
0.033984,0.0169,0.016054,0,0,0,0,0,0,0,0,0,0,0,0
0.016,0.017312,0.016257,0,0,0,0,0,0,0,0,0,0,0,0
0.032104,0.039312,0.040812,0,0,0,0,0,0,0,0,0,0,0,0
0.015529,0.016636,0.01693,0,0,0,0,0,0,0,0,0,0,0,0
0.015927,0.016622,0.019836,0,0,0,0,0,0,0,0,0,0,0,0
0.016257,0.017197,0.015782,0,0,0,0,0,0,0,0,0,0,0,0
0.026426,0.017385,0.020528,0,0,0,0,0,0,0,0,0,0,0,0
