1.2996
0.14573
0.079097
0.06459
0.097409
NaN
0.082112
NaN
0.049373
0.060346
0.048994
0.0225
0.022843
0.029117
0.023879
0.022195
0.051975
0.023857
0.02414
0.022722
0.022197
0.022935
0.054774
0.024358
0.035536
0.023078
0.025422
0.023723
0.053055
0.026467
0.022753
0.022294
0.034664
0.048663
0.063232
NaN
0.030688
0.029726
0.023631
0.022699
0.032283
0.055818
0.025063
0.028088
0.024461
0.026836
0.024993
0.061284
0.023994
0.024282
0.025319
0.023699
0.023305
0.054984
0.033159
0.023756
0.035704
0.023346
0.024839
0.061407
0.025342
0.02315
0.022776
0.022667
0.025131
0.052269
0.034005
0.021376
0.022301
0.022932
0.0227
0.056972
0.025672
0.022282
0.022774
0.023272
0.022825
0.049668
0.024631
0.022051
0.029256
0.022048
0.021482
0.046251
0.024468
0.026289
0.0291
0.022976
0.021838
0.044884
0.020099
0.020366
0.022086
0.021985
0.021609
0.053907
0.023421
0.02102
0.021773
0.035986
0.023815
0.045133
0.020864
0.031255
0.020818
0.021294
NaN
NaN
NaN
NaN
1.2756
0.13298
0.088839
0.069352
0.090546
NaN
0.068213
NaN
0.040972
0.040956
0.042488
0.019229
0.019337
0.019538
0.019932
0.01864
0.039837
0.017846
0.01806
0.025157
0.017434
0.018602
0.040228
0.02077
0.019783
0.01849
0.02259
0.01794
0.040326
0.019876
0.019713
0.019636
0.027994
0.023062
0.048918
0.021754
0.031167
0.031239
0.023592
0.019405
0.044531
0.018495
0.019299
0.018623
0.018784
0.020293
0.037626
0.022943
0.018595
0.019001
0.01968
0.017772
0.03856
0.018219
0.017311
0.019618
0.021843
0.021054
0.04595
0.021421
0.025188
0.024302
0.019306
0.029042
0.049703
0.018321
0.029874
0.018122
0.018316
0.019311
0.038437
0.018409
0.018099
0.019249
0.016801
0.02608
0.040134
0.019633
0.018571
0.019772
0.023543
0.032047
0.052457
0.018436
0.019187
0.01957
0.017978
0.019382
0.038991
0.017534
0.03001
0.017932
0.017973
0.017742
0.048533
0.029276
0.018769
0.019409
0.019606
0.017917
0.038081
0.018385
0.034523
0.021015
0.030752
0.018814
0.042156
0.023961
0.023066
0.017271
0.019086
0.019558
0.037106
0.018341
0.019103
0.019791
0.02031
0.020232
0.049739
0.02016
0.020303
0.019686
0.019091
0.018756
0.043326
0.019514
0.019797
0.020353
0.020056
0.018798
0.045188
0.019558
0.01956
0.024302
0.023726
0.024225
0.048482
0.019379
0.020474
0.020962
0.019072
0.019391
0.045519
0.020414
0.022978
0.02036
0.01924
0.019228
0.054801
0.019197
0.019937
0.018967
0.019454
0.018772
0.043355
0.017437
0.018473
0.019584
0.023596
0.020262
0.038334
0.019321
0.024033
0.018994
0.019278
0.018759
0.037128
0.018545
0.018669
0.031744
0.0183
0.029754
0.046335
0.019456
0.018774
0.019298
0.018593
0.019519
0.038625
0.018722
0.018961
0.017746
0.020673
0.021139
0.047035
0.026348
0.017061
0.019038
0.01895
0.01976
0.043173
0.023204
0.019032
0.021133
0.018472
0.019372
0.037242
0.018207
0.020253
0.019243
0.020197
0.019735
0.044005
0.020202
0.019874
0.020021
0.01958
0.018598
0.057191
0.020822
0.019629
0.019212
0.019276
0.020589
0.046398
0.019117
0.01921
0.01972
0.019152
0.031206
0.037017
0.018296
0.018088
0.018761
0.018424
0.017639
0.045811
0.018375
0.018717
0.018447
0.019147
0.017246
0.037961
0.018647
0.017936
0.018712
0.018474
0.018371
0.038163
0.01865
0.018278
0.019614
0.029794
0.017121
0.047005
0.017645
0.017026
0.024171
0.024036
0.017703
0.039794
0.01774
0.016994
0.027367
0.018895
0.019433
0.046563
0.018322
0.016995
0.017325
0.018094
0.018311
0.035965
0.019341
0.018609
0.018853
0.017976
0.017762
0.036829
0.017464
0.017962
0.016497
0.017213
NaN
NaN
NaN
NaN
1.257
0.1397
0.072664
0.061465
0.0821
