1.3237
0.1456
0.083417
0.063841
0.089274
0.080425
0.049579
0.047793
0.047051
0.022799
0.021516
0.02255
0.033249
0.02208
0.048282
0.02167
0.021239
0.022547
0.022847
0.020842
0.045326
0.021344
0.02033
0.0223
0.027052
0.020905
0.050986
0.022481
0.024982
0.022854
0.040357
0.036211
0.071496
0.02265
0.028702
0.023263
0.024795
0.021668
0.0459
0.021117
0.021158
0.020612
0.025344
0.023815
0.044838
0.021574
0.033155
0.021999
0.026058
0.022086
0.051619
0.023085
0.023259
0.026536
0.024081
0.031881
0.054906
0.035519
0.035486
0.023161
0.022252
0.023506
0.050865
0.024353
0.02282
0.022215
0.022722
0.023373
0.048193
0.023663
0.02277
0.022436
0.02325
0.021758
0.047534
0.025152
0.021384
0.020918
0.022593
0.021843
0.044489
0.020818
0.026705
0.022014
0.023901
0.021254
0.055293
0.031886
0.0211
0.021228
0.020968
0.028134
0.042588
0.020437
0.020834
0.021196
0.024191
0.03116
0.058056
0.023009
0.023524
0.02748
0.030423
0.024314
0.05271
0.022491
0.024936
0.02445
0.02467
0.023902
0.052009
0.021868
0.021638
0.021857
0.021082
0.020753
0.073289
0.042564
0.034289
0.042322
0.022362
0.022135
0.043661
0.027151
0.024311
0.020573
0.021667
0.02071
0.044644
0.021739
0.022137
0.021277
0.021537
0.022601
0.043664
0.021766
0.020665
0.022742
0.022043
0.022153
0.043296
0.020293
0.02166
0.02997
0.021185
0.022276
0.060664
0.020608
0.02104
0.021637
0.021611
0.021904
0.054198
0.021929
0.020865
0.021878
0.021678
0.021068
0.046284
0.020147
0.021328
0.032136
0.021715
0.021746
0.055897
0.022342
0.026052
0.021044
0.02333
0.023337
0.051272
0.022173
0.021106
0.032515
0.023591
0.023155
0.051002
0.024604
0.020238
0.020537
0.022076
0.02267
0.044833
0.022629
0.024109
0.022695
0.028462
0.022082
0.043931
0.03261
0.022094
0.032765
0.021756
0.020837
0.044762
0.021318
0.020506
0.021821
0.020517
0.032999
0.049899
0.022092
0.025879
0.023949
0.020554
0.027548
0.043948
0.020093
0.022046
0.021723
0.0254
0.021061
0.045453
0.021293
0.022622
0.021058
0.025333
0.021029
0.058433
0.020682
0.021078
0.024482
0.023926
0.020659
0.041466
0.021254
0.020125
0.022353
0.023641
0.023479
0.049539
0.022631
0.026048
0.022359
0.023009
0.023465
0.0536
0.025559
0.024197
0.022095
0.020986
0.022513
0.043014
0.020351
0.019491
0.020984
0.025791
0.02564
0.0521
0.02101
0.024899
0.024518
0.023346
0.02375
0.052254
0.022415
0.023258
0.023175
0.023558
0.022773
0.051204
0.021398
0.023059
0.025963
0.021951
0.022373
0.050171
0.022717
0.022055
0.02175
0.026205
0.023542
0.04719
0.022787
0.021286
0.022841
0.019728
0.02338
0.049108
0.020263
0.027963
0.021254
0.03491
0.019924
0.049456
0.020475
0.022533
0.023116
0.022526
0.021978
0.053676
0.022983
0.022619
0.021697
0.021783
0.023272
0.048894
0.02116
0.021758
0.021312
0.020876
0.022806
0.050039
0.020973
0.02656
0.023867
0.024155
0.024113
0.049746
0.023281
0.019884
0.01964
0.020277
0.02072
0.050093
0.030461
0.024337
0.020867
0.02674
0.020733
0.042243
0.019743
0.027379
0.020701
0.027644
0.024284
0.047396
0.022486
0.021347
0.023257
0.032484
0.021686
0.052543
0.021812
0.022894
0.023735
0.023024
0.022435
0.048897
0.02196
0.022878
0.024004
0.021379
0.021925
0.050087
0.020861
0.022898
0.020012
0.022855
0.022169
0.047651
0.022354
0.022188
0.021578
0.020182
0.021183
0.042491
0.019363
0.019344
0.019183
0.019519
0.0197
0.042907
0.020359
0.030641
0.020434
0.02074
0.020453
0.04422
0.023245
0.021696
0.021158
0.021606
0.020866
0.041816
0.019712
0.019615
0.020361
0.022297
0.01929
0.042597
0.020342
0.023178
0.019363
0.021029
0.021638
0.040475
0.027994
0.029544
0.02393
0.024039
0.023913
0.044311
0.040251
0.020371
0.019786
0.032632
0.020656
0.04187
0.020152
0.020862
0.019803
0.020636
0.021801
0.042883
0.023933
0.01991
0.020626
0.040347
0.018531
0.04669
0.02036
0.028991
0.02096
0.020623
0.020866
0.041441
0.021105
0.030784
0.020272
0.020458
0.021114
0.062312
0.023042
0.025796
0.023589
0.023494
0.024649
0.051228
0.034197
0.023566
0.024121
0.020359
0.02011
0.04169
0.019936
0.032418
0.022545
0.021152
0.021422
0.042909
0.020015
0.020405
0.022018
0.021172
0.022383
0.041465
0.028931
0.019967
0.019762
0.021445
0.023042
0.043331
0.019924
0.020286
0.022195
0.019867
0.020145
0.043919
0.019705
0.022052
0.02053
0.020608
0.020947
0.045288
0.031131
0.021981
0.020981
0.02936
0.02024
0.0431
0.019824
0.021104
0.020743
0.020249
0.020162
0.042036
0.023075
0.024205
0.020965
0.026463
0.025322
0.042834
0.034436
0.021248
0.020336
0.020739
0.021153
0.047416
0.020391
0.021833
0.030587
0.021645
0.021449
0.042073
0.020022
0.027258
0.021017
0.020813
0.021635
0.042177
0.037154
0.028344
0.021766
0.020824
0.021784
0.057769
0.021717
0.020001
0.030084
0.024848
0.024799
0.044464
0.040859
0.021533
0.020177
0.020257
0.033605
0.05296
0.022387
0.021277
0.025199
0.019286
0.02015
0.04191
0.020775
0.021623
0.020691
0.019958
0.020944
0.050269
0.021915
0.023596
0.023548
0.022292
0.021238
0.049523
0.022394
0.028663
0.023021
0.021386
0.021987
0.049035
0.022333
0.023518
0.023684
0.02816
0.03298
0.04924
0.025381
0.022476
0.037522
0.023763
0.023352
0.049424
0.021027
0.022776
0.022717
0.02382
0.023184
0.051165
0.023742
0.023089
0.022703
0.022677
0.024771
0.048335
0.022113
0.024186
0.022155
0.021509
0.023244
0.048431
0.02802
0.028629
0.020181
0.021456
0.020103
0.043051
0.020424
0.031384
0.020399
0.027799
0.024976
0.051127
0.021676
0.023751
0.022789
0.023444
0.022176
0.05315
0.022179
0.022209
0.02268
0.022607
0.020322
0.04341
0.019596
0.032302
0.020952
0.020685
0.030917
0.043979
0.019872
0.019883
0.020274
0.019955
0.021853
0.051405
0.021077
0.021355
0.020452
0.020222
0.020463
0.044764
0.020032
0.021171
0.021506
0.020574
0.020973
0.041108
0.020122
0.020752
0.020206
0.020722
0.020828
0.042975
0.023078
0.020975
0.020405
0.021711
0.020654
0.046031
0.019806
0.02044
0.022024
0.020689
0.020879
0.041464
0.020556
0.021218
0.020832
0.031463
0.022157
0.040835
0.027026
0.024298
0.025142
0.020328
0.020463
0.042208
0.019391
0.022477
0.020061
0.020878
0.021914
0.043189
0.020485
0.021946
0.020685
0.020627
0.021062
0.042199
0.020195
0.032628
0.021655
0.020202
0.030807
0.049843
0.021144
0.027571
0.019523
0.021275
0.021647
0.040968
0.019808
0.020151
0.020452
0.020652
0.031324
0.047227
0.020238
0.021226
0.022139
0.02089
0.0244
0.061689
0.02501
0.021669
0.019792
0.019893
0.019664
0.046835
0.028155
0.019504
0.020357
0.028565
0.02386
0.054758
0.019981
0.019787
0.019322
0.023858
0.030926
0.050339
0.021566
0.022278
0.021506
0.021281
0.020029
0.042229
0.020088
0.020994
0.02093
0.020477
0.02546
0.040681
0.028859
0.020566
0.030109
0.022701
0.022242
0.047167
0.023183
0.020342
0.01992
0.020356
0.020639
0.042344
0.020915
0.020578
0.022197
0.02292
0.03606
0.044669
0.02869
0.024716
0.030935
0.028779
0.024292
0.040828
0.02025
0.019346
0.01953
0.019556
0.020095
0.040847
0.018989
0.031721
0.021378
0.020339
0.030907
0.04255
0.019782
0.020409
0.020581
0.020657
0.021247
0.042584
0.01986
0.019725
0.020086
0.01991
0.022394
0.061988
0.024382
0.024622
0.018962
0.020874
0.02058
0.049949
0.02067
0.020118
0.019946
0.02148
0.024285
0.041966
0.032041
0.021298
0.021036
0.020374
0.02031
0.04216
0.020951
0.021576
0.01975
0.020871
0.020951
0.043518
0.020462
0.019708
0.020415
0.021708
0.02208
0.04328
0.020818
0.020519
0.02092
0.021403
0.021672
0.042667
0.020832
0.019982
0.021709
0.02035
0.021871
0.041779
0.021066
0.025711
0.020735
0.020424
0.020991
0.04218
0.020768
0.0208
0.020769
0.021435
0.020168
0.062756
0.021231
0.02151
0.019741
0.020458
0.025701
0.043617
0.020079
0.021081
0.02046
0.021209
0.022092
0.041354
0.019666
0.032514
0.020979
0.020655
0.020749
0.041942
0.028605
0.020326
0.020229
0.020926
0.02042
0.042334
0.031425
0.020055
0.020425
0.023235
0.021169
0.043645
0.020278
0.021261
0.021138
0.021061
0.03271
0.041338
0.019171
0.019967
0.019092
0.022358
0.01956
0.042788
0.023372
0.020337
0.02044
0.021907
0.019953
0.051668
0.021031
0.020255
0.029697
0.02279
0.027186
0.044203
0.021304
0.019969
0.020798
0.02125
0.021713
0.050656
0.022595
0.023006
0.021889
0.021538
0.026891
0.041115
0.020731
0.020728
0.026673
0.020483
0.022521
0.042443
0.02353
0.02032
0.027752
0.02145
0.026383
0.048408
0.019626
0.019858
0.019415
0.018778
0.036029
0.043004
0.020445
0.021215
0.020779
0.020093
0.019998
0.054913
0.019914
0.023181
0.029208
0.020455
0.027446
0.050567
0.02014
0.020375
0.022106
0.020753
0.026735
0.041376
0.021134
0.030775
0.020583
0.022175
0.020652
0.043737
0.023011
0.021994
0.021459
0.020927
0.021396
0.04308
0.020769
0.019922
0.020172
0.020138
0.021642
0.041848
0.022009
0.02304
0.037834
0.027731
0.019782
0.04633
0.020451
0.026882
0.020696
0.021879
0.020208
0.042433
0.020054
0.020704
0.021679
0.020405
0.020301
0.042769
0.020761
0.021149
0.020692
0.021337
0.020081
0.05203
0.031584
0.020276
0.02068
0.029919
0.020812
0.051111
0.020808
0.021274
0.021509
0.021957
0.020695
0.042354
0.031842
0.019605
0.019767
0.020934
0.021175
0.042606
0.020355
0.024313
0.021659
0.019924
0.031326
0.049303
0.020882
0.021276
0.020847
0.020425
0.019835
0.042066
0.020864
0.03522
0.020247
0.021618
0.019988
0.04392
0.021847
0.02331
0.022471
0.020908
0.024552
0.053594
0.024558
0.022099
0.026072
0.022364
0.021636
0.052598
0.024193
0.0238
0.022718
0.022263
0.02669
0.044641
0.023799
0.028262
0.025392
0.022555
0.024401
0.048615
0.040017
0.025325
0.029554
0.037398
0.024247
0.04681
0.026554
0.022905
0.025833
0.035921
0.035787
0.044119
0.028794
0.040237
0.025216
0.030591
0.03556
0.047746
0.03573
0.035766
0.035692
0.037279
0.03612
0.046772
0.028769
0.024761
0.033627
0.028215
0.027486
0.052448
0.036173
0.024126
0.036565
0.0361
0.023992
0.053975
0.032395
0.030101
0.027724
0.027181
0.03548
0.050756
0.02179
0.021816
0.020855
0.024407
0.024776
0.046093
0.023731
0.024932
0.024311
0.025319
0.02454
0.046032
0.026688
0.02878
0.02423
0.024038
0.037773
0.044683
0.023136
0.023195
0.024166
0.023897
0.025209
0.045208
0.031832
0.023336
0.023488
0.025512
0.024642
0.046281
0.024136
0.024118
0.023571
0.021857
0.023433
0.043299
0.024688
0.023218
0.028023
0.022686
0.022568
0.051229
0.023458
0.024638
0.025985
0.02505
0.02383
0.045589
0.035682
0.023166
0.022958
0.023101
0.023439
0.046071
0.029847
0.022426
0.023627
0.023499
0.023591
0.04745
0.023321
0.023075
0.023771
0.022214
0.024573
0.046956
0.022659
0.039278
0.032204
0.024058
0.035453
0.045212
0.022696
0.023262
0.023812
0.02353
0.023989
0.046385
0.023425
0.024479
0.023102
0.023333
0.037196
0.048551
0.022496
0.02552
0.023312
0.023742
0.023338
0.052691
0.023428
0.024898
0.022684
0.037279
0.023765
0.050706
0.029046
0.032152
0.022699
0.024349
0.02563
0.048196
0.023242
0.023787
0.023393
0.023334
0.027833
0.045782
0.028646
0.027668
0.025683
0.025183
0.02632
0.052047
0.038584
0.024481
0.026078
0.025631
0.031437
0.054136
0.027331
0.027064
0.023945
0.026413
0.025085
0.051426
0.023965
0.025395
0.02511
0.024702
0.027439
0.044198
0.02378
0.024973
0.023981
0.023766
0.025267
0.050508
0.023367
0.02386
0.023592
0.024948
0.024353
0.046526
0.024318
0.024186
0.024374
0.024505
0.028896
0.051873
0.025036
0.026088
0.025755
0.023905
0.024619
0.047385
0.023331
0.024785
0.031507
0.023621
0.026419
0.047668
0.026155
0.024018
0.0243
0.023108
0.024341
0.044352
0.022412
0.022707
0.030641
0.022611
0.023806
0.044685
0.028209
0.022087
0.022672
0.022351
0.023181
0.045371
0.022518
0.02263
0.022743
0.025025
0.022971
0.044065
0.022682
0.022653
0.033483
0.025122
0.022169
0.046161
0.022323
0.023021
0.023577
0.022895
0.02207
0.046607
0.026489
0.023769
0.023813
0.025474
0.022516
0.044568
0.031798
0.023453
0.036299
0.024248
0.024634
0.044686
0.027496
0.036106
0.02458
0.036074
0.023372
0.049361
0.024978
0.024538
0.023883
0.036019
0.022903
0.058131
0.025088
0.026004
0.024086
0.025748
0.025417
0.05354
0.024965
0.022879
0.030954
0.023137
0.022886
0.0525
0.023785
0.022975
0.023218
0.022294
0.022233
0.047517
0.022391
0.02412
0.022501
0.023628
0.033077
0.05112
0.024329
0.036169
0.036693
0.024872
0.034155
0.046066
0.026259
0.022242
0.022981
0.022946
0.023999
0.046757
0.022814
0.023504
0.037403
0.023461
0.022563
0.047224
0.02373
0.023639
0.022713
0.023493
0.023628
0.054531
0.02484
0.025213
0.024696
0.024756
0.026831
0.052251
0.025022
0.026194
0.025602
0.036362
0.022655
0.051077
0.023874
0.023563
0.023073
0.02398
0.022912
0.053824
0.022848
0.022922
0.022539
0.023418
0.029369
0.063112
0.026633
0.033184
0.025553
0.024891
0.025598
0.052582
0.029251
0.025266
0.023388
0.023249
0.023563
0.044743
0.02254
0.023156
0.023047
0.0234
0.023242
0.045046
0.024074
0.023851
0.0249
0.036679
0.023007
0.046412
0.028776
0.033971
0.023373
0.024085
0.053525
0.048538
0.023985
0.043595
0.023884
0.023393
0.030188
0.048447
0.025845
0.036104
0.024257
0.023599
0.023423
0.044225
0.023271
0.024333
0.023914
0.033365
0.023114
0.049586
0.022756
0.024131
0.026596
0.023416
0.023525
0.048685
0.023095
0.024022
0.02474
0.024311
0.023906
0.046592
0.024472
0.028711
0.023804
0.035108
0.02673
0.048343
0.024435
0.035983
0.022966
0.025893
0.042947
0.070204
0.03802
0.027944
0.027111
0.026167
0.025225
0.050985
0.024766
0.026422
0.025191
0.032701
0.024999
0.05251
0.025568
0.024742
0.024939
0.025675
0.025486
0.052992
0.029349
0.026305
0.025005
0.028986
0.0246
0.062364
0.034823
0.025519
0.024719
0.026037
0.027109
0.055511
0.025913
0.024581
0.025091
0.025076
0.023399
0.057279
0.024226
0.036461
0.024561
0.035737
0.02405
0.052884
0.025255
0.028109
0.026575
0.024433
0.024344
0.061495
0.025367
0.025738
0.02401
0.024825
0.024842
0.053669
0.02562
0.024637
0.02546
0.02649
0.032726
0.04594
0.023479
0.023507
0.022824
0.02254
0.022723
0.044315
0.022318
0.022589
0.022286
