1.2873
0.14885
0.080824
0.074592
0.08712
0.077037
0.050994
0.049318
0.049542
0.024665
0.025285
0.024448
0.023462
0.02636
0.048596
0.037121
0.025745
0.023902
0.023612
0.024619
0.045499
0.025999
0.035162
0.022845
0.02344
0.023587
0.045203
0.027334
0.02643
0.027392
0.032275
0.030621
0.050387
0.025156
0.039826
0.022901
0.024689
0.023339
0.049784
0.023947
0.035683
0.023728
0.023956
0.025895
0.042049
0.024134
0.025739
0.029877
0.023711
0.024086
0.042019
0.026422
0.03079
0.035512
0.02767
0.024484
0.046108
0.024955
0.02827
0.02577
0.023414
0.024897
0.042274
0.024033
0.023384
0.023781
0.023197
0.034539
0.045016
0.026195
0.024382
0.023629
0.023652
0.023654
0.050958
0.035888
0.023763
0.024099
0.025721
0.024709
0.047405
0.023626
0.023895
0.024478
0.023624
0.023983
0.043246
0.02495
0.024044
0.023707
0.023447
0.031558
0.043303
0.02381
0.02362
0.023599
0.029892
0.024265
0.043187
0.02985
0.023503
0.023751
0.023249
0.023041
0.041783
