0.99466
0.15404
0.080393
0.060376
0.08932
NaN
0.075092
0.047505
0.048435
0.050531
NaN
0.035411
0.025992
0.025572
0.024833
0.025837
0.052904
0.025831
0.026172
0.025497
0.025386
0.025478
0.041314
0.025303
0.024544
0.025452
0.028774
0.024785
0.040567
0.028358
0.028428
0.032974
0.034388
0.037682
0.060311
0.027851
0.032314
0.026351
0.025729
0.032556
0.043369
0.025007
0.026223
0.025236
0.026358
0.030636
0.043299
0.027252
0.025147
0.026649
0.026238
0.026809
0.042998
0.02497
0.025621
0.02567
0.027049
0.025542
0.048308
0.035488
0.027884
0.027743
0.026398
0.028146
0.046901
0.026202
0.026554
0.02641
0.02765
0.025624
0.04374
0.038711
0.025834
0.027122
0.030873
0.024681
0.042185
0.027698
0.026009
0.025264
0.024827
0.02571
0.041128
0.026359
0.027104
0.025249
0.031475
0.027138
0.042296
0.027114
0.02579
0.025943
0.032074
0.026214
0.04372
0.027151
0.025854
0.025218
0.031162
0.025868
0.044009
0.026183
0.025788
0.025756
0.024438
0.02543
0.042955
0.026068
0.024078
0.026233
0.024627
0.025178
0.04612
0.032441
0.026581
0.026732
0.027162
0.026867
0.046254
0.026125
0.02558
0.025238
0.034376
0.035578
0.052059
0.026944
0.03049
0.027091
0.027506
0.026513
0.04101
0.02521
0.024863
0.025259
0.025692
0.029688
0.042268
0.0311
0.027374
0.032771
0.026166
0.025231
0.041809
0.02583
0.024889
0.025176
0.026208
0.025837
0.041883
0.026258
0.025816
0.024786
0.025602
0.027255
0.043022
0.028708
0.037978
0.025432
0.024908
0.034188
0.044499
0.028134
0.026006
0.02528
0.02493
0.024683
0.043967
0.027814
0.026219
0.025657
0.026207
0.026433
0.040733
0.027536
0.025454
0.025251
0.02584
0.02525
0.040412
0.033867
0.02701
0.026787
0.02695
0.0259
0.045882
0.026488
0.025704
0.02615
0.027007
0.027109
0.047247
0.031356
0.027902
0.027182
0.032232
0.026305
0.046841
0.0346
0.024993
0.034523
0.035878
0.024896
0.040319
0.026021
0.028826
0.026144
0.025944
0.02873
0.040877
0.025855
0.024914
0.024897
0.024795
0.024647
0.042331
0.037059
0.024556
0.02479
0.024665
0.024496
0.045449
0.038008
0.024386
0.02475
0.025861
0.026141
0.041568
0.025682
0.025262
0.024992
0.025406
0.027281
0.047212
0.027434
0.027477
0.025237
0.026588
0.025432
0.039966
0.024533
0.024141
0.02506
0.033403
0.031335
0.039803
0.02524
0.025783
0.027261
0.024436
0.026052
0.051463
0.024173
0.025906
0.032791
0.026103
0.024744
0.041795
0.028721
0.027709
0.0275
0.025049
0.026094
0.042663
0.02428
0.02523
0.025637
0.024917
0.024504
0.050408
0.025119
0.024109
0.025255
0.032645
0.025901
0.049567
0.026235
0.024769
0.025667
0.025116
0.025974
0.045484
0.025131
0.025561
0.02659
0.024835
0.027082
0.045666
0.028158
0.02626
0.026446
0.026229
0.024327
0.042399
0.027347
0.035616
0.02547
0.025193
0.02485
0.039865
0.026836
0.024568
0.03491
0.032509
0.025619
0.040902
0.025201
0.025725
0.025604
0.025308
0.024894
0.050216
0.027028
0.02555
0.030507
0.025478
0.027457
0.046771
0.026163
0.024791
0.024894
0.025665
0.025425
0.040124
0.027584
0.026156
0.026007
0.024942
0.02508
0.047319
0.036025
0.036633
0.026196
0.025402
0.025136
0.045161
0.025056
0.031303
0.047623
0.026617
