0.000213
0.23001
0.006959
0.006372
0.006581
0.006229
0.006394
0.006478
0.006312
0.009336
0.012029
0.008792
0.007329
0.008765
0.012183
0.009748
0.007545
0.007023
0.006578
0.006405
0.006525
0.006827
0.007063
0.006494
0.00668
0.006581
0.006527
0.007276
0.007671
0.006907
0.006625
0.006925
0.006727
0.00708
0.006556
0.006695
0.006597
0.006787
0.00702
0.007195
0.006388
0.009391
0.013321
0.008944
0.007264
0.006995
0.006565
0.006986
0.0067
0.006505
0.006669
0.006651
0.007023
0.006411
0.00636
0.006449
0.006851
0.006406
0.006349
0.006225
0.006669
0.006292
0.006373
0.006271
0.006384
0.006435
0.006283
0.006916
0.006281
0.006499
0.006244
0.006405
0.00636
0.006489
0.006756
0.006465
