0.000239
0.26138
0.015164
0.013551
0.013524
0.014673
0.014655
0.013811
0.014035
0.013878
0.013711
0.013862
0.013843
0.014105
0.014287
0.013985
0.014127
0.014484
0.014342
0.013448
0.014268
0.013504
0.014171
0.01417
0.013932
0.014897
0.014415
0.014143
0.014007
0.014716
0.014129
0.01337
0.014118
0.014035
0.014167
0.013674
0.013773
0.014651
0.013814
0.01414
0.014396
0.014418
0.014146
0.014259
0.014783
0.01414
0.015388
0.016681
0.014786
0.014298
0.013881
0.015103
0.013685
0.014847
0.014896
0.01431
0.01442
0.015143
0.017147
0.015478
0.015172
0.015101
0.014717
0.015103
0.014691
0.015055
0.015075
0.014492
0.017625
0.027492
0.016084
0.016164
0.023689
0.021049
0.015777
0.016686
0.014772
0.015088
0.014746
0.014214
0.014773
0.014634
0.013985
0.015864
0.016933
0.015499
0.015463
0.015094
0.014434
0.014129
0.014991
0.013266
0.014347
0.014266
0.013944
0.013353
0.013678
0.014159
0.014025
0.01358
0.013778
0.013876
0.01376
0.013381
0.013788
0.015196
0.013493
0.013479
0.015394
0.013938
0.013656
0.015181
0.014991
0.015092
0.015114
0.013344
0.013106
0.013366
0.013946
0.014355
0.013437
0.013467
0.013752
0.013863
0.016185
0.016161
0.019833
0.015846
0.01931
0.020292
0.018621
0.016375
0.015254
0.014706
0.014195
0.014502
0.015231
0.015988
0.014743
0.013715
0.017593
0.015191
0.014956
0.013658
0.03111
0.020855
0.016172
0.014492
0.015252
0.015823
0.013524
0.013163
0.014676
0.015633
0.015026
0.016323
0.014575
0.013788
0.013506
0.016044
0.01437
0.014513
0.015453
0.013954
0.01502
0.014192
0.015062
0.014767
0.014527
0.01504
0.014065
0.014042
0.013794
0.014164
0.014167
0.013364
0.013499
0.013917
0.013615
0.014162
0.014205
0.013941
0.014174
0.013696
0.014077
0.014305
0.015178
0.013313
0.0145
0.016092
0.01406
0.014389
0.013373
0.014217
0.014211
0.01421
0.016988
0.01437
0.01357
0.013643
0.013934
0.013813
0.014893
0.017453
0.014979
0.014034
0.014541
0.014002
0.015078
0.018597
0.016795
0.014339
0.014319
0.013928
0.014694
0.014808
0.014529
0.014917
0.014596
0.01592
0.026642
0.014781
0.016109
0.014168
0.015444
0.013965
0.016373
0.025199
0.014626
0.013649
0.014183
0.013809
0.014442
0.013965
0.014063
0.014209
0.013821
0.01371
0.013512
0.013729
0.013819
0.014658
0.014229
0.0142
0.013735
0.013876
0.013875
0.013465
