1.2313
0.15504
0.087038
0.067401
0.090597
0.087202
0.059084
0.048582
0.04661
0.02778
0.0228
0.021613
0.022811
0.028538
0.046493
0.023556
0.022576
0.021215
0.021772
0.024186
0.043949
0.026026
0.021612
0.029958
0.022967
0.021167
0.052839
0.020893
0.024652
0.035055
0.038917
0.0255
0.05234
0.024033
0.02925
0.023206
0.02234
0.029816
0.056145
0.027352
0.021378
0.029215
0.028367
0.032662
0.043068
0.030118
0.02287
0.020155
0.0213
0.020089
0.044264
0.019993
0.020871
0.023201
0.020466
0.020928
0.048088
0.02106
0.025435
0.020274
0.019922
0.019542
0.043596
0.019707
0.019976
0.019451
0.019467
0.01926
0.054163
0.020105
0.020197
0.019616
0.019421
0.019712
0.046197
0.018471
0.031072
0.019078
0.029189
0.019923
0.052791
0.019351
0.019524
0.033129
0.02092
0.019147
0.04413
0.020015
0.02215
0.033023
0.0227
0.021057
0.050836
0.020261
0.019786
0.024042
0.018905
0.029191
0.043538
0.029526
0.036204
0.023601
0.020477
0.020053
0.042271
0.019623
0.019647
0.024239
0.019349
0.032355
0.045033
0.021369
0.020685
0.019651
0.02166
0.022267
0.050405
0.027933
0.02298
0.021957
0.022128
0.023517
0.051142
0.022913
0.023853
0.02344
0.022586
0.021539
0.052059
0.023078
0.031742
0.021843
0.021721
0.027776
0.060982
0.022965
0.025221
0.037098
0.020564
0.021526
0.044833
0.021301
0.021778
0.021071
0.020468
0.020641
0.045055
0.030028
0.023725
0.021338
0.021966
0.021481
0.047111
0.023164
0.022297
0.022811
0.022771
0.021886
0.046509
0.021527
0.022877
0.02314
0.022586
0.022378
0.054194
0.022979
0.02345
0.023214
0.022236
0.022644
0.045856
0.024002
0.023037
0.022061
0.022311
0.024
0.044961
0.022636
0.024243
0.023748
0.023053
0.022822
0.045436
0.023357
0.023718
0.022707
0.022628
0.021622
0.045067
0.021701
0.022914
0.022723
0.023242
0.032789
0.046774
0.022264
