0.98216,1.1657,0.99704,0,0,0,0,0,0,0,0,0,0,0,0
0.14926,0.13564,0.12901,0,0,0,0,0,0,0,0,0,0,0,0
0.077026,0.06414,0.063187,0,0,0,0,0,0,0,0,0,0,0,0
0.050046,0.04924,0.05354,0,0,0,0,0,0,0,0,0,0,0,0
0.11332,0.077802,0.075804,0,0,0,0,0,0,0,0,0,0,0,0
0.084887,0.065766,0.065262,0,0,0,0,0,0,0,0,0,0,0,0
0.035588,0.035001,0.037495,0,0,0,0,0,0,0,0,0,0,0,0
0.035717,0.046639,0.033367,0,0,0,0,0,0,0,0,0,0,0,0
0.034576,0.035247,0.034668,0,0,0,0,0,0,0,0,0,0,0,0
0.01824,0.015725,0.015982,0,0,0,0,0,0,0,0,0,0,0,0
0.020338,0.015392,0.014986,0,0,0,0,0,0,0,0,0,0,0,0
0.024069,0.015416,0.015676,0,0,0,0,0,0,0,0,0,0,0,0
0.015824,0.015401,0.015414,0,0,0,0,0,0,0,0,0,0,0,0
0.0153,0.023905,0.015484,0,0,0,0,0,0,0,0,0,0,0,0
0.042386,0.037222,0.032586,0,0,0,0,0,0,0,0,0,0,0,0
0.03675,0.015842,0.018675,0,0,0,0,0,0,0,0,0,0,0,0
0.024678,0.016274,0.024253,0,0,0,0,0,0,0,0,0,0,0,0
0.019612,0.015476,0.015238,0,0,0,0,0,0,0,0,0,0,0,0
0.020896,0.015846,0.015277,0,0,0,0,0,0,0,0,0,0,0,0
0.018686,0.01593,0.015176,0,0,0,0,0,0,0,0,0,0,0,0
0.062517,0.03446,0.032146,0,0,0,0,0,0,0,0,0,0,0,0
0.016542,0.016178,0.015279,0,0,0,0,0,0,0,0,0,0,0,0
0.02154,0.015955,0.015456,0,0,0,0,0,0,0,0,0,0,0,0
0.016829,0.01603,0.01571,0,0,0,0,0,0,0,0,0,0,0,0
0.02279,0.015009,0.015719,0,0,0,0,0,0,0,0,0,0,0,0
0.016585,0.027212,0.015239,0,0,0,0,0,0,0,0,0,0,0,0
0.037855,0.032405,0.032216,0,0,0,0,0,0,0,0,0,0,0,0
0.016347,0.016632,0.015621,0,0,0,0,0,0,0,0,0,0,0,0
0.020169,0.03183,0.026172,0,0,0,0,0,0,0,0,0,0,0,0
0.023948,0.015001,0.023581,0,0,0,0,0,0,0,0,0,0,0,0
0.02723,0.02401,0.023532,0,0,0,0,0,0,0,0,0,0,0,0
0.020412,0.017923,0.016772,0,0,0,0,0,0,0,0,0,0,0,0
0.050778,0.037589,0.036571,0,0,0,0,0,0,0,0,0,0,0,0
0.030901,0.028266,0.030849,0,0,0,0,0,0,0,0,0,0,0,0
0.023846,0.023987,0.035742,0,0,0,0,0,0,0,0,0,0,0,0
0.016581,0.023717,0.015619,0,0,0,0,0,0,0,0,0,0,0,0
0.018473,0.02396,0.014793,0,0,0,0,0,0,0,0,0,0,0,0
0.01797,0.015559,0.014938,0,0,0,0,0,0,0,0,0,0,0,0
0.034126,0.031683,0.032208,0,0,0,0,0,0,0,0,0,0,0,0
0.026384,0.025075,0.019023,0,0,0,0,0,0,0,0,0,0,0,0
0.021399,0.015567,0.015336,0,0,0,0,0,0,0,0,0,0,0,0
0.015167,0.018521,0.015395,0,0,0,0,0,0,0,0,0,0,0,0
0.019723,0.015866,0.016267,0,0,0,0,0,0,0,0,0,0,0,0
0.016169,0.015213,0.015329,0,0,0,0,0,0,0,0,0,0,0,0
0.031226,0.032347,0.035452,0,0,0,0,0,0,0,0,0,0,0,0
0.015761,0.01509,0.015441,0,0,0,0,0,0,0,0,0,0,0,0
0.014865,0.014911,0.021316,0,0,0,0,0,0,0,0,0,0,0,0
0.033868,0.015324,0.021437,0,0,0,0,0,0,0,0,0,0,0,0
0.015446,0.015521,0.015927,0,0,0,0,0,0,0,0,0,0,0,0
0.016379,0.016147,0.022211,0,0,0,0,0,0,0,0,0,0,0,0
0.04161,0.033602,0.031841,0,0,0,0,0,0,0,0,0,0,0,0
0.020326,0.014931,0.015845,0,0,0,0,0,0,0,0,0,0,0,0
0.016711,0.015056,0.015639,0,0,0,0,0,0,0,0,0,0,0,0
0.026812,0.024936,0.016076,0,0,0,0,0,0,0,0,0,0,0,0
0.024361,0.01554,0.017043,0,0,0,0,0,0,0,0,0,0,0,0
0.019923,0.015643,0.022782,0,0,0,0,0,0,0,0,0,0,0,0
0.033746,0.03847,0.03532,0,0,0,0,0,0,0,0,0,0,0,0
0.018196,0.028038,0.02569,0,0,0,0,0,0,0,0,0,0,0,0
0.032447,0.015951,0.015511,0,0,0,0,0,0,0,0,0,0,0,0
0.018409,0.015597,0.015367,0,0,0,0,0,0,0,0,0,0,0,0
0.032188,0.015234,0.015634,0,0,0,0,0,0,0,0,0,0,0,0
0.02486,0.015731,0.016119,0,0,0,0,0,0,0,0,0,0,0,0
0.032962,0.035003,0.034307,0,0,0,0,0,0,0,0,0,0,0,0
0.016642,0.023835,0.023569,0,0,0,0,0,0,0,0,0,0,0,0
0.01554,0.015918,0.024107,0,0,0,0,0,0,0,0,0,0,0,0
0.016102,0.015655,0.015802,0,0,0,0,0,0,0,0,0,0,0,0
0.025474,0.01575,0.015752,0,0,0,0,0,0,0,0,0,0,0,0
0.016494,0.015615,0.015199,0,0,0,0,0,0,0,0,0,0,0,0
0.032066,0.034129,0.03084,0,0,0,0,0,0,0,0,0,0,0,0
0.018187,0.024401,0.016673,0,0,0,0,0,0,0,0,0,0,0,0
0.017429,0.015989,0.015402,0,0,0,0,0,0,0,0,0,0,0,0
0.016151,0.015992,0.015133,0,0,0,0,0,0,0,0,0,0,0,0
0.034131,0.026646,0.018768,0,0,0,0,0,0,0,0,0,0,0,0
0.020223,0.019695,0.019338,0,0,0,0,0,0,0,0,0,0,0,0
0.05196,0.044259,0.033116,0,0,0,0,0,0,0,0,0,0,0,0
0.030482,0.01565,0.015863,0,0,0,0,0,0,0,0,0,0,0,0
0.019771,0.016693,0.015425,0,0,0,0,0,0,0,0,0,0,0,0
0.015502,0.016168,0.015042,0,0,0,0,0,0,0,0,0,0,0,0
0.028775,0.014421,0.015533,0,0,0,0,0,0,0,0,0,0,0,0
0.015693,0.015022,0.015635,0,0,0,0,0,0,0,0,0,0,0,0
0.033536,0.03948,0.031899,0,0,0,0,0,0,0,0,0,0,0,0
0.016054,0.022397,0.020674,0,0,0,0,0,0,0,0,0,0,0,0
0.022833,0.019336,0.01397,0,0,0,0,0,0,0,0,0,0,0,0
0.0174,0.01559,0.015947,0,0,0,0,0,0,0,0,0,0,0,0
0.017965,0.015187,0.015578,0,0,0,0,0,0,0,0,0,0,0,0
0.017474,0.015695,0.015196,0,0,0,0,0,0,0,0,0,0,0,0
0.03788,0.031842,0.029643,0,0,0,0,0,0,0,0,0,0,0,0
0.017379,0.016218,0.015339,0,0,0,0,0,0,0,0,0,0,0,0
0.016979,0.015117,0.016073,0,0,0,0,0,0,0,0,0,0,0,0
0.020603,0.015344,0.015588,0,0,0,0,0,0,0,0,0,0,0,0
0.016354,0.015532,0.015652,0,0,0,0,0,0,0,0,0,0,0,0
0.015508,0.015052,0.015725,0,0,0,0,0,0,0,0,0,0,0,0
0.036263,0.03287,0.031717,0,0,0,0,0,0,0,0,0,0,0,0
0.016228,0.016215,0.015658,0,0,0,0,0,0,0,0,0,0,0,0
0.01589,0.01579,0.015327,0,0,0,0,0,0,0,0,0,0,0,0
0.016867,0.016327,0.015755,0,0,0,0,0,0,0,0,0,0,0,0
0.019719,0.025745,0.026375,0,0,0,0,0,0,0,0,0,0,0,0
0.015943,0.01547,0.016444,0,0,0,0,0,0,0,0,0,0,0,0
0.040995,0.03178,0.031501,0,0,0,0,0,0,0,0,0,0,0,0
0.016992,0.015446,0.015478,0,0,0,0,0,0,0,0,0,0,0,0
0.018798,0.015649,0.020378,0,0,0,0,0,0,0,0,0,0,0,0
0.0173,0.015511,0.015753,0,0,0,0,0,0,0,0,0,0,0,0
0.0164,0.017107,0.014898,0,0,0,0,0,0,0,0,0,0,0,0
0.018155,0.014652,0.017958,0,0,0,0,0,0,0,0,0,0,0,0
0.032524,0.034441,0.032004,0,0,0,0,0,0,0,0,0,0,0,0
0.023335,0.015416,0.015747,0,0,0,0,0,0,0,0,0,0,0,0
0.016333,0.016621,0.015705,0,0,0,0,0,0,0,0,0,0,0,0
0.017807,0.015611,0.015763,0,0,0,0,0,0,0,0,0,0,0,0
0.019185,0.015763,0.015527,0,0,0,0,0,0,0,0,0,0,0,0
0.019851,0.015307,0.01503,0,0,0,0,0,0,0,0,0,0,0,0
0.035893,0.036437,0.032204,0,0,0,0,0,0,0,0,0,0,0,0
0.031025,0.015009,0.023441,0,0,0,0,0,0,0,0,0,0,0,0
0.017551,0.015292,0.015877,0,0,0,0,0,0,0,0,0,0,0,0
0.015616,0.015464,0.015972,0,0,0,0,0,0,0,0,0,0,0,0
0.017622,0.016318,0.018426,0,0,0,0,0,0,0,0,0,0,0,0
0.016148,0.015216,0.015712,0,0,0,0,0,0,0,0,0,0,0,0
0.03168,0.03114,0.043828,0,0,0,0,0,0,0,0,0,0,0,0
0.018674,0.015271,0.015542,0,0,0,0,0,0,0,0,0,0,0,0
0.015954,0.015671,0.015526,0,0,0,0,0,0,0,0,0,0,0,0
0.016212,0.017449,0.015543,0,0,0,0,0,0,0,0,0,0,0,0
0.015641,0.015409,0.015786,0,0,0,0,0,0,0,0,0,0,0,0
0.015577,0.022758,0.01545,0,0,0,0,0,0,0,0,0,0,0,0
0.031656,0.03866,0.043462,0,0,0,0,0,0,0,0,0,0,0,0
0.026915,0.015842,0.015967,0,0,0,0,0,0,0,0,0,0,0,0
0.016198,0.025732,0.015592,0,0,0,0,0,0,0,0,0,0,0,0
0.015717,0.02335,0.015574,0,0,0,0,0,0,0,0,0,0,0,0
0.017275,0.016382,0.015152,0,0,0,0,0,0,0,0,0,0,0,0
0.016414,0.015553,0.01547,0,0,0,0,0,0,0,0,0,0,0,0
0.031833,0.030562,0.029833,0,0,0,0,0,0,0,0,0,0,0,0
0.015621,0.016127,0.015642,0,0,0,0,0,0,0,0,0,0,0,0
0.016842,0.015904,0.015011,0,0,0,0,0,0,0,0,0,0,0,0
0.015169,0.015423,0.036252,0,0,0,0,0,0,0,0,0,0,0,0
0.015034,0.016961,0.016325,0,0,0,0,0,0,0,0,0,0,0,0
0.015002,0.016403,0.015562,0,0,0,0,0,0,0,0,0,0,0,0
0.030643,0.031804,0.029826,0,0,0,0,0,0,0,0,0,0,0,0
0.016094,0.015073,0.015003,0,0,0,0,0,0,0,0,0,0,0,0
0.019513,0.026106,0.026177,0,0,0,0,0,0,0,0,0,0,0,0
0.017421,0.017898,0.015775,0,0,0,0,0,0,0,0,0,0,0,0
0.017639,0.01624,0.015901,0,0,0,0,0,0,0,0,0,0,0,0
0.016325,0.0157,0.015211,0,0,0,0,0,0,0,0,0,0,0,0
0.038195,0.03108,0.038414,0,0,0,0,0,0,0,0,0,0,0,0
0.016468,0.015408,0.015229,0,0,0,0,0,0,0,0,0,0,0,0
0.016781,0.015536,0.014798,0,0,0,0,0,0,0,0,0,0,0,0
0.018072,0.015413,0.015314,0,0,0,0,0,0,0,0,0,0,0,0
0.015554,0.015524,0.015264,0,0,0,0,0,0,0,0,0,0,0,0
0.015444,0.015493,0.015366,0,0,0,0,0,0,0,0,0,0,0,0
0.032222,0.03148,0.029717,0,0,0,0,0,0,0,0,0,0,0,0
0.026555,0.015739,0.017094,0,0,0,0,0,0,0,0,0,0,0,0
0.02077,0.015581,0.021622,0,0,0,0,0,0,0,0,0,0,0,0
0.015679,0.015264,0.015184,0,0,0,0,0,0,0,0,0,0,0,0
0.023587,0.028911,0.015793,0,0,0,0,0,0,0,0,0,0,0,0
0.024489,0.016602,0.016022,0,0,0,0,0,0,0,0,0,0,0,0
0.031099,0.030908,0.030764,0,0,0,0,0,0,0,0,0,0,0,0
0.016677,0.025122,0.019009,0,0,0,0,0,0,0,0,0,0,0,0
0.017565,0.016091,0.015492,0,0,0,0,0,0,0,0,0,0,0,0
0.02384,0.01565,0.015106,0,0,0,0,0,0,0,0,0,0,0,0
0.015621,0.015397,0.01485,0,0,0,0,0,0,0,0,0,0,0,0
0.017069,0.015355,0.015499,0,0,0,0,0,0,0,0,0,0,0,0
0.031473,0.031541,0.036104,0,0,0,0,0,0,0,0,0,0,0,0
0.016838,0.015334,0.015926,0,0,0,0,0,0,0,0,0,0,0,0
0.022405,0.015207,0.015487,0,0,0,0,0,0,0,0,0,0,0,0
0.01693,0.015766,0.027909,0,0,0,0,0,0,0,0,0,0,0,0
0.015494,0.015402,0.014915,0,0,0,0,0,0,0,0,0,0,0,0
0.016588,0.015528,0.01533,0,0,0,0,0,0,0,0,0,0,0,0
0.035163,0.031542,0.035826,0,0,0,0,0,0,0,0,0,0,0,0
0.018789,0.015927,0.018673,0,0,0,0,0,0,0,0,0,0,0,0
0.017326,0.015793,0.016316,0,0,0,0,0,0,0,0,0,0,0,0
0.015716,0.01529,0.018398,0,0,0,0,0,0,0,0,0,0,0,0
0.016786,0.01509,0.015753,0,0,0,0,0,0,0,0,0,0,0,0
0.01609,0.015425,0.015917,0,0,0,0,0,0,0,0,0,0,0,0
0.029809,0.031066,0.0371,0,0,0,0,0,0,0,0,0,0,0,0
0.014621,0.022337,0.016471,0,0,0,0,0,0,0,0,0,0,0,0
0.015701,0.015845,0.016297,0,0,0,0,0,0,0,0,0,0,0,0
0.017016,0.01601,0.016288,0,0,0,0,0,0,0,0,0,0,0,0
0.015977,0.027425,0.017619,0,0,0,0,0,0,0,0,0,0,0,0
0.017151,0.015768,0.016258,0,0,0,0,0,0,0,0,0,0,0,0
0.032503,0.030644,0.036807,0,0,0,0,0,0,0,0,0,0,0,0
0.015404,0.016131,0.017694,0,0,0,0,0,0,0,0,0,0,0,0
0.016921,0.015833,0.016663,0,0,0,0,0,0,0,0,0,0,0,0
0.016148,0.015739,0.015414,0,0,0,0,0,0,0,0,0,0,0,0
0.024172,0.015543,0.015578,0,0,0,0,0,0,0,0,0,0,0,0
0.016309,0.015206,0.016431,0,0,0,0,0,0,0,0,0,0,0,0
0.030334,0.031151,0.029298,0,0,0,0,0,0,0,0,0,0,0,0
0.024821,0.015132,0.014882,0,0,0,0,0,0,0,0,0,0,0,0
0.015484,0.020059,0.0154,0,0,0,0,0,0,0,0,0,0,0,0
0.016108,0.016811,0.015281,0,0,0,0,0,0,0,0,0,0,0,0
0.030133,0.01602,0.015484,0,0,0,0,0,0,0,0,0,0,0,0
0.019767,0.028063,0.025774,0,0,0,0,0,0,0,0,0,0,0,0
0.036357,0.033326,0.03148,0,0,0,0,0,0,0,0,0,0,0,0
0.035026,0.016187,0.015465,0,0,0,0,0,0,0,0,0,0,0,0
0.017795,0.015606,0.026052,0,0,0,0,0,0,0,0,0,0,0,0
0.025587,0.017311,0.023836,0,0,0,0,0,0,0,0,0,0,0,0
0.015715,0.017378,0.019279,0,0,0,0,0,0,0,0,0,0,0,0
0.016849,0.01681,0.015598,0,0,0,0,0,0,0,0,0,0,0,0
0.042169,0.030798,0.030988,0,0,0,0,0,0,0,0,0,0,0,0
0.036125,0.015563,0.015985,0,0,0,0,0,0,0,0,0,0,0,0
0.023143,0.015737,0.015895,0,0,0,0,0,0,0,0,0,0,0,0
0.016512,0.015419,0.015457,0,0,0,0,0,0,0,0,0,0,0,0
0.015324,0.015789,0.020144,0,0,0,0,0,0,0,0,0,0,0,0
0.017963,0.015594,0.015545,0,0,0,0,0,0,0,0,0,0,0,0
0.031644,0.031115,0.030439,0,0,0,0,0,0,0,0,0,0,0,0
0.033271,0.015806,0.015735,0,0,0,0,0,0,0,0,0,0,0,0
0.016847,0.015812,0.022197,0,0,0,0,0,0,0,0,0,0,0,0
0.016823,0.015755,0.016785,0,0,0,0,0,0,0,0,0,0,0,0
0.021111,0.015373,0.015302,0,0,0,0,0,0,0,0,0,0,0,0
0.017732,0.026142,0.016471,0,0,0,0,0,0,0,0,0,0,0,0
0.02989,0.036304,0.043356,0,0,0,0,0,0,0,0,0,0,0,0
0.016134,0.017369,0.018003,0,0,0,0,0,0,0,0,0,0,0,0
0.015382,0.015987,0.016467,0,0,0,0,0,0,0,0,0,0,0,0
0.015593,0.0163,0.025584,0,0,0,0,0,0,0,0,0,0,0,0
0.015456,0.016286,0.017419,0,0,0,0,0,0,0,0,0,0,0,0
0.015459,0.015268,0.019675,0,0,0,0,0,0,0,0,0,0,0,0
0.030507,0.030358,0.030276,0,0,0,0,0,0,0,0,0,0,0,0
0.016199,0.02429,0.016268,0,0,0,0,0,0,0,0,0,0,0,0
0.015684,0.01572,0.01561,0,0,0,0,0,0,0,0,0,0,0,0
0.015809,0.015607,0.01524,0,0,0,0,0,0,0,0,0,0,0,0
0.015399,0.016625,0.015622,0,0,0,0,0,0,0,0,0,0,0,0
0.014928,0.016194,0.015692,0,0,0,0,0,0,0,0,0,0,0,0
0.063259,0.031399,0.03752,0,0,0,0,0,0,0,0,0,0,0,0
0.01668,0.016231,0.022696,0,0,0,0,0,0,0,0,0,0,0,0
0.021988,0.015444,0.015885,0,0,0,0,0,0,0,0,0,0,0,0
0.02341,0.015408,0.014844,0,0,0,0,0,0,0,0,0,0,0,0
0.015235,0.023481,0.01668,0,0,0,0,0,0,0,0,0,0,0,0
0.015473,0.015478,0.015382,0,0,0,0,0,0,0,0,0,0,0,0
0.031699,0.031492,0.031171,0,0,0,0,0,0,0,0,0,0,0,0
0.015255,0.015649,0.015524,0,0,0,0,0,0,0,0,0,0,0,0
0.015575,0.015454,0.023443,0,0,0,0,0,0,0,0,0,0,0,0
0.015859,0.015341,0.014807,0,0,0,0,0,0,0,0,0,0,0,0
0.015781,0.015549,0.015913,0,0,0,0,0,0,0,0,0,0,0,0
0.051117,0.015639,0.015403,0,0,0,0,0,0,0,0,0,0,0,0
0.044794,0.031536,0.029847,0,0,0,0,0,0,0,0,0,0,0,0
0.020849,0.01706,0.016056,0,0,0,0,0,0,0,0,0,0,0,0
0.024382,0.021564,0.016276,0,0,0,0,0,0,0,0,0,0,0,0
0.016095,0.015691,0.015677,0,0,0,0,0,0,0,0,0,0,0,0
0.015274,0.019028,0.019703,0,0,0,0,0,0,0,0,0,0,0,0
0.016464,0.015636,0.015487,0,0,0,0,0,0,0,0,0,0,0,0
0.036323,0.032137,0.029534,0,0,0,0,0,0,0,0,0,0,0,0
0.015994,0.016384,0.015298,0,0,0,0,0,0,0,0,0,0,0,0
0.016124,0.016872,0.015324,0,0,0,0,0,0,0,0,0,0,0,0
0.016348,0.015844,0.016124,0,0,0,0,0,0,0,0,0,0,0,0
0.016147,0.015729,0.015666,0,0,0,0,0,0,0,0,0,0,0,0
0.01859,0.016311,0.01528,0,0,0,0,0,0,0,0,0,0,0,0
0.036805,0.035179,0.03011,0,0,0,0,0,0,0,0,0,0,0,0
0.016337,0.018405,0.015508,0,0,0,0,0,0,0,0,0,0,0,0
0.0178,0.016219,0.01488,0,0,0,0,0,0,0,0,0,0,0,0
0.018587,0.017016,0.02346,0,0,0,0,0,0,0,0,0,0,0,0
0.016662,0.016875,0.015273,0,0,0,0,0,0,0,0,0,0,0,0
0.016985,0.016248,0.015096,0,0,0,0,0,0,0,0,0,0,0,0
0.038666,0.035541,0.029923,0,0,0,0,0,0,0,0,0,0,0,0
0.016168,0.015564,0.014856,0,0,0,0,0,0,0,0,0,0,0,0
0.018638,0.028924,0.015195,0,0,0,0,0,0,0,0,0,0,0,0
0.016443,0.017121,0.028368,0,0,0,0,0,0,0,0,0,0,0,0
0.017757,0.016711,0.016205,0,0,0,0,0,0,0,0,0,0,0,0
0.016545,0.017168,0.016002,0,0,0,0,0,0,0,0,0,0,0,0
0.03331,0.037955,0.031021,0,0,0,0,0,0,0,0,0,0,0,0
0.016746,0.021391,0.021052,0,0,0,0,0,0,0,0,0,0,0,0
0.015054,0.02327,0.014156,0,0,0,0,0,0,0,0,0,0,0,0
0.017208,0.015354,0.021472,0,0,0,0,0,0,0,0,0,0,0,0
0.016689,0.014977,0.014451,0,0,0,0,0,0,0,0,0,0,0,0
0.018264,0.014966,0.016822,0,0,0,0,0,0,0,0,0,0,0,0
0.033159,0.031828,0.037545,0,0,0,0,0,0,0,0,0,0,0,0
0.014629,0.015895,0.017081,0,0,0,0,0,0,0,0,0,0,0,0
0.01406,0.015549,0.016052,0,0,0,0,0,0,0,0,0,0,0,0
0.01559,0.014982,0.015587,0,0,0,0,0,0,0,0,0,0,0,0
0.01484,0.015881,0.015457,0,0,0,0,0,0,0,0,0,0,0,0
0.020258,0.027143,0.014942,0,0,0,0,0,0,0,0,0,0,0,0
0.035946,0.031057,0.034882,0,0,0,0,0,0,0,0,0,0,0,0
0.016078,0.016926,0.01576,0,0,0,0,0,0,0,0,0,0,0,0
0.016613,0.016254,0.015984,0,0,0,0,0,0,0,0,0,0,0,0
0.016019,0.019448,0.015384,0,0,0,0,0,0,0,0,0,0,0,0
0.015983,0.014281,0.024246,0,0,0,0,0,0,0,0,0,0,0,0
0.028014,0.016064,0.014785,0,0,0,0,0,0,0,0,0,0,0,0
0.037093,0.032247,0.030498,0,0,0,0,0,0,0,0,0,0,0,0
0.017177,0.0166,0.015732,0,0,0,0,0,0,0,0,0,0,0,0
0.017662,0.015949,0.022651,0,0,0,0,0,0,0,0,0,0,0,0
0.015689,0.015227,0.014845,0,0,0,0,0,0,0,0,0,0,0,0
0.016215,0.015643,0.015243,0,0,0,0,0,0,0,0,0,0,0,0
0.017186,0.01563,0.014756,0,0,0,0,0,0,0,0,0,0,0,0
0.037983,0.034917,0.029892,0,0,0,0,0,0,0,0,0,0,0,0
0.016464,0.015605,0.014424,0,0,0,0,0,0,0,0,0,0,0,0
0.017061,0.015283,0.015418,0,0,0,0,0,0,0,0,0,0,0,0
0.017777,0.016198,0.015408,0,0,0,0,0,0,0,0,0,0,0,0
0.01922,0.016015,0.015497,0,0,0,0,0,0,0,0,0,0,0,0
0.01715,0.015142,0.014966,0,0,0,0,0,0,0,0,0,0,0,0
0.037663,0.048265,0.030016,0,0,0,0,0,0,0,0,0,0,0,0
0.019256,0.022857,0.016262,0,0,0,0,0,0,0,0,0,0,0,0
0.01784,0.024683,0.015667,0,0,0,0,0,0,0,0,0,0,0,0
0.016456,0.015515,0.015406,0,0,0,0,0,0,0,0,0,0,0,0
0.016077,0.015855,0.023283,0,0,0,0,0,0,0,0,0,0,0,0
0.016377,0.015308,0.015237,0,0,0,0,0,0,0,0,0,0,0,0
0.038175,0.030661,0.031899,0,0,0,0,0,0,0,0,0,0,0,0
0.014987,0.014889,0.016312,0,0,0,0,0,0,0,0,0,0,0,0
0.016324,0.015983,0.015733,0,0,0,0,0,0,0,0,0,0,0,0
0.017103,0.01582,0.014527,0,0,0,0,0,0,0,0,0,0,0,0
0.016254,0.021328,0.01554,0,0,0,0,0,0,0,0,0,0,0,0
0.016209,0.021211,0.014646,0,0,0,0,0,0,0,0,0,0,0,0
0.037677,0.028577,0.034222,0,0,0,0,0,0,0,0,0,0,0,0
0.016448,0.014805,0.015976,0,0,0,0,0,0,0,0,0,0,0,0
0.017439,0.019458,0.014611,0,0,0,0,0,0,0,0,0,0,0,0
0.020879,0.015595,0.015187,0,0,0,0,0,0,0,0,0,0,0,0
0.016472,0.015709,0.016306,0,0,0,0,0,0,0,0,0,0,0,0
0.017289,0.015718,0.015483,0,0,0,0,0,0,0,0,0,0,0,0
0.036159,0.030022,0.028968,0,0,0,0,0,0,0,0,0,0,0,0
0.026453,0.015621,0.014143,0,0,0,0,0,0,0,0,0,0,0,0
0.015929,0.01546,0.015479,0,0,0,0,0,0,0,0,0,0,0,0
0.015667,0.022967,0.015288,0,0,0,0,0,0,0,0,0,0,0,0
0.015432,0.015993,0.015582,0,0,0,0,0,0,0,0,0,0,0,0
0.015358,0.015524,0.015323,0,0,0,0,0,0,0,0,0,0,0,0
0.030147,0.030964,0.029333,0,0,0,0,0,0,0,0,0,0,0,0
0.026694,0.015612,0.014565,0,0,0,0,0,0,0,0,0,0,0,0
0.016611,0.015722,0.014911,0,0,0,0,0,0,0,0,0,0,0,0
0.015186,0.015491,0.015612,0,0,0,0,0,0,0,0,0,0,0,0
0.016276,0.015273,0.015126,0,0,0,0,0,0,0,0,0,0,0,0
0.016266,0.015786,0.026748,0,0,0,0,0,0,0,0,0,0,0,0
0.032139,0.030692,0.030675,0,0,0,0,0,0,0,0,0,0,0,0
0.015128,0.015535,0.015746,0,0,0,0,0,0,0,0,0,0,0,0
0.016621,0.015657,0.01542,0,0,0,0,0,0,0,0,0,0,0,0
0.015879,0.015829,0.015234,0,0,0,0,0,0,0,0,0,0,0,0
0.015463,0.015252,0.014535,0,0,0,0,0,0,0,0,0,0,0,0
0.017437,0.015114,0.014277,0,0,0,0,0,0,0,0,0,0,0,0
0.030095,0.03102,0.02911,0,0,0,0,0,0,0,0,0,0,0,0
0.015542,0.015683,0.01564,0,0,0,0,0,0,0,0,0,0,0,0
0.016553,0.015525,0.01595,0,0,0,0,0,0,0,0,0,0,0,0
0.016003,0.015156,0.015436,0,0,0,0,0,0,0,0,0,0,0,0
0.015489,0.015405,0.015295,0,0,0,0,0,0,0,0,0,0,0,0
0.016104,0.015541,0.015541,0,0,0,0,0,0,0,0,0,0,0,0
0.036306,0.033021,0.039625,0,0,0,0,0,0,0,0,0,0,0,0
0.017636,0.028894,0.023605,0,0,0,0,0,0,0,0,0,0,0,0
0.017365,0.016187,0.015095,0,0,0,0,0,0,0,0,0,0,0,0
0.015466,0.015509,0.015468,0,0,0,0,0,0,0,0,0,0,0,0
0.020908,0.015161,0.015641,0,0,0,0,0,0,0,0,0,0,0,0
0.016104,0.015775,0.015334,0,0,0,0,0,0,0,0,0,0,0,0
0.068698,0.031288,0.029017,0,0,0,0,0,0,0,0,0,0,0,0
0.015136,0.015406,0.01483,0,0,0,0,0,0,0,0,0,0,0,0
0.016509,0.020996,0.027165,0,0,0,0,0,0,0,0,0,0,0,0
0.017218,0.01727,0.028186,0,0,0,0,0,0,0,0,0,0,0,0
0.016041,0.017098,0.016841,0,0,0,0,0,0,0,0,0,0,0,0
0.015925,0.01727,0.016224,0,0,0,0,0,0,0,0,0,0,0,0
0.030507,0.031587,0.030401,0,0,0,0,0,0,0,0,0,0,0,0
0.018917,0.025579,0.028024,0,0,0,0,0,0,0,0,0,0,0,0
0.024692,0.016734,0.015444,0,0,0,0,0,0,0,0,0,0,0,0
0.016165,0.016138,0.015613,0,0,0,0,0,0,0,0,0,0,0,0
0.016095,0.015485,0.015456,0,0,0,0,0,0,0,0,0,0,0,0
0.01658,0.015949,0.015357,0,0,0,0,0,0,0,0,0,0,0,0
0.030577,0.03082,0.046683,0,0,0,0,0,0,0,0,0,0,0,0
0.016235,0.02345,0.015855,0,0,0,0,0,0,0,0,0,0,0,0
0.016148,0.015301,0.01581,0,0,0,0,0,0,0,0,0,0,0,0
0.015693,0.0155,0.015528,0,0,0,0,0,0,0,0,0,0,0,0
0.015507,0.015554,0.015563,0,0,0,0,0,0,0,0,0,0,0,0
0.014921,0.015489,0.020885,0,0,0,0,0,0,0,0,0,0,0,0
0.0309,0.030701,0.031271,0,0,0,0,0,0,0,0,0,0,0,0
0.015603,0.016217,0.015691,0,0,0,0,0,0,0,0,0,0,0,0
0.015703,0.023246,0.015736,0,0,0,0,0,0,0,0,0,0,0,0
0.020744,0.023272,0.016903,0,0,0,0,0,0,0,0,0,0,0,0
0.019587,0.016189,0.015881,0,0,0,0,0,0,0,0,0,0,0,0
0.017238,0.015533,0.015591,0,0,0,0,0,0,0,0,0,0,0,0
0.039877,0.031553,0.030855,0,0,0,0,0,0,0,0,0,0,0,0
0.015486,0.0151,0.017037,0,0,0,0,0,0,0,0,0,0,0,0
0.015224,0.015456,0.015902,0,0,0,0,0,0,0,0,0,0,0,0
0.016304,0.015889,0.01581,0,0,0,0,0,0,0,0,0,0,0,0
0.021538,0.016367,0.016591,0,0,0,0,0,0,0,0,0,0,0,0
0.015487,0.016755,0.015741,0,0,0,0,0,0,0,0,0,0,0,0
0.03086,0.032696,0.041473,0,0,0,0,0,0,0,0,0,0,0,0
0.016229,0.015776,0.023941,0,0,0,0,0,0,0,0,0,0,0,0
0.022967,0.016015,0.016017,0,0,0,0,0,0,0,0,0,0,0,0
0.016071,0.017573,0.017534,0,0,0,0,0,0,0,0,0,0,0,0
0.01529,0.015778,0.01612,0,0,0,0,0,0,0,0,0,0,0,0
0.026679,0.015868,0.017636,0,0,0,0,0,0,0,0,0,0,0,0
0.032715,0.039696,0.03163,0,0,0,0,0,0,0,0,0,0,0,0
0.017479,0.015628,0.016839,0,0,0,0,0,0,0,0,0,0,0,0
0.016022,0.016475,0.015766,0,0,0,0,0,0,0,0,0,0,0,0
0.015702,0.016697,0.016678,0,0,0,0,0,0,0,0,0,0,0,0
0.027197,0.024539,0.016271,0,0,0,0,0,0,0,0,0,0,0,0
0.016018,0.016516,0.016201,0,0,0,0,0,0,0,0,0,0,0,0
0.031063,0.031191,0.030033,0,0,0,0,0,0,0,0,0,0,0,0
0.015716,0.01671,0.01609,0,0,0,0,0,0,0,0,0,0,0,0
0.015886,0.016009,0.015725,0,0,0,0,0,0,0,0,0,0,0,0
0.016405,0.027543,0.015864,0,0,0,0,0,0,0,0,0,0,0,0
0.015644,0.015689,0.015223,0,0,0,0,0,0,0,0,0,0,0,0
0.016384,0.015206,0.015482,0,0,0,0,0,0,0,0,0,0,0,0
0.031727,0.040902,0.036029,0,0,0,0,0,0,0,0,0,0,0,0
0.01659,0.017382,0.015901,0,0,0,0,0,0,0,0,0,0,0,0
0.016282,0.018453,0.017194,0,0,0,0,0,0,0,0,0,0,0,0
0.01752,0.017164,0.016482,0,0,0,0,0,0,0,0,0,0,0,0
0.036251,0.016155,0.015468,0,0,0,0,0,0,0,0,0,0,0,0
0.018174,0.0167,0.01543,0,0,0,0,0,0,0,0,0,0,0,0
0.038788,0.031839,0.035771,0,0,0,0,0,0,0,0,0,0,0,0
0.017552,0.025538,0.01562,0,0,0,0,0,0,0,0,0,0,0,0
0.017082,0.016167,0.015517,0,0,0,0,0,0,0,0,0,0,0,0
0.016052,0.016622,0.01584,0,0,0,0,0,0,0,0,0,0,0,0
0.016419,0.016475,0.016254,0,0,0,0,0,0,0,0,0,0,0,0
0.015338,0.016711,0.016422,0,0,0,0,0,0,0,0,0,0,0,0
0.032582,0.030889,0.032481,0,0,0,0,0,0,0,0,0,0,0,0
0.028881,0.017553,0.016747,0,0,0,0,0,0,0,0,0,0,0,0
0.024496,0.016185,0.016365,0,0,0,0,0,0,0,0,0,0,0,0
0.016769,0.01665,0.016411,0,0,0,0,0,0,0,0,0,0,0,0
0.016792,0.016928,0.015712,0,0,0,0,0,0,0,0,0,0,0,0
0.015944,0.015733,0.015408,0,0,0,0,0,0,0,0,0,0,0,0
0.035593,0.031245,0.031331,0,0,0,0,0,0,0,0,0,0,0,0
0.018117,0.015695,0.015555,0,0,0,0,0,0,0,0,0,0,0,0
0.017241,0.018301,0.016892,0,0,0,0,0,0,0,0,0,0,0,0
0.017912,0.016111,0.016361,0,0,0,0,0,0,0,0,0,0,0,0
0.015693,0.015564,0.016437,0,0,0,0,0,0,0,0,0,0,0,0
0.017063,0.016043,0.01596,0,0,0,0,0,0,0,0,0,0,0,0
0.049257,0.033117,0.032122,0,0,0,0,0,0,0,0,0,0,0,0
0.020194,0.015482,0.015398,0,0,0,0,0,0,0,0,0,0,0,0
0.015681,0.016388,0.015355,0,0,0,0,0,0,0,0,0,0,0,0
0.032493,0.033686,0.031121,0,0,0,0,0,0,0,0,0,0,0,0
0.022922,0.016317,0.015889,0,0,0,0,0,0,0,0,0,0,0,0
0.016479,0.01636,0.015701,0,0,0,0,0,0,0,0,0,0,0,0
0.030986,0.038392,0.032928,0,0,0,0,0,0,0,0,0,0,0,0
0.015924,0.015168,0.016317,0,0,0,0,0,0,0,0,0,0,0,0
0.015357,0.015594,0.015852,0,0,0,0,0,0,0,0,0,0,0,0
0.027591,0.015478,0.016802,0,0,0,0,0,0,0,0,0,0,0,0
0.015566,0.015397,0.016305,0,0,0,0,0,0,0,0,0,0,0,0
0.01584,0.017431,0.015882,0,0,0,0,0,0,0,0,0,0,0,0
0.052776,0.032531,0.038084,0,0,0,0,0,0,0,0,0,0,0,0
0.024011,0.018557,0.016042,0,0,0,0,0,0,0,0,0,0,0,0
0.016228,0.02389,0.015854,0,0,0,0,0,0,0,0,0,0,0,0
0.034515,0.015798,0.01564,0,0,0,0,0,0,0,0,0,0,0,0
0.047177,0.016028,0.015582,0,0,0,0,0,0,0,0,0,0,0,0
0.016335,0.016373,0.015745,0,0,0,0,0,0,0,0,0,0,0,0
0.0319,0.033416,0.032418,0,0,0,0,0,0,0,0,0,0,0,0
0.023735,0.024667,0.016644,0,0,0,0,0,0,0,0,0,0,0,0
0.016668,0.016219,0.015984,0,0,0,0,0,0,0,0,0,0,0,0
0.016716,0.017577,0.015846,0,0,0,0,0,0,0,0,0,0,0,0
0.015876,0.015735,0.015504,0,0,0,0,0,0,0,0,0,0,0,0
0.015625,0.016225,0.015723,0,0,0,0,0,0,0,0,0,0,0,0
0.032366,0.033355,0.032811,0,0,0,0,0,0,0,0,0,0,0,0
0.017697,0.019669,0.017914,0,0,0,0,0,0,0,0,0,0,0,0
0.016081,0.016539,0.016844,0,0,0,0,0,0,0,0,0,0,0,0
0.016547,0.01897,0.0169,0,0,0,0,0,0,0,0,0,0,0,0
0.016639,0.022669,0.017265,0,0,0,0,0,0,0,0,0,0,0,0
0.015988,0.015929,0.017439,0,0,0,0,0,0,0,0,0,0,0,0
0.031094,0.032192,0.033954,0,0,0,0,0,0,0,0,0,0,0,0
0.027713,0.021771,0.017012,0,0,0,0,0,0,0,0,0,0,0,0
0.016394,0.016297,0.01672,0,0,0,0,0,0,0,0,0,0,0,0
0.017228,0.015944,0.017183,0,0,0,0,0,0,0,0,0,0,0,0
0.019665,0.016768,0.017227,0,0,0,0,0,0,0,0,0,0,0,0
0.015958,0.016551,0.016719,0,0,0,0,0,0,0,0,0,0,0,0
0.031327,0.031174,0.031439,0,0,0,0,0,0,0,0,0,0,0,0
0.015928,0.016101,0.016026,0,0,0,0,0,0,0,0,0,0,0,0
0.016312,0.01638,0.016274,0,0,0,0,0,0,0,0,0,0,0,0
0.016068,0.016916,0.018297,0,0,0,0,0,0,0,0,0,0,0,0
0.016477,0.016048,0.016344,0,0,0,0,0,0,0,0,0,0,0,0
0.016215,0.016488,0.017116,0,0,0,0,0,0,0,0,0,0,0,0
0.045702,0.030752,0.032169,0,0,0,0,0,0,0,0,0,0,0,0
0.018285,0.019852,0.019323,0,0,0,0,0,0,0,0,0,0,0,0
0.017097,0.022266,0.017202,0,0,0,0,0,0,0,0,0,0,0,0
0.018033,0.01569,0.016509,0,0,0,0,0,0,0,0,0,0,0,0
0.016737,0.016551,0.016657,0,0,0,0,0,0,0,0,0,0,0,0
0.016081,0.015818,0.01573,0,0,0,0,0,0,0,0,0,0,0,0
0.031478,0.031929,0.031867,0,0,0,0,0,0,0,0,0,0,0,0
0.017369,0.022357,0.017201,0,0,0,0,0,0,0,0,0,0,0,0
0.016148,0.016817,0.016433,0,0,0,0,0,0,0,0,0,0,0,0
0.01635,0.016308,0.017581,0,0,0,0,0,0,0,0,0,0,0,0
0.01775,0.016627,0.016792,0,0,0,0,0,0,0,0,0,0,0,0
0.016448,0.016822,0.016695,0,0,0,0,0,0,0,0,0,0,0,0
0.035655,0.033507,0.032387,0,0,0,0,0,0,0,0,0,0,0,0
0.017524,0.016528,0.02393,0,0,0,0,0,0,0,0,0,0,0,0
0.016491,0.016286,0.018008,0,0,0,0,0,0,0,0,0,0,0,0
0.018003,0.026682,0.01782,0,0,0,0,0,0,0,0,0,0,0,0
0.019339,0.018997,0.01766,0,0,0,0,0,0,0,0,0,0,0,0
0.01652,0.016834,0.017469,0,0,0,0,0,0,0,0,0,0,0,0
0.033335,0.034928,0.036942,0,0,0,0,0,0,0,0,0,0,0,0
0.017176,0.017795,0.018548,0,0,0,0,0,0,0,0,0,0,0,0
0.01768,0.016882,0.018339,0,0,0,0,0,0,0,0,0,0,0,0
0.01721,0.025121,0.017436,0,0,0,0,0,0,0,0,0,0,0,0
0.01737,0.016871,0.018327,0,0,0,0,0,0,0,0,0,0,0,0
0.016111,0.037888,0.017529,0,0,0,0,0,0,0,0,0,0,0,0
0.031235,0.029502,0.037058,0,0,0,0,0,0,0,0,0,0,0,0
0.015727,0.015357,0.016628,0,0,0,0,0,0,0,0,0,0,0,0
0.019605,0.015079,0.015972,0,0,0,0,0,0,0,0,0,0,0,0
0.014733,0.014607,0.01583,0,0,0,0,0,0,0,0,0,0,0,0
0.015349,0.014915,0.015809,0,0,0,0,0,0,0,0,0,0,0,0
0.014997,0.022535,0.017172,0,0,0,0,0,0,0,0,0,0,0,0
0.031555,0.032364,0.044955,0,0,0,0,0,0,0,0,0,0,0,0
0.015174,0.01706,0.016158,0,0,0,0,0,0,0,0,0,0,0,0
0.015102,0.017081,0.016424,0,0,0,0,0,0,0,0,0,0,0,0
0.015243,0.018157,0.016551,0,0,0,0,0,0,0,0,0,0,0,0
0.01538,0.015604,0.015707,0,0,0,0,0,0,0,0,0,0,0,0
0.015166,0.016061,0.015581,0,0,0,0,0,0,0,0,0,0,0,0
0.03041,0.031052,0.034968,0,0,0,0,0,0,0,0,0,0,0,0
0.015265,0.015156,0.015652,0,0,0,0,0,0,0,0,0,0,0,0
0.015554,0.015062,0.016957,0,0,0,0,0,0,0,0,0,0,0,0
0.015834,0.025152,0.016366,0,0,0,0,0,0,0,0,0,0,0,0
0.015177,0.015874,0.015831,0,0,0,0,0,0,0,0,0,0,0,0
0.015181,0.015517,0.015741,0,0,0,0,0,0,0,0,0,0,0,0
0.032325,0.033188,0.036157,0,0,0,0,0,0,0,0,0,0,0,0
0.038414,0.01698,0.016684,0,0,0,0,0,0,0,0,0,0,0,0
0.018823,0.015532,0.016735,0,0,0,0,0,0,0,0,0,0,0,0
0.015436,0.015435,0.017275,0,0,0,0,0,0,0,0,0,0,0,0
0.017696,0.01638,0.016083,0,0,0,0,0,0,0,0,0,0,0,0
0.015896,0.016761,0.018317,0,0,0,0,0,0,0,0,0,0,0,0
0.028885,0.035845,0.034937,0,0,0,0,0,0,0,0,0,0,0,0
0.015604,0.014934,0.015346,0,0,0,0,0,0,0,0,0,0,0,0
0.014962,0.015787,0.015669,0,0,0,0,0,0,0,0,0,0,0,0
0.015705,0.018148,0.015378,0,0,0,0,0,0,0,0,0,0,0,0
0.028563,0.015802,0.015519,0,0,0,0,0,0,0,0,0,0,0,0
0.01566,0.016209,0.015298,0,0,0,0,0,0,0,0,0,0,0,0
0.031204,0.036544,0.043215,0,0,0,0,0,0,0,0,0,0,0,0
0.023635,0.017472,0.01956,0,0,0,0,0,0,0,0,0,0,0,0
0.016125,0.028918,0.01799,0,0,0,0,0,0,0,0,0,0,0,0
0.016852,0.016493,0.02346,0,0,0,0,0,0,0,0,0,0,0,0
0.016006,0.01584,0.017704,0,0,0,0,0,0,0,0,0,0,0,0
0.041367,0.018321,0.01633,0,0,0,0,0,0,0,0,0,0,0,0
0.031195,0.043014,0.038724,0,0,0,0,0,0,0,0,0,0,0,0
0.016197,0.023844,0.01759,0,0,0,0,0,0,0,0,0,0,0,0
0.017255,0.016248,0.01674,0,0,0,0,0,0,0,0,0,0,0,0
0.017205,0.016059,0.018296,0,0,0,0,0,0,0,0,0,0,0,0
0.016215,0.027492,0.01697,0,0,0,0,0,0,0,0,0,0,0,0
0.02569,0.016775,0.025148,0,0,0,0,0,0,0,0,0,0,0,0
0.031429,0.030489,0.036471,0,0,0,0,0,0,0,0,0,0,0,0
0.018215,0.016301,0.017411,0,0,0,0,0,0,0,0,0,0,0,0
0.015885,0.028059,0.015491,0,0,0,0,0,0,0,0,0,0,0,0
0.0154,0.015393,0.017496,0,0,0,0,0,0,0,0,0,0,0,0
0.028152,0.0224,0.016498,0,0,0,0,0,0,0,0,0,0,0,0
0.01697,0.015223,0.015517,0,0,0,0,0,0,0,0,0,0,0,0
0.030443,0.029751,0.030498,0,0,0,0,0,0,0,0,0,0,0,0
0.016209,0.026696,0.016456,0,0,0,0,0,0,0,0,0,0,0,0
0.026904,0.015735,0.016726,0,0,0,0,0,0,0,0,0,0,0,0
0.015007,0.015084,0.0161,0,0,0,0,0,0,0,0,0,0,0,0
0.014982,0.015438,0.015827,0,0,0,0,0,0,0,0,0,0,0,0
0.015306,0.015411,0.015015,0,0,0,0,0,0,0,0,0,0,0,0
0.028007,0.029363,0.030067,0,0,0,0,0,0,0,0,0,0,0,0
0.016424,0.015613,0.016095,0,0,0,0,0,0,0,0,0,0,0,0
0.016139,0.016238,0.015876,0,0,0,0,0,0,0,0,0,0,0,0
0.015905,0.01733,0.015606,0,0,0,0,0,0,0,0,0,0,0,0
0.014784,0.01533,0.015687,0,0,0,0,0,0,0,0,0,0,0,0
0.015124,0.015729,0.015777,0,0,0,0,0,0,0,0,0,0,0,0
0.03404,0.031746,0.031579,0,0,0,0,0,0,0,0,0,0,0,0
0.016101,0.016199,0.016793,0,0,0,0,0,0,0,0,0,0,0,0
0.017089,0.015287,0.015499,0,0,0,0,0,0,0,0,0,0,0,0
0.01526,0.015665,0.016026,0,0,0,0,0,0,0,0,0,0,0,0
0.027014,0.015372,0.017303,0,0,0,0,0,0,0,0,0,0,0,0
0.015861,0.015027,0.016905,0,0,0,0,0,0,0,0,0,0,0,0
0.029591,0.030564,0.031382,0,0,0,0,0,0,0,0,0,0,0,0
0.015784,0.015183,0.023579,0,0,0,0,0,0,0,0,0,0,0,0
0.016196,0.015291,0.016236,0,0,0,0,0,0,0,0,0,0,0,0
0.015091,0.015264,0.016707,0,0,0,0,0,0,0,0,0,0,0,0
0.0164,0.016134,0.016707,0,0,0,0,0,0,0,0,0,0,0,0
0.014582,0.014712,0.016743,0,0,0,0,0,0,0,0,0,0,0,0
0.029759,0.03735,0.036499,0,0,0,0,0,0,0,0,0,0,0,0
0.01617,0.016518,0.01787,0,0,0,0,0,0,0,0,0,0,0,0
0.015663,0.015796,0.01571,0,0,0,0,0,0,0,0,0,0,0,0
0.015239,0.02731,0.023462,0,0,0,0,0,0,0,0,0,0,0,0
0.015487,0.023639,0.016567,0,0,0,0,0,0,0,0,0,0,0,0
0.015397,0.015457,0.016676,0,0,0,0,0,0,0,0,0,0,0,0
0.037816,0.029417,0.03597,0,0,0,0,0,0,0,0,0,0,0,0
0.016979,0.014708,0.015565,0,0,0,0,0,0,0,0,0,0,0,0
0.018835,0.015457,0.015724,0,0,0,0,0,0,0,0,0,0,0,0
0.015306,0.014741,0.01632,0,0,0,0,0,0,0,0,0,0,0,0
0.015148,0.014778,0.015914,0,0,0,0,0,0,0,0,0,0,0,0
0.015307,0.027294,0.016629,0,0,0,0,0,0,0,0,0,0,0,0
0.030593,0.029046,0.036545,0,0,0,0,0,0,0,0,0,0,0,0
0.01477,0.015364,0.016326,0,0,0,0,0,0,0,0,0,0,0,0
0.016343,0.015392,0.016393,0,0,0,0,0,0,0,0,0,0,0,0
0.015425,0.016047,0.016168,0,0,0,0,0,0,0,0,0,0,0,0
0.01725,0.027769,0.016176,0,0,0,0,0,0,0,0,0,0,0,0
0.015047,0.014919,0.01577,0,0,0,0,0,0,0,0,0,0,0,0
0.029199,0.027967,0.042098,0,0,0,0,0,0,0,0,0,0,0,0
0.015039,0.020422,0.015984,0,0,0,0,0,0,0,0,0,0,0,0
0.01539,0.01434,0.016354,0,0,0,0,0,0,0,0,0,0,0,0
0.015441,0.014884,0.015966,0,0,0,0,0,0,0,0,0,0,0,0
0.030421,0.014587,0.015304,0,0,0,0,0,0,0,0,0,0,0,0
0.016173,0.01358,0.01547,0,0,0,0,0,0,0,0,0,0,0,0
0.029241,0.027584,0.03361,0,0,0,0,0,0,0,0,0,0,0,0
0.024189,0.014372,0.015745,0,0,0,0,0,0,0,0,0,0,0,0
0.015786,0.019148,0.016034,0,0,0,0,0,0,0,0,0,0,0,0
0.025552,0.014817,0.015576,0,0,0,0,0,0,0,0,0,0,0,0
0.017461,0.015731,0.016147,0,0,0,0,0,0,0,0,0,0,0,0
0.015707,0.014797,0.017707,0,0,0,0,0,0,0,0,0,0,0,0
0.031427,0.028343,0.029877,0,0,0,0,0,0,0,0,0,0,0,0
0.015057,0.014082,0.015425,0,0,0,0,0,0,0,0,0,0,0,0
0.01477,0.013778,0.016273,0,0,0,0,0,0,0,0,0,0,0,0
0.014712,0.014675,0.017049,0,0,0,0,0,0,0,0,0,0,0,0
0.016407,0.015758,0.017883,0,0,0,0,0,0,0,0,0,0,0,0
0.015817,0.031334,0.017284,0,0,0,0,0,0,0,0,0,0,0,0
0.030854,0.030306,0.031446,0,0,0,0,0,0,0,0,0,0,0,0
0.016126,0.016204,0.016269,0,0,0,0,0,0,0,0,0,0,0,0
0.016711,0.015495,0.017111,0,0,0,0,0,0,0,0,0,0,0,0
0.017716,0.015247,0.016656,0,0,0,0,0,0,0,0,0,0,0,0
0.02895,0.020757,0.017959,0,0,0,0,0,0,0,0,0,0,0,0
0.016128,0.033622,0.016493,0,0,0,0,0,0,0,0,0,0,0,0
0.032153,0.037583,0.033135,0,0,0,0,0,0,0,0,0,0,0,0
0.017001,0.017564,0.017478,0,0,0,0,0,0,0,0,0,0,0,0
0.016347,0.017904,0.017547,0,0,0,0,0,0,0,0,0,0,0,0
0.01659,0.01701,0.016487,0,0,0,0,0,0,0,0,0,0,0,0
0.016095,0.018185,0.017122,0,0,0,0,0,0,0,0,0,0,0,0
0.015564,0.015893,0.016989,0,0,0,0,0,0,0,0,0,0,0,0
0.03699,0.039344,0.034269,0,0,0,0,0,0,0,0,0,0,0,0
0.016263,0.016309,0.016615,0,0,0,0,0,0,0,0,0,0,0,0
0.015972,0.017341,0.017067,0,0,0,0,0,0,0,0,0,0,0,0
0.016016,0.016491,0.017429,0,0,0,0,0,0,0,0,0,0,0,0
0.016707,0.017092,0.017498,0,0,0,0,0,0,0,0,0,0,0,0
0.016753,0.017325,0.017309,0,0,0,0,0,0,0,0,0,0,0,0
0.037646,0.037212,0.031349,0,0,0,0,0,0,0,0,0,0,0,0
0.016436,0.017423,0.016558,0,0,0,0,0,0,0,0,0,0,0,0
0.016791,0.018814,0.017711,0,0,0,0,0,0,0,0,0,0,0,0
0.026029,0.018155,0.016685,0,0,0,0,0,0,0,0,0,0,0,0
0.017891,0.017681,0.017713,0,0,0,0,0,0,0,0,0,0,0,0
0.016206,0.017589,0.0181,0,0,0,0,0,0,0,0,0,0,0,0
0.03095,0.038697,0.031473,0,0,0,0,0,0,0,0,0,0,0,0
0.017457,0.017291,0.017268,0,0,0,0,0,0,0,0,0,0,0,0
0.016141,0.018259,0.017795,0,0,0,0,0,0,0,0,0,0,0,0
0.016336,0.017584,0.016378,0,0,0,0,0,0,0,0,0,0,0,0
0.01714,0.017093,0.016425,0,0,0,0,0,0,0,0,0,0,0,0
0.016,0.016933,0.016451,0,0,0,0,0,0,0,0,0,0,0,0
0.031875,0.040388,0.030711,0,0,0,0,0,0,0,0,0,0,0,0
0.01605,0.019792,0.016627,0,0,0,0,0,0,0,0,0,0,0,0
0.019368,0.026603,0.01718,0,0,0,0,0,0,0,0,0,0,0,0
0.023757,0.016745,0.017438,0,0,0,0,0,0,0,0,0,0,0,0
0.016876,0.016192,0.017232,0,0,0,0,0,0,0,0,0,0,0,0
0.016424,0.01761,0.016792,0,0,0,0,0,0,0,0,0,0,0,0
0.046527,0.037091,0.036688,0,0,0,0,0,0,0,0,0,0,0,0
0.016057,0.017651,0.016211,0,0,0,0,0,0,0,0,0,0,0,0
0.025142,0.016541,0.017812,0,0,0,0,0,0,0,0,0,0,0,0
0.024329,0.023956,0.01627,0,0,0,0,0,0,0,0,0,0,0,0
0.016529,0.018112,0.017215,0,0,0,0,0,0,0,0,0,0,0,0
0.015874,0.029561,0.016953,0,0,0,0,0,0,0,0,0,0,0,0
0.030918,0.037131,0.031012,0,0,0,0,0,0,0,0,0,0,0,0
0.0159,0.018539,0.016766,0,0,0,0,0,0,0,0,0,0,0,0
0.016245,0.017438,0.017913,0,0,0,0,0,0,0,0,0,0,0,0
0.016342,0.017276,0.017579,0,0,0,0,0,0,0,0,0,0,0,0
0.017179,0.018184,0.018017,0,0,0,0,0,0,0,0,0,0,0,0
0.016176,0.019877,0.017573,0,0,0,0,0,0,0,0,0,0,0,0
0.031015,0.037924,0.032991,0,0,0,0,0,0,0,0,0,0,0,0
0.025089,0.017462,0.017695,0,0,0,0,0,0,0,0,0,0,0,0
0.016506,0.018479,0.016709,0,0,0,0,0,0,0,0,0,0,0,0
0.017093,0.017614,0.018081,0,0,0,0,0,0,0,0,0,0,0,0
0.017811,0.017472,0.017015,0,0,0,0,0,0,0,0,0,0,0,0
0.01632,0.016328,0.018202,0,0,0,0,0,0,0,0,0,0,0,0
0.041072,0.037784,0.031789,0,0,0,0,0,0,0,0,0,0,0,0
0.016775,0.016794,0.016841,0,0,0,0,0,0,0,0,0,0,0,0
0.016412,0.01823,0.017962,0,0,0,0,0,0,0,0,0,0,0,0
NaN,NaN,NaN,0,0,0,0,0,0,0,0,0,0,0,0
NaN,NaN,NaN,0,0,0,0,0,0,0,0,0,0,0,0
NaN,NaN,NaN,0,0,0,0,0,0,0,0,0,0,0,0
NaN,NaN,NaN,0,0,0,0,0,0,0,0,0,0,0,0
0.99455,1.0243,1.1144,0,0,0,0,0,0,0,0,0,0,0,0
0.14322,0.12899,0.14118,0,0,0,0,0,0,0,0,0,0,0,0
0.062057,0.063602,0.070105,0,0,0,0,0,0,0,0,0,0,0,0
0.048974,0.052143,0.056344,0,0,0,0,0,0,0,0,0,0,0,0
0.074797,0.077717,0.074424,0,0,0,0,0,0,0,0,0,0,0,0
0.059506,0.06073,0.06147,0,0,0,0,0,0,0,0,0,0,0,0
0.035778,0.049296,0.042832,0,0,0,0,0,0,0,0,0,0,0,0
0.039194,0.037553,0.032445,0,0,0,0,0,0,0,0,0,0,0,0
0.036979,0.034153,0.032427,0,0,0,0,0,0,0,0,0,0,0,0
0.022573,0.017218,0.018152,0,0,0,0,0,0,0,0,0,0,0,0
0.02582,0.014955,0.015577,0,0,0,0,0,0,0,0,0,0,0,0
0.015482,0.015038,0.015246,0,0,0,0,0,0,0,0,0,0,0,0
0.015924,0.015845,0.015659,0,0,0,0,0,0,0,0,0,0,0,0
0.014922,0.01557,0.015204,0,0,0,0,0,0,0,0,0,0,0,0
0.032219,0.032694,0.030911,0,0,0,0,0,0,0,0,0,0,0,0
0.014647,0.014933,0.014572,0,0,0,0,0,0,0,0,0,0,0,0
0.026646,0.018224,0.026602,0,0,0,0,0,0,0,0,0,0,0,0
0.015123,0.015488,0.014768,0,0,0,0,0,0,0,0,0,0,0,0
0.014591,0.015619,0.015301,0,0,0,0,0,0,0,0,0,0,0,0
0.015351,0.028746,0.016479,0,0,0,0,0,0,0,0,0,0,0,0
0.031528,0.033211,0.031565,0,0,0,0,0,0,0,0,0,0,0,0
0.014801,0.026545,0.01678,0,0,0,0,0,0,0,0,0,0,0,0
0.017449,0.017882,0.014648,0,0,0,0,0,0,0,0,0,0,0,0
0.014501,0.015616,0.014989,0,0,0,0,0,0,0,0,0,0,0,0
0.015167,0.015461,0.015831,0,0,0,0,0,0,0,0,0,0,0,0
0.014289,0.015277,0.015565,0,0,0,0,0,0,0,0,0,0,0,0
0.03108,0.031005,0.031008,0,0,0,0,0,0,0,0,0,0,0,0
0.014383,0.0158,0.015174,0,0,0,0,0,0,0,0,0,0,0,0
0.014632,0.015261,0.015703,0,0,0,0,0,0,0,0,0,0,0,0
0.016307,0.030387,0.015512,0,0,0,0,0,0,0,0,0,0,0,0
0.035,0.025782,0.030918,0,0,0,0,0,0,0,0,0,0,0,0
0.023836,0.018134,0.023337,0,0,0,0,0,0,0,0,0,0,0,0
0.03739,0.04168,0.035827,0,0,0,0,0,0,0,0,0,0,0,0
0.022541,0.023104,0.025264,0,0,0,0,0,0,0,0,0,0,0,0
0.021084,0.022919,0.023167,0,0,0,0,0,0,0,0,0,0,0,0
0.015,0.024595,0.016169,0,0,0,0,0,0,0,0,0,0,0,0
0.015468,0.015545,0.015276,0,0,0,0,0,0,0,0,0,0,0,0
0.019609,0.015648,0.014977,0,0,0,0,0,0,0,0,0,0,0,0
0.052356,0.03235,0.031188,0,0,0,0,0,0,0,0,0,0,0,0
0.018823,0.0219,0.019149,0,0,0,0,0,0,0,0,0,0,0,0
0.027065,0.016453,0.022642,0,0,0,0,0,0,0,0,0,0,0,0
0.01581,0.015924,0.024046,0,0,0,0,0,0,0,0,0,0,0,0
0.015762,0.014983,0.015509,0,0,0,0,0,0,0,0,0,0,0,0
0.015557,0.015684,0.015178,0,0,0,0,0,0,0,0,0,0,0,0
0.0345,0.041407,0.034816,0,0,0,0,0,0,0,0,0,0,0,0
0.016473,0.029129,0.016636,0,0,0,0,0,0,0,0,0,0,0,0
0.015609,0.016045,0.015493,0,0,0,0,0,0,0,0,0,0,0,0
0.016528,0.017318,0.016772,0,0,0,0,0,0,0,0,0,0,0,0
0.015629,0.01624,0.015679,0,0,0,0,0,0,0,0,0,0,0,0
0.041701,0.014833,0.016136,0,0,0,0,0,0,0,0,0,0,0,0
0.031727,0.033652,0.034021,0,0,0,0,0,0,0,0,0,0,0,0
0.015718,0.015289,0.015389,0,0,0,0,0,0,0,0,0,0,0,0
0.015375,0.015579,0.014901,0,0,0,0,0,0,0,0,0,0,0,0
0.01689,0.016116,0.015666,0,0,0,0,0,0,0,0,0,0,0,0
0.02398,0.01591,0.015583,0,0,0,0,0,0,0,0,0,0,0,0
0.016102,0.016569,0.015442,0,0,0,0,0,0,0,0,0,0,0,0
0.033644,0.047303,0.045727,0,0,0,0,0,0,0,0,0,0,0,0
0.015659,0.017613,0.015887,0,0,0,0,0,0,0,0,0,0,0,0
0.015398,0.016193,0.015282,0,0,0,0,0,0,0,0,0,0,0,0
0.015219,0.015652,0.015542,0,0,0,0,0,0,0,0,0,0,0,0
0.025607,0.015324,0.024433,0,0,0,0,0,0,0,0,0,0,0,0
0.015351,0.015258,0.015599,0,0,0,0,0,0,0,0,0,0,0,0
0.030401,0.032959,0.034019,0,0,0,0,0,0,0,0,0,0,0,0
0.026252,0.016031,0.015494,0,0,0,0,0,0,0,0,0,0,0,0
0.014801,0.015129,0.015357,0,0,0,0,0,0,0,0,0,0,0,0
0.014334,0.014633,0.01556,0,0,0,0,0,0,0,0,0,0,0,0
0.014528,0.014901,0.015668,0,0,0,0,0,0,0,0,0,0,0,0
0.015014,0.015651,0.01534,0,0,0,0,0,0,0,0,0,0,0,0
0.034637,0.031398,0.033194,0,0,0,0,0,0,0,0,0,0,0,0
0.015079,0.015385,0.014881,0,0,0,0,0,0,0,0,0,0,0,0
0.025077,0.022178,0.015309,0,0,0,0,0,0,0,0,0,0,0,0
0.014483,0.016221,0.015374,0,0,0,0,0,0,0,0,0,0,0,0
0.015318,0.015636,0.014696,0,0,0,0,0,0,0,0,0,0,0,0
0.014986,0.015715,0.021302,0,0,0,0,0,0,0,0,0,0,0,0
0.032911,0.031523,0.031433,0,0,0,0,0,0,0,0,0,0,0,0
0.01484,0.015354,0.015504,0,0,0,0,0,0,0,0,0,0,0,0
0.014486,0.015884,0.015662,0,0,0,0,0,0,0,0,0,0,0,0
0.01506,0.015127,0.022623,0,0,0,0,0,0,0,0,0,0,0,0
0.0142,0.015481,0.015238,0,0,0,0,0,0,0,0,0,0,0,0
0.014487,0.015154,0.015427,0,0,0,0,0,0,0,0,0,0,0,0
0.032211,0.030262,0.030579,0,0,0,0,0,0,0,0,0,0,0,0
0.015642,0.014842,0.015651,0,0,0,0,0,0,0,0,0,0,0,0
0.015031,0.014743,0.015351,0,0,0,0,0,0,0,0,0,0,0,0
0.021209,0.015211,0.017282,0,0,0,0,0,0,0,0,0,0,0,0
0.022199,0.014955,0.025071,0,0,0,0,0,0,0,0,0,0,0,0
0.02392,0.015271,0.015993,0,0,0,0,0,0,0,0,0,0,0,0
0.031469,0.030783,0.040557,0,0,0,0,0,0,0,0,0,0,0,0
0.015729,0.015054,0.016682,0,0,0,0,0,0,0,0,0,0,0,0
0.024959,0.015804,0.015546,0,0,0,0,0,0,0,0,0,0,0,0
0.015365,0.015232,0.015677,0,0,0,0,0,0,0,0,0,0,0,0
0.014397,0.015728,0.016853,0,0,0,0,0,0,0,0,0,0,0,0
0.015081,0.01559,0.014819,0,0,0,0,0,0,0,0,0,0,0,0
0.034019,0.03148,0.031469,0,0,0,0,0,0,0,0,0,0,0,0
0.015078,0.015402,0.015167,0,0,0,0,0,0,0,0,0,0,0,0
0.013931,0.015629,0.015616,0,0,0,0,0,0,0,0,0,0,0,0
0.014938,0.015593,0.015634,0,0,0,0,0,0,0,0,0,0,0,0
0.01398,0.015341,0.013531,0,0,0,0,0,0,0,0,0,0,0,0
0.014078,0.015733,0.032757,0,0,0,0,0,0,0,0,0,0,0,0
0.034107,0.03765,0.034159,0,0,0,0,0,0,0,0,0,0,0,0
0.014979,0.016516,0.015592,0,0,0,0,0,0,0,0,0,0,0,0
0.029857,0.015346,0.015799,0,0,0,0,0,0,0,0,0,0,0,0
0.014218,0.015054,0.015886,0,0,0,0,0,0,0,0,0,0,0,0
0.014911,0.015485,0.023078,0,0,0,0,0,0,0,0,0,0,0,0
0.014672,0.015834,0.014881,0,0,0,0,0,0,0,0,0,0,0,0
0.031332,0.041975,0.032466,0,0,0,0,0,0,0,0,0,0,0,0
0.0161,0.016617,0.015444,0,0,0,0,0,0,0,0,0,0,0,0
0.015021,0.015452,0.023286,0,0,0,0,0,0,0,0,0,0,0,0
0.014083,0.015466,0.015278,0,0,0,0,0,0,0,0,0,0,0,0
0.014887,0.015222,0.021071,0,0,0,0,0,0,0,0,0,0,0,0
0.014559,0.015933,0.014545,0,0,0,0,0,0,0,0,0,0,0,0
0.043603,0.031558,0.034577,0,0,0,0,0,0,0,0,0,0,0,0
0.015217,0.022428,0.015587,0,0,0,0,0,0,0,0,0,0,0,0
0.015589,0.024376,0.01596,0,0,0,0,0,0,0,0,0,0,0,0
0.014656,0.023657,0.016141,0,0,0,0,0,0,0,0,0,0,0,0
0.01483,0.016396,0.014987,0,0,0,0,0,0,0,0,0,0,0,0
0.015776,0.016038,0.015208,0,0,0,0,0,0,0,0,0,0,0,0
0.035776,0.037337,0.031712,0,0,0,0,0,0,0,0,0,0,0,0
0.01478,0.014843,0.014779,0,0,0,0,0,0,0,0,0,0,0,0
0.016004,0.015825,0.01597,0,0,0,0,0,0,0,0,0,0,0,0
0.027794,0.016803,0.014924,0,0,0,0,0,0,0,0,0,0,0,0
0.023202,0.016512,0.025967,0,0,0,0,0,0,0,0,0,0,0,0
0.015856,0.016242,0.014558,0,0,0,0,0,0,0,0,0,0,0,0
0.030977,0.036151,0.032844,0,0,0,0,0,0,0,0,0,0,0,0
0.015254,0.015592,0.025524,0,0,0,0,0,0,0,0,0,0,0,0
0.024385,0.017289,0.02426,0,0,0,0,0,0,0,0,0,0,0,0
0.015663,0.014505,0.015108,0,0,0,0,0,0,0,0,0,0,0,0
0.014758,0.014484,0.015139,0,0,0,0,0,0,0,0,0,0,0,0
0.014983,0.014305,0.014559,0,0,0,0,0,0,0,0,0,0,0,0
0.032629,0.02873,0.030532,0,0,0,0,0,0,0,0,0,0,0,0
0.014101,0.013604,0.01419,0,0,0,0,0,0,0,0,0,0,0,0
0.014887,0.013961,0.013638,0,0,0,0,0,0,0,0,0,0,0,0
0.014222,0.014461,0.014105,0,0,0,0,0,0,0,0,0,0,0,0
0.014996,0.026453,0.027972,0,0,0,0,0,0,0,0,0,0,0,0
0.021324,0.013579,0.015167,0,0,0,0,0,0,0,0,0,0,0,0
0.032059,0.029897,0.032176,0,0,0,0,0,0,0,0,0,0,0,0
0.017712,0.013579,0.01514,0,0,0,0,0,0,0,0,0,0,0,0
0.014977,0.014549,0.015717,0,0,0,0,0,0,0,0,0,0,0,0
0.015225,0.014199,0.015429,0,0,0,0,0,0,0,0,0,0,0,0
0.015247,0.019641,0.015404,0,0,0,0,0,0,0,0,0,0,0,0
0.014527,0.014014,0.019594,0,0,0,0,0,0,0,0,0,0,0,0
0.033358,0.036415,0.033151,0,0,0,0,0,0,0,0,0,0,0,0
0.015411,0.015243,0.015043,0,0,0,0,0,0,0,0,0,0,0,0
0.015313,0.014596,0.018198,0,0,0,0,0,0,0,0,0,0,0,0
0.015553,0.014801,0.015029,0,0,0,0,0,0,0,0,0,0,0,0
0.0156,0.016651,0.015704,0,0,0,0,0,0,0,0,0,0,0,0
0.015062,0.023648,0.015349,0,0,0,0,0,0,0,0,0,0,0,0
0.029628,0.031686,0.030571,0,0,0,0,0,0,0,0,0,0,0,0
0.015213,0.015059,0.016267,0,0,0,0,0,0,0,0,0,0,0,0
0.015091,0.015458,0.015767,0,0,0,0,0,0,0,0,0,0,0,0
0.015315,0.015505,0.015854,0,0,0,0,0,0,0,0,0,0,0,0
0.02059,0.01511,0.014956,0,0,0,0,0,0,0,0,0,0,0,0
0.014488,0.015171,0.015777,0,0,0,0,0,0,0,0,0,0,0,0
0.034433,0.03766,0.038496,0,0,0,0,0,0,0,0,0,0,0,0
0.023818,0.023464,0.015946,0,0,0,0,0,0,0,0,0,0,0,0
0.023442,0.0142,0.015488,0,0,0,0,0,0,0,0,0,0,0,0
0.013912,0.014207,0.015247,0,0,0,0,0,0,0,0,0,0,0,0
0.014811,0.014215,0.025509,0,0,0,0,0,0,0,0,0,0,0,0
0.020039,0.013979,0.014813,0,0,0,0,0,0,0,0,0,0,0,0
0.029946,0.034884,0.031708,0,0,0,0,0,0,0,0,0,0,0,0
0.014657,0.015624,0.015656,0,0,0,0,0,0,0,0,0,0,0,0
0.016385,0.014798,0.016387,0,0,0,0,0,0,0,0,0,0,0,0
0.022581,0.021371,0.019105,0,0,0,0,0,0,0,0,0,0,0,0
0.015888,0.013952,0.014153,0,0,0,0,0,0,0,0,0,0,0,0
0.015145,0.014903,0.01512,0,0,0,0,0,0,0,0,0,0,0,0
0.035489,0.032405,0.031693,0,0,0,0,0,0,0,0,0,0,0,0
0.019206,0.024304,0.022101,0,0,0,0,0,0,0,0,0,0,0,0
0.015874,0.015274,0.015371,0,0,0,0,0,0,0,0,0,0,0,0
0.016228,0.014347,0.015293,0,0,0,0,0,0,0,0,0,0,0,0
0.015558,0.015793,0.015255,0,0,0,0,0,0,0,0,0,0,0,0
0.014803,0.013604,0.014627,0,0,0,0,0,0,0,0,0,0,0,0
0.035382,0.028922,0.030772,0,0,0,0,0,0,0,0,0,0,0,0
0.015192,0.019439,0.01452,0,0,0,0,0,0,0,0,0,0,0,0
0.015641,0.017672,0.014537,0,0,0,0,0,0,0,0,0,0,0,0
0.015332,0.030327,0.014519,0,0,0,0,0,0,0,0,0,0,0,0
0.015323,0.013972,0.015308,0,0,0,0,0,0,0,0,0,0,0,0
0.015482,0.014582,0.015147,0,0,0,0,0,0,0,0,0,0,0,0
0.035477,0.029321,0.030838,0,0,0,0,0,0,0,0,0,0,0,0
0.015436,0.013919,0.014554,0,0,0,0,0,0,0,0,0,0,0,0
0.015331,0.019678,0.028389,0,0,0,0,0,0,0,0,0,0,0,0
0.015431,0.01535,0.014513,0,0,0,0,0,0,0,0,0,0,0,0
0.015589,0.015537,0.014897,0,0,0,0,0,0,0,0,0,0,0,0
0.018527,0.015986,0.014675,0,0,0,0,0,0,0,0,0,0,0,0
0.036964,0.029706,0.041806,0,0,0,0,0,0,0,0,0,0,0,0
0.015331,0.023693,0.015471,0,0,0,0,0,0,0,0,0,0,0,0
0.014991,0.013554,0.015242,0,0,0,0,0,0,0,0,0,0,0,0
0.015861,0.016317,0.015689,0,0,0,0,0,0,0,0,0,0,0,0
0.015005,0.013536,0.015476,0,0,0,0,0,0,0,0,0,0,0,0
0.015349,0.014939,0.02322,0,0,0,0,0,0,0,0,0,0,0,0
0.035433,0.038006,0.031622,0,0,0,0,0,0,0,0,0,0,0,0
0.015179,0.016649,0.016898,0,0,0,0,0,0,0,0,0,0,0,0
0.015575,0.020625,0.023822,0,0,0,0,0,0,0,0,0,0,0,0
0.01472,0.024178,0.024307,0,0,0,0,0,0,0,0,0,0,0,0
0.021866,0.023973,0.016932,0,0,0,0,0,0,0,0,0,0,0,0
0.014024,0.014238,0.02034,0,0,0,0,0,0,0,0,0,0,0,0
0.032103,0.034273,0.029313,0,0,0,0,0,0,0,0,0,0,0,0
0.014066,0.02413,0.016951,0,0,0,0,0,0,0,0,0,0,0,0
0.013856,0.01893,0.015132,0,0,0,0,0,0,0,0,0,0,0,0
0.015729,0.013831,0.015093,0,0,0,0,0,0,0,0,0,0,0,0
0.014029,0.013935,0.015613,0,0,0,0,0,0,0,0,0,0,0,0
0.014275,0.013443,0.014869,0,0,0,0,0,0,0,0,0,0,0,0
0.030863,0.028694,0.038767,0,0,0,0,0,0,0,0,0,0,0,0
0.020056,0.017273,0.014748,0,0,0,0,0,0,0,0,0,0,0,0
0.020163,0.014602,0.020464,0,0,0,0,0,0,0,0,0,0,0,0
0.016363,0.021861,0.015547,0,0,0,0,0,0,0,0,0,0,0,0
0.014474,0.013123,0.015417,0,0,0,0,0,0,0,0,0,0,0,0
