1.2209
0.15476
0.084831
0.062709
0.098867
NaN
0.082936
NaN
0.049795
0.051613
0.047023
0.029136
0.02412
0.020446
0.027733
0.024202
0.045868
0.028423
0.023592
0.024739
0.024316
0.023389
0.054301
0.032175
0.020796
0.022453
0.02331
0.021847
0.04496
0.021536
0.022407
0.027626
0.029705
0.031041
0.051652
0.022263
0.034933
0.022033
0.021618
0.025406
0.044893
0.021539
0.021906
0.023476
0.022802
0.021466
0.044208
0.020477
0.021033
0.03101
0.023451
0.022215
0.063661
0.028054
0.022593
0.022286
0.022184
0.022264
0.05122
0.023922
0.020232
0.021352
0.032477
0.019686
0.04501
0.021983
0.019553
0.021575
0.020349
0.022224
0.045694
0.030586
0.019509
0.019906
0.019539
0.019085
0.045803
0.018307
0.021643
0.02149
0.020678
0.021453
0.051972
0.018932
0.020275
0.032922
0.031002
0.022065
0.054751
0.021736
0.022556
0.021617
0.021155
0.022269
0.051417
NaN
0.021604
0.021508
0.022733
0.022448
0.022903
0.04754
0.020102
0.020114
0.020263
0.020031
0.019956
0.047335
0.022095
0.021277
0.019822
0.02159
0.020018
0.04571
0.019657
0.019968
0.020845
0.020257
0.020264
0.04292
0.020168
0.020671
0.019659
0.021054
0.021479
0.05598
0.025418
0.024404
0.024403
0.020433
0.025483
0.045038
0.021733
0.023221
0.021332
0.021234
0.022831
0.04778
0.020502
0.022455
0.027495
0.022893
0.021351
0.046254
0.022639
0.021294
0.022066
0.021009
0.021151
0.047159
0.020036
0.020969
0.021621
0.020874
0.034327
0.046641
0.023076
0.021816
0.022276
0.022545
0.022212
0.04329
0.020959
0.028532
0.034907
0.021482
0.021738
0.051633
0.020702
0.022209
0.022113
0.0219
0.020845
0.049757
0.024975
0.023929
0.02437
0.021345
0.044425
0.052072
0.025086
0.024415
0.023104
0.021463
0.020543
0.044009
0.032515
0.03101
0.021537
0.042001
0.022648
0.060599
0.030483
0.022406
0.021712
0.032928
