0.000139
0.25696
0.011874
0.010049
0.010503
0.010645
0.009684
0.011023
0.010826
0.011694
0.011079
0.010471
0.009216
0.010787
0.010229
0.010084
0.010879
0.011043
0.01038
0.011779
0.01038
0.011072
0.011132
0.012201
0.019038
0.01266
0.010543
0.010918
0.013185
0.0107
0.01068
0.010663
0.011891
0.01111
0.011044
0.011282
0.009607
0.01018
0.010975
0.010771
0.011843
0.010902
0.010795
0.011648
0.020245
0.012269
0.010409
0.010014
0.008859
0.009378
0.010243
0.009854
0.010304
0.009452
0.009692
0.011654
0.02046
0.012421
0.012953
0.020958
0.011979
0.01035
0.009942
0.009809
0.010559
0.009734
0.010379
0.010156
0.009589
0.009762
0.009729
0.011462
0.009057
0.00978
0.009615
0.009872
0.010423
0.009787
0.009522
0.00946
0.009918
0.011113
0.010184
0.010095
0.00954
0.011313
0.011104
0.0105
0.010631
0.010761
0.010341
0.010805
0.010189
0.010396
0.010059
0.010898
0.00963
0.010294
0.010473
0.010438
0.010811
0.012249
0.019759
0.011996
0.010667
0.011162
0.021635
0.020566
0.011282
0.011692
0.020654
0.01333
0.009771
0.009598
0.01141
0.009906
0.009896
0.009672
0.009574
0.0208
0.011842
0.010631
0.010148
0.009727
0.010088
0.011334
0.01087
0.010861
0.01117
0.010766
0.01092
0.010688
0.009788
0.010271
0.009771
0.009971
0.010237
0.009966
0.00995
0.009555
0.010417
0.009938
0.009745
0.009758
0.008717
0.009819
0.010269
0.009372
0.010883
0.009804
0.010849
0.009752
0.009581
0.009548
0.009617
0.009874
0.009374
0.009465
0.010072
0.010058
0.010038
0.0113
0.009815
0.010903
0.009787
0.009979
0.009815
0.009713
0.009079
0.010724
0.009735
0.010095
0.010229
0.011771
0.012066
0.010621
0.010046
0.009816
0.010144
0.00992
0.009499
0.009405
0.009628
0.009743
0.01
0.011042
0.020719
0.012841
0.010161
0.010121
0.009703
0.009392
0.008942
0.009907
0.010723
0.00974
0.009772
0.009807
0.009645
0.009871
0.00966
0.009667
0.00954
0.010376
0.009302
0.009844
0.009918
0.010605
0.009781
0.010299
0.011023
0.010656
0.009803
0.010513
0.010489
0.010928
0.009176
0.010662
0.010227
0.010645
0.010218
0.009732
0.010015
0.010268
0.009801
0.010788
0.009551
0.009597
0.00907
0.009538
0.009482
0.0097
0.010256
0.009954
0.010765
0.009699
0.009618
0.00958
0.009935
0.01021
0.008881
0.010053
0.010631
0.009969
0.009941
0.009954
0.009582
0.009754
0.009959
0.009992
0.00981
0.01008
0.010362
0.010579
0.010154
0.010117
0.010269
0.010305
0.01073
0.011712
0.0103
0.010468
0.010391
0.011242
0.010736
0.010939
0.010492
0.011937
0.013358
0.012102
0.012399
0.011107
0.010911
0.011091
0.00994
0.010029
0.008852
0.009575
0.009952
0.009978
0.010447
0.009519
0.009964
0.009936
0.009522
0.009517
0.009616
0.010515
0.009774
0.009772
0.009852
0.009992
0.010079
0.009891
0.009503
0.009551
0.009579
0.009961
0.009986
0.013481
0.009205
0.012723
0.011861
0.011868
0.011985
0.011487
0.011294
0.016146
0.010724
0.019373
0.011503
0.011454
0.020344
0.013134
0.011444
0.009635
0.012609
0.009997
0.011636
0.012904
0.010032
0.010509
0.014796
0.011366
0.018306
0.013065
0.011847
0.011169
0.01001
0.010334
0.010401
0.010521
0.011436
0.010096
0.010109
0.010646
0.00907
0.009992
0.010951
0.010215
0.010227
0.010811
0.010342
0.009799
0.009555
0.010091
0.009941
0.010233
0.010401
0.010644
0.011073
0.010925
0.010621
0.010166
0.009733
0.009695
0.010815
0.009571
0.010002
0.009965
0.009138
0.009716
0.009958
0.009715
0.009731
0.009973
0.010356
0.009508
0.012053
0.010199
0.009872
0.010232
0.009237
0.00963
0.009519
0.010123
0.009968
0.009622
0.010591
0.010296
0.010209
0.010199
0.010186
0.009449
0.009517
0.010782
0.010679
0.009567
0.010024
0.009794
0.010156
0.009975
0.009895
0.010524
0.010359
0.012022
0.010063
0.012801
0.009879
0.009673
