0.00014
0.23989
0.010367
0.012566
0.013566
0.012498
0.012325
0.01065
0.011515
0.009928
0.011563
0.010607
0.010546
0.011747
0.012228
0.010344
0.009495
0.011979
0.009699
0.010442
0.010114
0.010019
0.010402
0.009984
0.012617
0.01015
0.010628
0.009845
0.011187
0.010824
0.009663
0.009971
0.009835
0.009941
0.009772
0.01027
0.010461
0.010161
0.010063
0.01034
0.009832
0.010288
0.011447
0.014704
0.013065
0.009819
0.009884
0.012025
0.0107
0.012267
0.012789
0.009962
0.010806
0.011493
0.011113
0.012201
0.009883
0.011112
0.010216
0.009781
0.010403
0.009636
0.009792
0.009881
0.010045
0.010033
0.009865
0.009823
0.011374
0.009837
0.010259
0.010314
0.009605
0.009637
0.009827
0.010169
0.00992
0.009821
0.009882
0.009746
0.009684
0.010352
0.010025
0.010202
0.010126
0.009953
0.011355
0.017903
0.012303
0.010635
0.010644
0.010233
0.011152
0.010607
0.012006
0.011896
0.009908
0.010509
0.010686
0.010186
0.009663
0.010124
0.009809
0.010737
0.010296
0.010121
0.009645
0.010638
0.010395
0.00979
0.010182
0.0097
0.00993
0.009867
0.009987
0.010157
0.010866
0.010281
0.010599
0.009771
0.009802
0.009732
0.00997
0.009815
0.010715
0.009839
0.010289
0.009852
0.009632
0.009805
0.011007
0.012276
0.010353
0.01056
0.009968
0.010123
0.010434
0.010118
0.013719
0.012999
0.010411
0.010737
0.010338
0.01014
0.010613
0.009952
0.009671
0.009995
0.010304
0.010059
0.010258
0.010513
0.010147
0.00992
0.009712
0.009746
0.009909
0.009765
0.011188
0.010358
0.009752
0.010729
0.010096
0.010298
0.009701
0.009861
0.010763
0.010391
0.010081
0.009746
0.010154
0.010749
0.009989
0.00982
0.010932
0.011143
0.011822
0.010736
0.011397
0.010425
0.011172
0.010301
0.010139
0.011061
0.011303
0.011343
0.010361
0.010139
0.009918
0.010488
0.010202
0.009839
0.009769
0.009865
0.01039
0.010092
0.009807
0.009845
0.01017
0.010116
0.009996
0.009914
0.009957
0.009775
0.010331
0.010359
0.010423
0.009867
0.010828
0.010459
0.010171
0.009812
0.009887
0.009709
0.010165
0.010343
0.010409
0.010102
0.010911
0.010085
0.010432
0.010781
0.010182
0.010123
0.009687
0.010646
0.010351
0.010074
0.010097
0.010399
0.012906
0.011847
0.011308
0.010851
0.009826
0.010476
0.010738
0.010423
0.010307
0.010451
0.009923
0.010172
0.009727
0.010584
0.010518
0.009891
0.010737
0.009735
0.010293
0.010229
0.010215
0.009942
0.010257
0.010524
0.01
0.010275
0.010152
0.010522
0.009893
0.010314
0.010049
0.010041
0.009979
0.010382
0.01037
0.011011
0.010436
0.010059
0.010072
0.009862
0.010005
0.010198
0.009823
0.009948
0.011268
0.021278
0.012842
0.010271
0.010495
0.009931
0.010957
0.010296
0.009881
0.009986
0.009561
0.009962
0.010032
0.009758
0.009909
0.009859
0.010213
0.011103
0.010274
0.009802
0.010378
0.009848
0.010632
0.009868
0.00991
0.010326
0.010545
0.010209
0.010273
0.009865
0.009982
0.009943
0.010958
0.019878
0.01246
0.010609
0.010677
0.010516
0.010295
0.010481
0.009859
0.010523
0.010295
0.010142
0.01075
0.010329
0.011108
0.010941
0.020936
0.012289
0.010557
0.010142
0.009945
0.010644
0.010108
0.009898
0.010494
0.010184
0.010144
0.010414
0.009753
0.009892
0.010119
0.010594
0.011311
