0.000186,0.00014,0.000129,0,0,0,0,0,0,0,0,0,0,0,0
0.21119,0.21092,0.20667,0,0,0,0,0,0,0,0,0,0,0,0
0.007737,0.004543,0.007149,0,0,0,0,0,0,0,0,0,0,0,0
0.006447,0.004428,0.00656,0,0,0,0,0,0,0,0,0,0,0,0
0.005695,0.004041,0.005427,0,0,0,0,0,0,0,0,0,0,0,0
0.00488,0.004033,0.004719,0,0,0,0,0,0,0,0,0,0,0,0
0.003427,0.00292,0.003165,0,0,0,0,0,0,0,0,0,0,0,0
0.004216,0.003929,0.004153,0,0,0,0,0,0,0,0,0,0,0,0
0.004167,0.003939,0.003848,0,0,0,0,0,0,0,0,0,0,0,0
0.003965,0.003886,0.003918,0,0,0,0,0,0,0,0,0,0,0,0
0.004459,0.004045,0.003863,0,0,0,0,0,0,0,0,0,0,0,0
0.002914,0.002835,0.003309,0,0,0,0,0,0,0,0,0,0,0,0
0.003007,0.003347,0.003288,0,0,0,0,0,0,0,0,0,0,0,0
0.004561,0.004094,0.004355,0,0,0,0,0,0,0,0,0,0,0,0
0.006956,0.003971,0.003887,0,0,0,0,0,0,0,0,0,0,0,0
0.007012,0.003927,0.003898,0,0,0,0,0,0,0,0,0,0,0,0
0.00615,0.003945,0.003914,0,0,0,0,0,0,0,0,0,0,0,0
0.006328,0.003966,0.004035,0,0,0,0,0,0,0,0,0,0,0,0
0.004964,0.003958,0.004108,0,0,0,0,0,0,0,0,0,0,0,0
0.004902,0.003946,0.004415,0,0,0,0,0,0,0,0,0,0,0,0
0.004256,0.004401,0.003903,0,0,0,0,0,0,0,0,0,0,0,0
0.004124,0.003969,0.003997,0,0,0,0,0,0,0,0,0,0,0,0
0.004233,0.003942,0.003978,0,0,0,0,0,0,0,0,0,0,0,0
0.004811,0.003965,0.003829,0,0,0,0,0,0,0,0,0,0,0,0
0.004246,0.003976,0.003905,0,0,0,0,0,0,0,0,0,0,0,0
0.004153,0.003937,0.003993,0,0,0,0,0,0,0,0,0,0,0,0
0.004205,0.004584,0.004097,0,0,0,0,0,0,0,0,0,0,0,0
0.004618,0.003966,0.003893,0,0,0,0,0,0,0,0,0,0,0,0
0.006534,0.004024,0.00611,0,0,0,0,0,0,0,0,0,0,0,0
0.007442,0.004112,0.007271,0,0,0,0,0,0,0,0,0,0,0,0
0.006324,0.004086,0.006491,0,0,0,0,0,0,0,0,0,0,0,0
0.005826,0.004806,0.006332,0,0,0,0,0,0,0,0,0,0,0,0
0.004549,0.004092,0.004683,0,0,0,0,0,0,0,0,0,0,0,0
0.005106,0.004656,0.007137,0,0,0,0,0,0,0,0,0,0,0,0
0.003065,0.003068,0.005356,0,0,0,0,0,0,0,0,0,0,0,0
0.003042,0.003081,0.004686,0,0,0,0,0,0,0,0,0,0,0,0
0.003098,0.0033,0.004655,0,0,0,0,0,0,0,0,0,0,0,0
0.004094,0.004374,0.005111,0,0,0,0,0,0,0,0,0,0,0,0
0.004246,0.004601,0.004949,0,0,0,0,0,0,0,0,0,0,0,0
0.004069,0.004131,0.004456,0,0,0,0,0,0,0,0,0,0,0,0
0.003983,0.004082,0.004503,0,0,0,0,0,0,0,0,0,0,0,0
0.004345,0.004103,0.004036,0,0,0,0,0,0,0,0,0,0,0,0
0.004036,0.003936,0.003946,0,0,0,0,0,0,0,0,0,0,0,0
0.004195,0.004426,0.004232,0,0,0,0,0,0,0,0,0,0,0,0
0.004307,0.004201,0.004325,0,0,0,0,0,0,0,0,0,0,0,0
0.004338,0.004189,0.004113,0,0,0,0,0,0,0,0,0,0,0,0
0.00459,0.004181,0.004341,0,0,0,0,0,0,0,0,0,0,0,0
0.004119,0.004114,0.004014,0,0,0,0,0,0,0,0,0,0,0,0
0.004115,0.004417,0.004154,0,0,0,0,0,0,0,0,0,0,0,0
0.004047,0.004231,0.004096,0,0,0,0,0,0,0,0,0,0,0,0
0.004024,0.003987,0.00439,0,0,0,0,0,0,0,0,0,0,0,0
0.004464,0.004103,0.004087,0,0,0,0,0,0,0,0,0,0,0,0
0.003948,0.004108,0.00399,0,0,0,0,0,0,0,0,0,0,0,0
0.004105,0.0046,0.00407,0,0,0,0,0,0,0,0,0,0,0,0
0.003965,0.004059,0.003846,0,0,0,0,0,0,0,0,0,0,0,0
0.002948,0.002938,0.002931,0,0,0,0,0,0,0,0,0,0,0,0
0.003894,0.004069,0.00402,0,0,0,0,0,0,0,0,0,0,0,0
0.003864,0.003949,0.003879,0,0,0,0,0,0,0,0,0,0,0,0
0.003985,0.004062,0.004555,0,0,0,0,0,0,0,0,0,0,0,0
0.006424,0.003961,0.003959,0,0,0,0,0,0,0,0,0,0,0,0
0.007542,0.00402,0.004051,0,0,0,0,0,0,0,0,0,0,0,0
0.006194,0.004169,0.003934,0,0,0,0,0,0,0,0,0,0,0,0
0.005395,0.004081,0.003993,0,0,0,0,0,0,0,0,0,0,0,0
0.005068,0.003902,0.004009,0,0,0,0,0,0,0,0,0,0,0,0
0.004522,0.003899,0.004453,0,0,0,0,0,0,0,0,0,0,0,0
0.004213,0.003951,0.00395,0,0,0,0,0,0,0,0,0,0,0,0
0.004205,0.003959,0.003943,0,0,0,0,0,0,0,0,0,0,0,0
0.004197,0.004115,0.003967,0,0,0,0,0,0,0,0,0,0,0,0
0.004032,0.003918,0.003915,0,0,0,0,0,0,0,0,0,0,0,0
0.003997,0.004196,0.003973,0,0,0,0,0,0,0,0,0,0,0,0
0.004009,0.00395,0.004123,0,0,0,0,0,0,0,0,0,0,0,0
0.004006,0.00389,0.003997,0,0,0,0,0,0,0,0,0,0,0,0
0.004258,0.003985,0.00412,0,0,0,0,0,0,0,0,0,0,0,0
0.004154,0.004018,0.004132,0,0,0,0,0,0,0,0,0,0,0,0
0.004088,0.004317,0.003973,0,0,0,0,0,0,0,0,0,0,0,0
0.00299,0.003044,0.003079,0,0,0,0,0,0,0,0,0,0,0,0
0.004095,0.004185,0.00405,0,0,0,0,0,0,0,0,0,0,0,0
0.00415,0.004015,0.00398,0,0,0,0,0,0,0,0,0,0,0,0
0.004099,0.003979,0.00431,0,0,0,0,0,0,0,0,0,0,0,0
0.004097,0.004014,0.003935,0,0,0,0,0,0,0,0,0,0,0,0
0.00432,0.003998,0.004043,0,0,0,0,0,0,0,0,0,0,0,0
0.00405,0.003945,0.003951,0,0,0,0,0,0,0,0,0,0,0,0
0.00412,0.004339,0.003982,0,0,0,0,0,0,0,0,0,0,0,0
0.004029,0.004038,0.003945,0,0,0,0,0,0,0,0,0,0,0,0
0.004052,0.004014,0.004006,0,0,0,0,0,0,0,0,0,0,0,0
0.004452,0.003958,0.004426,0,0,0,0,0,0,0,0,0,0,0,0
0.00406,0.004033,0.004086,0,0,0,0,0,0,0,0,0,0,0,0
0.004032,0.004342,0.003982,0,0,0,0,0,0,0,0,0,0,0,0
0.004147,0.003993,0.004045,0,0,0,0,0,0,0,0,0,0,0,0
0.004251,0.006344,0.004186,0,0,0,0,0,0,0,0,0,0,0,0
0.004687,0.00676,0.004529,0,0,0,0,0,0,0,0,0,0,0,0
0.004233,0.006166,0.004158,0,0,0,0,0,0,0,0,0,0,0,0
0.004002,0.004973,0.003893,0,0,0,0,0,0,0,0,0,0,0,0
0.004322,0.004872,0.004165,0,0,0,0,0,0,0,0,0,0,0,0
0.004127,0.004119,0.004008,0,0,0,0,0,0,0,0,0,0,0,0
0.004349,0.004099,0.004029,0,0,0,0,0,0,0,0,0,0,0,0
0.004026,0.004041,0.004221,0,0,0,0,0,0,0,0,0,0,0,0
0.004083,0.003951,0.003948,0,0,0,0,0,0,0,0,0,0,0,0
0.004068,0.00449,0.003945,0,0,0,0,0,0,0,0,0,0,0,0
0.003997,0.004061,0.003838,0,0,0,0,0,0,0,0,0,0,0,0
0.004226,0.004006,0.004035,0,0,0,0,0,0,0,0,0,0,0,0
0.004073,0.004,0.003915,0,0,0,0,0,0,0,0,0,0,0,0
0.004048,0.004023,0.004054,0,0,0,0,0,0,0,0,0,0,0,0
0.004076,0.004308,0.004049,0,0,0,0,0,0,0,0,0,0,0,0
0.004077,0.004108,0.004144,0,0,0,0,0,0,0,0,0,0,0,0
0.004015,0.004001,0.004032,0,0,0,0,0,0,0,0,0,0,0,0
0.004674,0.004285,0.006271,0,0,0,0,0,0,0,0,0,0,0,0
0.004044,0.004136,0.006662,0,0,0,0,0,0,0,0,0,0,0,0
0.004135,0.004001,0.006045,0,0,0,0,0,0,0,0,0,0,0,0
0.003966,0.004463,0.005245,0,0,0,0,0,0,0,0,0,0,0,0
0.004099,0.003965,0.005029,0,0,0,0,0,0,0,0,0,0,0,0
0.004313,0.006872,0.004419,0,0,0,0,0,0,0,0,0,0,0,0
0.004028,0.006074,0.004709,0,0,0,0,0,0,0,0,0,0,0,0
0.004114,0.005525,0.003949,0,0,0,0,0,0,0,0,0,0,0,0
0.002976,0.003456,0.003053,0,0,0,0,0,0,0,0,0,0,0,0
0.002884,0.003031,0.002871,0,0,0,0,0,0,0,0,0,0,0,0
0.002944,0.003135,0.002912,0,0,0,0,0,0,0,0,0,0,0,0
0.002802,0.002774,0.003385,0,0,0,0,0,0,0,0,0,0,0,0
0.003289,0.002917,0.003384,0,0,0,0,0,0,0,0,0,0,0,0
0.003255,0.003019,0.00332,0,0,0,0,0,0,0,0,0,0,0,0
0.002867,0.003453,0.003162,0,0,0,0,0,0,0,0,0,0,0,0
0.003103,0.003609,0.002974,0,0,0,0,0,0,0,0,0,0,0,0
0.004086,0.004433,0.003968,0,0,0,0,0,0,0,0,0,0,0,0
0.004172,0.004057,0.00401,0,0,0,0,0,0,0,0,0,0,0,0
0.00659,0.003996,0.006312,0,0,0,0,0,0,0,0,0,0,0,0
0.006832,0.004115,0.007532,0,0,0,0,0,0,0,0,0,0,0,0
0.006576,0.004022,0.006172,0,0,0,0,0,0,0,0,0,0,0,0
0.005094,0.004147,0.005728,0,0,0,0,0,0,0,0,0,0,0,0
0.005403,0.003966,0.004834,0,0,0,0,0,0,0,0,0,0,0,0
0.004395,0.004035,0.004656,0,0,0,0,0,0,0,0,0,0,0,0
0.004433,0.004015,0.004434,0,0,0,0,0,0,0,0,0,0,0,0
0.004551,0.004431,0.004601,0,0,0,0,0,0,0,0,0,0,0,0
0.00413,0.004143,0.004189,0,0,0,0,0,0,0,0,0,0,0,0
0.004103,0.004412,0.004178,0,0,0,0,0,0,0,0,0,0,0,0
0.004197,0.004791,0.004276,0,0,0,0,0,0,0,0,0,0,0,0
0.006166,0.00445,0.004825,0,0,0,0,0,0,0,0,0,0,0,0
0.005202,0.003834,0.003007,0,0,0,0,0,0,0,0,0,0,0,0
0.005412,0.002997,0.002879,0,0,0,0,0,0,0,0,0,0,0,0
0.006001,0.005407,0.003978,0,0,0,0,0,0,0,0,0,0,0,0
0.005346,0.004211,0.004114,0,0,0,0,0,0,0,0,0,0,0,0
0.004845,0.003932,0.003924,0,0,0,0,0,0,0,0,0,0,0,0
0.004434,0.003935,0.003892,0,0,0,0,0,0,0,0,0,0,0,0
0.004349,0.004126,0.003997,0,0,0,0,0,0,0,0,0,0,0,0
0.004118,0.003876,0.003943,0,0,0,0,0,0,0,0,0,0,0,0
0.004139,0.004001,0.006354,0,0,0,0,0,0,0,0,0,0,0,0
0.002805,0.002788,0.005331,0,0,0,0,0,0,0,0,0,0,0,0
0.002892,0.002857,0.004849,0,0,0,0,0,0,0,0,0,0,0,0
0.00287,0.002923,0.004865,0,0,0,0,0,0,0,0,0,0,0,0
0.002803,0.003215,0.004353,0,0,0,0,0,0,0,0,0,0,0,0
0.002934,0.002971,0.004319,0,0,0,0,0,0,0,0,0,0,0,0
0.003046,0.003509,0.003889,0,0,0,0,0,0,0,0,0,0,0,0
0.00403,0.006292,0.005158,0,0,0,0,0,0,0,0,0,0,0,0
0.006127,0.005868,0.004727,0,0,0,0,0,0,0,0,0,0,0,0
0.007204,0.005266,0.00438,0,0,0,0,0,0,0,0,0,0,0,0
0.006295,0.004721,0.004114,0,0,0,0,0,0,0,0,0,0,0,0
0.005957,0.004457,0.004036,0,0,0,0,0,0,0,0,0,0,0,0
0.004962,0.004494,0.004021,0,0,0,0,0,0,0,0,0,0,0,0
0.004927,0.004152,0.004429,0,0,0,0,0,0,0,0,0,0,0,0
0.004528,0.004062,0.003985,0,0,0,0,0,0,0,0,0,0,0,0
0.004373,0.006442,0.004098,0,0,0,0,0,0,0,0,0,0,0,0
0.006334,0.007343,0.004179,0,0,0,0,0,0,0,0,0,0,0,0
0.00736,0.0066,0.004011,0,0,0,0,0,0,0,0,0,0,0,0
0.006306,0.005723,0.004463,0,0,0,0,0,0,0,0,0,0,0,0
0.005909,0.005151,0.004016,0,0,0,0,0,0,0,0,0,0,0,0
0.004633,0.004792,0.0039,0,0,0,0,0,0,0,0,0,0,0,0
0.00475,0.004722,0.004075,0,0,0,0,0,0,0,0,0,0,0,0
0.004228,0.004266,0.003997,0,0,0,0,0,0,0,0,0,0,0,0
0.004399,0.003972,0.004006,0,0,0,0,0,0,0,0,0,0,0,0
0.004296,0.003999,0.004301,0,0,0,0,0,0,0,0,0,0,0,0
0.00424,0.003918,0.003925,0,0,0,0,0,0,0,0,0,0,0,0
0.004284,0.007123,0.004023,0,0,0,0,0,0,0,0,0,0,0,0
0.004452,0.005248,0.00401,0,0,0,0,0,0,0,0,0,0,0,0
0.004795,0.00464,0.003971,0,0,0,0,0,0,0,0,0,0,0,0
0.006363,0.004678,0.003968,0,0,0,0,0,0,0,0,0,0,0,0
0.007428,0.00416,0.004305,0,0,0,0,0,0,0,0,0,0,0,0
0.007379,0.004068,0.004278,0,0,0,0,0,0,0,0,0,0,0,0
0.007459,0.004159,0.00407,0,0,0,0,0,0,0,0,0,0,0,0
0.006459,0.004315,0.004065,0,0,0,0,0,0,0,0,0,0,0,0
0.005668,0.004196,0.006535,0,0,0,0,0,0,0,0,0,0,0,0
0.00517,0.004155,0.007957,0,0,0,0,0,0,0,0,0,0,0,0
0.004431,0.004246,0.006028,0,0,0,0,0,0,0,0,0,0,0,0
0.004252,0.004251,0.005544,0,0,0,0,0,0,0,0,0,0,0,0
0.004562,0.004006,0.004424,0,0,0,0,0,0,0,0,0,0,0,0
0.003959,0.004801,0.004338,0,0,0,0,0,0,0,0,0,0,0,0
0.004009,0.00396,0.004013,0,0,0,0,0,0,0,0,0,0,0,0
0.003988,0.004043,0.003967,0,0,0,0,0,0,0,0,0,0,0,0
0.003992,0.003962,0.004189,0,0,0,0,0,0,0,0,0,0,0,0
0.004629,0.004028,0.003845,0,0,0,0,0,0,0,0,0,0,0,0
0.003999,0.004157,0.003887,0,0,0,0,0,0,0,0,0,0,0,0
0.006066,0.00404,0.003867,0,0,0,0,0,0,0,0,0,0,0,0
0.007249,0.003986,0.003911,0,0,0,0,0,0,0,0,0,0,0,0
0.006426,0.003901,0.00408,0,0,0,0,0,0,0,0,0,0,0,0
0.005764,0.004279,0.004002,0,0,0,0,0,0,0,0,0,0,0,0
0.004921,0.003934,0.004563,0,0,0,0,0,0,0,0,0,0,0,0
0.005252,0.003958,0.004003,0,0,0,0,0,0,0,0,0,0,0,0
0.004162,0.003888,0.004024,0,0,0,0,0,0,0,0,0,0,0,0
