1.1535
0.14739
0.080552
0.065745
0.093469
0.085743
0.059464
0.051434
0.060059
0.025528
0.024894
0.033766
0.025692
0.023512
0.051244
0.024221
0.025986
0.025046
0.029739
0.025497
0.052963
0.031052
0.032133
0.024084
0.023789
0.023814
0.053614
0.026606
0.02538
0.031929
0.034159
0.026682
0.055187
0.028231
0.031819
0.040664
0.026261
0.026902
0.063942
0.025763
0.025574
0.02447
0.026059
0.025973
0.054137
0.026949
0.024959
0.024195
0.024872
0.02396
0.051916
0.024294
0.025023
0.029063
0.024324
0.023111
0.061626
0.036685
0.024839
0.023581
0.022848
0.022582
0.047028
0.023307
0.02313
0.029651
0.022559
0.023067
0.049623
0.021902
0.022476
0.030379
0.023514
0.022971
0.045877
0.024108
0.022999
0.023345
0.022627
0.02294
0.047909
0.024036
0.024512
0.022446
0.023049
0.023003
0.044628
0.023092
0.023139
0.023082
0.0237
0.023214
0.045173
0.023564
0.023146
0.023492
0.024823
0.023686
0.045248
0.024652
0.023858
0.024894
0.024183
0.023966
0.044354
0.025296
0.024947
0.025082
0.02366
0.021547
0.050815
0.021297
0.026783
0.024245
0.02224
0.020666
0.04433
0.033538
0.020402
0.022329
0.020799
0.02137
0.048752
0.022553
0.021069
0.022921
0.023453
0.023566
0.05126
0.021893
0.023941
0.022375
0.031731
0.021968
0.052172
0.024715
0.035044
0.024264
0.036098
0.023007
0.051358
0.023232
0.022127
0.022123
0.022414
0.021809
0.044177
0.021998
0.022289
0.021036
0.02209
0.023326
0.049888
0.021501
0.02205
0.028284
0.023103
0.022535
0.043811
0.03286
0.024567
0.021886
0.022775
0.028982
0.063317
0.027469
0.025736
0.025868
0.036299
0.027339
0.051095
0.025084
0.024229
0.023659
0.022943
0.025877
0.052193
0.024998
0.046711
0.024035
0.025324
0.025248
0.052997
0.024858
0.024832
0.024854
0.024931
0.023813
0.051347
0.024498
0.024458
0.026165
0.022267
0.023623
0.047689
0.028359
0.036163
0.024046
0.02273
0.026705
0.044362
0.02473
0.022997
0.023504
0.029652
0.023814
0.043779
0.023643
0.035644
0.022879
0.022905
0.02376
0.044233
0.023004
0.023614
0.023659
0.035171
0.022975
0.045344
0.022714
0.023271
0.02307
0.022924
0.022418
0.04406
0.022647
0.022749
0.022224
0.022893
0.023488
0.045073
0.028016
0.023879
0.042271
0.022434
0.022825
0.043705
0.023609
0.025507
0.022057
0.023436
0.023134
0.043207
0.023809
0.022541
0.024444
0.03616
0.022674
0.044091
0.022608
0.030915
0.024417
0.024686
0.02454
0.04621
0.02366
0.02345
0.036464
0.026718
0.033657
0.044461
0.023407
0.023669
0.023886
0.031658
0.034806
0.05263
0.023642
0.036146
0.023461
0.023537
0.023072
0.077217
0.02226
0.025942
0.021667
0.021189
0.02261
0.049122
0.02242
0.021448
0.022115
0.022127
0.022964
0.056017
0.023731
0.022512
0.022947
0.022252
0.022317
0.051261
0.028238
0.021371
0.023478
0.026584
0.023224
0.055827
0.031899
0.020827
0.029906
0.023451
0.026866
0.052011
0.023756
0.02327
0.023636
0.023283
0.023751
0.053322
0.022668
0.023989
0.023885
0.023907
0.024376
0.045455
0.021659
0.031133
0.02248
0.023653
0.021813
0.041374
0.02055
0.020008
0.021642
0.020324
0.019838
0.045761
0.023182
0.021065
0.020602
0.020842
0.020532
0.049794
0.021044
0.022735
0.028205
0.023329
0.021199
0.047276
0.024907
0.021603
0.022604
0.023049
0.021794
0.046302
0.021893
0.021833
0.022003
0.021501
0.022126
0.050307
0.021965
0.022964
0.029286
0.02236
0.026226
0.05075
0.024007
0.023423
0.023299
0.022469
0.021641
0.049398
0.039244
0.034341
0.022251
