0.000137
0.20984
0.003048
0.002877
0.002973
0.002918
0.002902
0.003447
0.003419
0.003435
0.003406
0.003297
0.003182
0.002886
0.002916
0.002789
0.002849
0.002907
0.002902
0.003354
0.00331
0.003506
0.003228
0.003295
0.003598
0.003497
0.00349
0.003424
0.00345
0.003391
0.003577
0.003497
0.003508
0.003301
0.003663
0.005605
0.005626
0.005479
0.005181
0.004358
0.003957
0.003863
0.003195
0.003338
0.003223
0.0032
0.003364
0.003028
0.003012
0.002908
0.003236
0.003285
0.002965
0.003761
0.0027
0.00296
0.003062
0.003052
0.003061
0.002959
0.002863
0.003502
0.003336
0.003509
0.003373
0.003411
0.003317
0.003104
0.003278
0.00288
0.00294
0.002963
0.003103
0.002996
0.003246
0.003327
0.00324
0.002963
0.003484
0.00344
0.003288
0.003359
0.003556
0.00372
0.003546
0.003613
0.003382
0.005327
NaN
NaN
NaN
NaN
0.00016
0.22554
0.003086
0.002919
0.002876
0.002795
0.003358
0.003397
0.003256
0.003099
0.002946
0.003017
0.002883
0.00294
0.002908
0.00294
0.002932
0.003383
0.003469
0.00341
0.003786
0.003121
0.003599
0.003234
0.003211
0.002759
0.002703
0.002981
0.002817
0.002719
0.003046
0.003425
0.003547
0.003473
0.003214
0.002855
0.00281
0.002855
0.002807
0.002886
0.002721
NaN
NaN
NaN
NaN
0.000168
0.21048
0.002979
0.003322
0.005396
0.005241
0.004402
0.004425
0.003697
0.003747
0.003511
0.003208
0.003246
0.002824
0.002862
NaN
NaN
NaN
NaN
0.000179
0.22487
0.003129
0.003515
0.003853
0.005501
0.005485
NaN
NaN
NaN
NaN
0.000156
0.21608
0.003039
0.002842
0.002817
0.003014
0.003015
0.003372
0.00321
0.002939
0.002766
0.003966
0.002742
0.003733
0.004138
0.003633
0.003476
0.003715
0.003187
0.003281
0.003313
0.003549
0.003565
0.003302
0.003608
0.003365
0.003211
0.003427
0.003442
0.003474
0.003467
0.003398
0.003442
0.003312
0.003448
0.003485
0.003372
0.003486
0.00326
0.002913
0.002699
0.002792
0.002852
NaN
NaN
NaN
NaN
0.000292
0.33511
0.003663
0.003345
0.00345
0.003355
0.005588
0.006948
0.006387
0.007378
0.006558
0.004234
0.003507
0.003607
0.004152
0.003272
0.003639
0.003714
0.003549
0.003518
0.00381
0.003423
0.003259
0.003256
0.003428
0.003362
0.003493
0.004036
0.006347
0.006457
0.005975
0.005526
0.004323
0.004163
0.003557
0.003461
0.004623
0.003287
0.003385
0.003538
0.003666
0.003347
0.006234
0.005924
0.006772
0.00635
0.005529
0.00572
0.004225
0.007486
0.007246
0.006644
0.004991
0.00403
0.005166
0.004347
0.004764
0.004599
0.003509
0.003652
0.003869
0.003977
0.004703
0.004346
0.004931
0.004987
0.004173
0.003342
0.004282
0.00316
0.003491
0.005162
0.005405
NaN
NaN
NaN
NaN
0.000148
0.23658
0.003402
0.003075
0.00403
0.006205
0.006247
0.00626
0.004746
0.004906
0.004284
0.003596
0.003551
0.003491
0.003473
0.003497
0.003221
0.003268
0.003228
0.00334
0.003099
0.003038
0.002924
0.003364
0.003496
0.003311
0.004388
0.003198
0.003391
0.003512
0.003114
0.003486
0.003625
0.003551
0.003312
NaN
NaN
NaN
NaN
0.00017
0.23245
0.003431
0.003126
0.003498
0.004064
0.006203
0.005973
0.005014
0.004893
0.004335
0.004151
0.004468
0.004019
0.003771
0.003707
0.003675
0.003614
0.003561
0.003472
0.003411
0.003206
0.00328
0.003243
0.003145
0.003188
0.003163
0.003196
0.003109
0.003227
0.003332
0.003375
0.003276
0.00349
0.003404
0.003329
