1.3757
0.14485
0.086653
0.065138
0.093984
NaN
0.089277
NaN
0.060496
0.057519
0.049827
0.023744
0.022881
0.024366
0.023108
0.024143
0.052212
0.024894
0.022997
0.023935
0.024001
0.023347
0.048607
0.022582
0.023597
0.025923
0.023184
0.032769
0.0613
NaN
0.02234
0.029934
0.04818
0.048592
0.03671
0.054564
0.026371
0.031104
0.024108
0.033315
0.022632
0.048323
0.039644
0.023483
0.026649
0.035459
0.022492
0.055711
0.02431
0.031884
0.0265
0.023631
0.023111
0.047317
0.028373
0.024235
0.03608
0.031465
0.035959
0.049059
0.024505
0.025322
0.034495
0.023644
0.024192
0.048381
0.024467
0.023895
0.034699
0.02538
0.035801
0.049942
0.023012
0.022957
0.023806
0.036959
0.023611
0.047494
0.022376
0.022296
0.028584
0.0234
0.023318
0.047976
0.023459
0.024211
0.024728
0.024448
0.025744
0.054073
0.024126
0.028054
0.025352
0.025122
0.03339
0.049548
0.023777
0.02271
0.025674
0.023874
0.023869
0.045322
0.024132
0.023028
0.022747
0.023077
0.030236
0.0471
0.025395
0.02346
0.023209
0.023018
0.024419
0.047501
0.025738
0.022194
0.035959
0.022773
0.023295
0.048671
0.023046
0.022945
0.023025
0.023293
0.023443
0.048403
0.030702
0.023001
0.022197
0.023855
0.036446
0.049985
0.022192
0.022839
0.025711
0.023626
0.023793
0.047277
0.027345
0.023488
0.02703
0.023264
0.02326
0.047483
0.023109
0.023969
0.022222
0.023895
0.02497
0.055706
0.023635
0.023246
0.030542
0.023974
0.023768
0.046508
0.023359
0.02377
0.023805
0.023203
0.025997
0.049389
0.022576
0.023748
0.023863
0.023777
0.022908
0.046498
0.021247
0.023227
0.023852
0.02299
0.023429
0.046908
0.023094
0.023534
0.022866
0.022915
0.022814
0.046752
0.023594
0.022973
0.024119
0.023141
0.02264
0.046679
0.022529
0.02309
0.022956
0.027373
0.022833
0.044813
0.02401
0.022753
0.022451
0.023365
0.022156
0.047558
0.023012
0.034141
0.02357
0.023031
0.022743
0.046798
0.022672
0.023555
0.023916
0.022993
0.022688
0.054975
0.02339
0.023054
0.022208
0.021864
0.021906
0.04561
0.022543
0.034226
0.02226
0.025428
0.022585
0.045367
0.02228
0.022285
0.021308
0.021645
0.042319
0.044083
0.023032
0.021171
0.025005
0.021152
0.021348
0.045482
0.022216
0.022016
0.021213
0.021233
0.032207
0.052813
0.024848
0.023725
0.023062
0.023578
0.023047
0.047663
0.025347
0.021878
0.024752
0.023339
0.022655
0.049625
0.021613
0.022436
0.026921
0.035729
0.024174
0.04666
0.023883
0.025263
0.02496
0.023579
0.02394
0.046245
0.024033
0.036706
0.023707
0.023486
0.036177
0.04909
0.023573
0.023411
0.023593
0.04808
0.022959
0.044936
0.023271
0.022993
0.023527
0.033216
0.022396
0.044914
0.027272
0.024215
0.023331
0.036621
0.021808
0.051922
0.022572
0.022468
0.023579
0.022424
0.022315
0.046881
0.023532
0.023245
0.023473
0.02272
0.023144
0.048813
0.031074
0.02505
0.022835
0.023228
0.022905
0.046683
0.021941
0.022804
0.027808
0.022488
0.022123
0.045698
0.021585
0.022616
0.02376
0.023602
0.03509
0.065112
0.024119
0.024117
0.023736
0.033066
0.03178
0.055394
NaN
0.025179
0.025028
0.024579
0.025007
0.032285
0.054542
0.026604
0.023668
0.024388
0.026272
0.02427
0.058769
0.0232
0.024154
0.035589
0.024226
0.035237
0.055131
0.024219
0.023309
0.023593
0.022295
0.020449
0.043283
0.020761
0.025154
0.024049
0.02464
0.020154
0.051984
0.020362
0.019514
0.019915
0.020981
0.01936
0.043185
0.020488
0.019672
0.019788
0.020096
0.020744
0.044243
0.021534
0.023849
0.021883
0.022965
0.022928
0.053218
0.02236
0.023068
0.021676
0.029693
0.022287
0.054504
0.031321
0.024356
0.020109
0.021069
0.020776
0.042088
0.029879
0.031155
0.022434
0.029631
0.022392
0.046325
0.020567
0.02041
0.032335
0.024852
0.022257
0.051941
0.02142
0.021215
0.019713
0.019676
0.020039
0.043327
0.019818
0.027245
0.024093
0.021279
0.02255
0.055316
0.021355
0.021129
0.022708
0.021517
0.022005
0.051541
0.031075
0.022617
0.020732
0.01955
0.020059
0.042084
0.019417
0.021473
0.019602
0.019454
0.026759
0.052872
0.019463
0.019349
0.019345
0.019722
0.020374
0.043621
0.019818
0.020314
0.01921
0.02182
0.020226
0.041797
0.020666
0.019444
0.019558
0.019642
0.022569
0.051923
0.01989
0.019532
0.019545
0.019614
0.019625
0.042167
0.031596
0.019018
0.019058
0.01998
0.019842
0.041537
0.030099
0.019203
0.028649
0.019489
0.019709
0.046703
0.019982
0.019593
0.0199
0.019502
0.018962
0.047018
0.023823
0.023455
0.021675
0.019314
0.023366
0.042101
0.03717
0.019354
0.018601
0.019481
0.019307
0.056748
NaN
0.018603
0.023997
0.018243
0.02234
0.020522
0.043431
0.018839
0.019273
0.032266
0.023965
0.018756
0.053109
0.023944
0.021359
0.034454
0.028082
0.019971
0.053948
0.025549
0.023799
0.019162
0.023853
0.028022
0.049392
0.023523
0.02082
0.027034
0.023207
0.024853
0.042855
0.04122
0.020514
0.027406
0.023751
0.024725
0.049584
0.019766
0.019505
0.020975
0.019694
0.018492
0.042653
0.018929
0.01985
0.018307
0.018824
0.025337
0.042415
0.031929
0.019555
0.02757
0.027674
0.023416
0.057403
0.029562
0.01966
0.019585
0.019706
0.019228
0.04351
0.019949
0.020807
0.033285
0.023832
0.019306
0.050587
0.027897
0.020186
0.019069
0.019414
0.019477
0.05662
0.018143
0.019238
0.018799
0.019447
0.023695
0.049465
0.018169
0.019423
0.019477
0.019722
0.021536
0.050369
0.020525
0.021189
0.02014
0.020537
0.020421
0.049962
0.021818
0.020949
0.02174
0.020921
0.039061
0.04266
0.019618
0.019714
0.019168
0.019235
0.019592
0.041654
0.025413
0.019182
0.019401
0.022522
0.020384
0.052491
0.018923
0.030367
0.019665
0.019954
0.01929
0.043501
0.019467
0.019378
0.020289
0.019064
0.0279
0.049816
0.019101
0.019312
0.019795
0.019818
0.019371
0.045294
0.018894
0.018534
0.026076
0.020084
0.019813
0.04337
0.026519
0.024438
0.019442
0.019394
0.019486
0.050617
0.020237
0.027732
0.023718
0.023923
0.023957
0.042528
0.018786
0.018859
0.031511
0.024028
0.018773
0.041748
0.020338
0.024761
NaN
NaN
NaN
NaN
0.99892
0.14151
0.071472
0.050426
0.07633
NaN
0.062589
0.038388
0.037504
0.0357
0.018024
0.016372
0.028366
0.016147
0.018313
0.03894
0.023537
0.024422
0.016473
0.021646
0.023959
0.034612
0.016697
0.016677
0.017179
0.022074
0.016445
0.037185
0.020205
0.023892
0.017194
0.037059
0.025965
0.047807
0.029916
0.024923
0.017518
0.016494
0.023525
0.0336
0.017372
0.015807
0.017852
0.015833
0.016851
0.039503
0.016799
0.015984
0.017888
0.021418
0.022097
0.038967
0.018361
0.016906
0.017076
0.018264
0.01646
0.035259
0.024109
0.022228
0.01865
0.016349
0.026574
0.035819
0.016988
0.020545
0.02158
0.017429
0.016368
0.035526
