1.0243
0.14208
0.076104
0.057245
0.087034
0.074978
0.043538
0.041819
0.045439
0.023222
0.023086
0.024366
0.021363
0.022165
0.041629
0.025194
0.021826
0.022239
0.022559
0.02216
0.050442
0.028822
0.021695
0.03865
0.021388
0.022577
0.042157
0.021213
0.022869
0.025286
0.031371
0.024
0.046917
0.030707
0.029758
0.024053
0.030081
0.036484
0.040703
0.023259
0.02258
0.022136
0.023445
0.022073
0.049513
0.023505
0.022723
0.024844
0.023883
0.023057
0.04696
0.024025
0.024164
0.038486
0.023231
0.022825
0.044997
0.023166
0.023358
0.023175
0.023212
0.023322
0.04337
0.023985
0.023641
0.022899
0.023889
0.031433
0.049754
0.0247
0.022816
0.022077
0.02378
0.022226
0.038221
0.0222
0.022293
0.023142
0.022931
0.03179
0.039593
0.023309
0.034148
0.022738
0.022296
0.02146
0.040268
0.02255
0.022294
0.022829
0.021707
0.021662
0.04001
0.02197
0.031184
0.021389
0.038513
0.022429
0.039514
0.021996
0.02215
0.021332
0.021959
0.021851
0.039641
0.022124
0.022899
0.030982
0.023332
0.024755
0.047333
0.024156
0.023152
0.023928
0.022995
0.022648
0.044293
0.023547
0.023615
0.023397
0.021937
0.022133
0.052525
0.025114
0.02343
0.023288
0.023661
0.022306
0.041467
0.03055
0.022187
0.022166
0.022974
0.021625
0.043151
0.022639
0.023141
0.027469
0.023544
0.023921
0.039283
0.023172
0.022568
0.033036
0.023587
0.023388
0.039463
0.022977
0.022145
0.023229
0.022259
0.023494
0.052536
0.023715
0.022431
0.02313
0.023505
0.02208
0.040053
0.022796
0.021913
0.022749
0.022588
0.022561
0.050397
0.022287
0.02315
0.023356
0.022084
0.022604
0.044655
0.021486
0.022503
0.032683
0.022574
0.021641
0.040486
0.024958
0.024396
0.024843
0.035375
0.022883
0.040713
0.021705
0.022516
0.021982
0.021279
0.022818
0.040133
0.021531
0.021915
0.03363
0.021769
0.02192
0.043755
0.024215
0.023527
0.023478
0.023233
0.035789
0.04029
0.030653
0.024153
0.022582
0.028178
0.023202
0.045994
0.027724
0.022048
0.022404
0.021708
0.022009
0.038014
0.023271
0.02195
0.022057
0.022871
0.024164
0.041125
0.02297
0.022854
0.020938
0.022351
0.020912
0.03797
0.021657
0.021741
0.021728
0.020929
0.021958
0.037102
0.022632
0.027764
0.021314
0.021687
0.020644
0.036769
0.02072
0.02035
0.020343
0.021661
0.030793
0.03794
0.02241
0.024904
0.022139
0.023857
0.025605
0.036771
0.021824
0.02209
0.022656
0.022944
0.022643
0.040696
0.023011
0.024343
0.022768
0.021523
0.02137
0.045725
0.022463
0.02251
0.023158
0.021451
0.029913
0.036511
0.020975
0.021124
0.021128
0.022907
0.021986
0.039173
0.023414
0.021478
0.022399
0.021743
0.020971
0.038494
0.021011
0.022165
0.021733
0.021983
0.020466
0.049771
0.021256
0.022211
0.022306
0.021198
0.021725
0.04554
0.022722
0.023353
0.024561
0.024081
0.02371
0.039978
0.021509
0.021002
0.022494
0.033274
0.022097
0.043011
0.021708
0.021564
0.026532
0.02421
0.021251
0.037685
0.022503
0.021442
0.0307
0.021173
0.02097
0.042464
0.020952
0.021931
0.02832
0.020555
0.020918
0.036953
0.021698
0.020806
0.020443
0.021145
0.020582
0.037867
0.022402
0.020853
0.035071
0.020176
0.02083
0.0441
0.021648
0.026883
0.021178
0.022211
0.020655
0.038377
0.029688
0.020973
0.022401
0.020805
0.020943
0.037423
0.021155
0.021686
0.021253
0.021674
0.020144
0.036964
0.022342
0.021191
0.021553
0.020698
0.022372
0.036838
0.021454
0.020426
0.019865
0.020576
0.021445
0.035993
0.020167
0.020365
0.023444
0.021447
0.020212
0.043546
0.023677
0.020553
0.021517
0.020893
0.021643
0.03826
0.032126
0.020002
0.020524
0.026432
0.019692
0.037361
0.022018
0.021384
0.023019
0.023905
0.023956
0.036599
0.022642
0.019534
0.019439
0.031812
0.021436
0.041475
0.021109
0.021839
0.021472
0.021148
0.02105
0.041705
0.021898
0.021345
0.020963
0.021484
0.021365
0.041924
0.021184
0.02157
0.03125
0.023961
0.024081
0.036596
0.024691
0.032603
0.020934
0.021662
0.021035
0.041738
0.02303
0.021221
0.021416
0.0208
0.020877
0.044067
0.023262
0.020451
0.020524
0.020233
0.02134
0.040058
0.02148
0.021041
0.020482
0.02164
0.020437
0.038602
0.022642
0.036196
0.025985
0.020281
0.027252
0.036388
0.019732
0.020678
0.021462
0.020253
0.025485
0.041058
0.033028
0.022894
0.027813
0.02056
0.020664
0.037496
0.02111
0.025427
0.029838
0.021183
0.020448
0.039262
0.027981
0.020194
0.020693
0.021064
0.02308
0.040935
0.031087
0.023199
0.021287
0.021681
0.020368
0.038056
0.020512
0.020207
0.021671
0.020443
0.020716
0.041355
0.02114
0.021233
0.020462
0.020479
0.021188
0.038604
0.022042
0.021726
0.020896
0.030878
0.021232
0.052418
0.021663
0.023345
0.020645
0.022164
0.020265
0.035057
0.02087
0.020429
0.020888
0.020585
0.020968
0.036922
0.023582
0.022465
0.020989
0.026974
0.021995
0.037034
0.024707
0.023664
0.022483
0.022041
0.021511
0.041928
0.022217
0.021426
0.02149
0.020623
0.020321
0.037432
0.020476
0.020658
0.022611
0.03283
0.021629
0.035931
0.020558
0.021853
0.021169
0.022177
0.024836
0.055169
0.030169
0.02132
0.022031
0.019702
0.019258
0.035832
0.020225
0.019982
0.019928
0.020257
0.020122
0.036512
0.020235
0.035069
0.021611
0.021831
0.021858
0.041511
0.02266
0.021339
0.021522
0.022223
0.020813
0.041351
0.020676
0.021044
0.025244
