0.000135
0.22086
0.004914
0.004561
0.004845
0.004508
0.004263
0.004374
0.004424
0.004775
0.004375
0.004493
0.004538
0.004684
0.004448
0.004939
0.009806
0.00779
0.006513
0.005875
0.005382
0.004773
0.00569
0.004492
0.004484
0.005629
0.004893
0.004705
0.00464
0.004368
0.004523
0.004468
0.004761
0.004432
0.004607
0.004572
0.004597
0.004476
0.004513
0.004486
0.004638
0.004279
0.004434
0.004768
0.004373
0.005259
0.004467
0.004977
0.004208
0.004955
0.005212
0.009422
0.007728
0.006636
0.006193
0.005273
0.004239
0.004804
0.004414
0.004564
0.004452
0.004796
0.004183
0.004462
0.004053
0.004284
0.004355
0.004247
0.004087
0.004189
0.003942
0.004219
0.004106
0.004226
0.003889
0.004521
0.004638
0.004113
0.004342
0.004074
0.003988
0.004189
0.004115
0.008412
0.007559
0.00639
0.004713
0.004666
0.003891
0.003811
0.003962
0.00395
0.00393
0.003836
0.003686
0.004092
0.004043
0.003713
0.003707
0.003804
0.003746
0.003868
0.003854
0.004062
0.003823
0.00383
0.003733
0.003876
0.003774
0.00428
0.003731
0.004239
0.003989
0.004201
0.003994
0.004039
0.004375
0.003863
0.003937
0.004035
0.00477
0.004882
0.003799
0.003983
0.004016
0.00424
0.004226
0.004279
0.003924
0.003993
0.003811
0.004006
0.004077
0.004077
0.004066
0.004261
0.004064
0.004115
0.003956
0.003992
0.003849
0.004352
0.003919
0.004108
0.004213
0.004501
0.004698
0.004444
0.003778
0.004104
0.00397
0.003853
0.003819
0.003867
0.003869
0.004453
0.003861
0.003885
0.003998
0.003898
0.003773
0.00394
0.005121
0.003865
0.003734
0.004396
0.008309
0.007562
0.006274
0.006118
0.008037
0.006065
0.005547
0.0045
0.004503
0.004416
0.004493
0.00521
0.004925
0.004493
0.004584
0.004874
0.004165
0.004272
0.004633
0.004557
0.005549
0.006442
0.005994
0.005656
0.004502
0.004358
0.003917
0.004129
0.003691
0.003738
0.003814
0.003801
0.003588
0.003739
0.003571
0.004339
0.004597
0.003919
0.003712
0.003907
0.003874
0.010202
0.006457
0.006062
0.005937
0.005172
0.005771
0.005375
0.005678
0.004349
0.003585
0.003754
0.003828
0.003962
0.00365
0.003757
0.003897
0.004439
0.003863
0.003745
0.003497
0.004407
0.004013
0.003875
0.00362
0.003915
0.004
0.004662
0.004484
0.004173
0.004152
0.00477
0.004015
0.004304
0.004711
0.004442
0.004348
0.003986
0.004667
0.004356
0.004887
0.004094
0.00476
0.004261
0.00419
0.004422
0.00478
0.004119
0.004967
0.004523
0.004792
0.004166
0.005399
0.004473
0.00498
0.004445
0.004303
0.003986
0.004436
0.004292
0.005368
0.004581
0.009384
0.006291
0.006347
0.005654
0.009317
0.006842
0.006963
0.00843
0.00915
0.006326
0.00612
0.005086
0.004504
0.004379
0.004614
0.004173
0.004613
0.004172
0.004571
0.004465
0.004304
0.004091
0.004829
0.004851
0.003971
0.004217
0.00416
0.004505
0.004076
0.003975
0.005235
0.003994
0.004336
0.004032
0.003645
0.004298
0.003873
0.004234
0.003987
0.003724
0.004094
0.004562
0.004312
0.004592
0.004114
0.004653
0.004452
0.004236
0.004487
0.004815
0.005107
0.004267
0.004583
0.004527
0.004459
0.004451
0.004692
0.00481
0.004649
0.004351
0.00438
0.004724
0.009463
0.007675
0.006108
0.005781
0.00446
0.004604
0.004463
0.004559
0.004585
0.004383
0.00455
0.004413
0.004873
0.00469
0.004675
0.004701
0.004405
0.004451
0.004494
0.004753
