1.3805,1.1795,1.2419,0,0,0,0,0,0,0,0,0,0,0,0
0.16978,0.14631,0.14368,0,0,0,0,0,0,0,0,0,0,0,0
0.084198,0.076101,0.077203,0,0,0,0,0,0,0,0,0,0,0,0
0.083407,0.062058,0.060564,0,0,0,0,0,0,0,0,0,0,0,0
0.092931,0.093443,0.091345,0,0,0,0,0,0,0,0,0,0,0,0
0.096787,0.075315,0.084785,0,0,0,0,0,0,0,0,0,0,0,0
0.060326,0.049299,0.049439,0,0,0,0,0,0,0,0,0,0,0,0
0.048115,0.046413,0.049051,0,0,0,0,0,0,0,0,0,0,0,0
0.046635,0.049844,0.053508,0,0,0,0,0,0,0,0,0,0,0,0
0.032491,0.021251,0.023335,0,0,0,0,0,0,0,0,0,0,0,0
0.022875,0.020643,0.032189,0,0,0,0,0,0,0,0,0,0,0,0
0.020007,0.019421,0.021095,0,0,0,0,0,0,0,0,0,0,0,0
0.020584,0.019431,0.022423,0,0,0,0,0,0,0,0,0,0,0,0
0.022203,0.021563,0.022446,0,0,0,0,0,0,0,0,0,0,0,0
0.053122,0.053064,0.049549,0,0,0,0,0,0,0,0,0,0,0,0
0.022614,0.027,0.021561,0,0,0,0,0,0,0,0,0,0,0,0
0.026523,0.020283,0.022165,0,0,0,0,0,0,0,0,0,0,0,0
0.039619,0.019737,0.022979,0,0,0,0,0,0,0,0,0,0,0,0
0.021147,0.022589,0.022029,0,0,0,0,0,0,0,0,0,0,0,0
0.020174,0.021622,0.022444,0,0,0,0,0,0,0,0,0,0,0,0
0.051796,0.050461,0.053927,0,0,0,0,0,0,0,0,0,0,0,0
0.020808,0.022437,0.023141,0,0,0,0,0,0,0,0,0,0,0,0
0.02047,0.02019,0.021242,0,0,0,0,0,0,0,0,0,0,0,0
0.020467,0.019851,0.023387,0,0,0,0,0,0,0,0,0,0,0,0
0.020769,0.01973,0.030201,0,0,0,0,0,0,0,0,0,0,0,0
0.020377,0.020313,0.026499,0,0,0,0,0,0,0,0,0,0,0,0
0.042277,0.04462,0.043527,0,0,0,0,0,0,0,0,0,0,0,0
0.020328,0.033775,0.028064,0,0,0,0,0,0,0,0,0,0,0,0
0.022494,0.022211,0.020454,0,0,0,0,0,0,0,0,0,0,0,0
0.02466,0.022613,0.019794,0,0,0,0,0,0,0,0,0,0,0,0
0.029583,0.031664,0.02795,0,0,0,0,0,0,0,0,0,0,0,0
0.02328,0.025486,0.021294,0,0,0,0,0,0,0,0,0,0,0,0
0.046367,0.054999,0.049132,0,0,0,0,0,0,0,0,0,0,0,0
0.02834,0.025829,0.025722,0,0,0,0,0,0,0,0,0,0,0,0
0.032804,0.028732,0.029988,0,0,0,0,0,0,0,0,0,0,0,0
0.023738,0.02973,0.023123,0,0,0,0,0,0,0,0,0,0,0,0
0.019096,0.019866,0.02122,0,0,0,0,0,0,0,0,0,0,0,0
0.020042,0.020953,0.021792,0,0,0,0,0,0,0,0,0,0,0,0
0.045017,0.044413,0.05105,0,0,0,0,0,0,0,0,0,0,0,0
0.019276,0.019557,0.025831,0,0,0,0,0,0,0,0,0,0,0,0
0.020932,0.027083,0.032632,0,0,0,0,0,0,0,0,0,0,0,0
0.03129,0.019624,0.023572,0,0,0,0,0,0,0,0,0,0,0,0
0.024168,0.030527,0.024434,0,0,0,0,0,0,0,0,0,0,0,0
0.024157,0.021623,0.019131,0,0,0,0,0,0,0,0,0,0,0,0
0.04204,0.051168,0.045108,0,0,0,0,0,0,0,0,0,0,0,0
0.019516,0.019437,0.018741,0,0,0,0,0,0,0,0,0,0,0,0
0.018631,0.019473,0.029353,0,0,0,0,0,0,0,0,0,0,0,0
0.020255,0.020368,0.023313,0,0,0,0,0,0,0,0,0,0,0,0
0.020352,0.020021,0.02497,0,0,0,0,0,0,0,0,0,0,0,0
0.019586,0.019687,0.019287,0,0,0,0,0,0,0,0,0,0,0,0
0.042718,0.043551,0.044977,0,0,0,0,0,0,0,0,0,0,0,0
0.021623,0.022647,0.021648,0,0,0,0,0,0,0,0,0,0,0,0
0.026636,0.019669,0.019397,0,0,0,0,0,0,0,0,0,0,0,0
0.024045,0.032151,0.028879,0,0,0,0,0,0,0,0,0,0,0,0
0.020345,0.020268,0.018548,0,0,0,0,0,0,0,0,0,0,0,0
0.03037,0.022182,0.028124,0,0,0,0,0,0,0,0,0,0,0,0
0.048342,0.045023,0.048444,0,0,0,0,0,0,0,0,0,0,0,0
0.020088,0.023428,0.024666,0,0,0,0,0,0,0,0,0,0,0,0
0.019932,0.021158,0.019416,0,0,0,0,0,0,0,0,0,0,0,0
0.032759,0.019856,0.025266,0,0,0,0,0,0,0,0,0,0,0,0
0.019133,0.019446,0.027425,0,0,0,0,0,0,0,0,0,0,0,0
0.019934,0.01952,0.024037,0,0,0,0,0,0,0,0,0,0,0,0
0.044681,0.043621,0.043871,0,0,0,0,0,0,0,0,0,0,0,0
0.019826,0.019369,0.019518,0,0,0,0,0,0,0,0,0,0,0,0
0.019647,0.019808,0.019783,0,0,0,0,0,0,0,0,0,0,0,0
0.019499,0.019542,0.02675,0,0,0,0,0,0,0,0,0,0,0,0
0.01955,0.019912,0.023637,0,0,0,0,0,0,0,0,0,0,0,0
0.029281,0.028444,0.020076,0,0,0,0,0,0,0,0,0,0,0,0
0.043457,0.049214,0.04432,0,0,0,0,0,0,0,0,0,0,0,0
0.029473,0.019739,0.021295,0,0,0,0,0,0,0,0,0,0,0,0
0.023649,0.020368,0.021493,0,0,0,0,0,0,0,0,0,0,0,0
0.02163,0.019669,0.019395,0,0,0,0,0,0,0,0,0,0,0,0
0.027378,0.019404,0.019691,0,0,0,0,0,0,0,0,0,0,0,0
0.020324,0.029227,0.019522,0,0,0,0,0,0,0,0,0,0,0,0
0.042551,0.049007,0.045769,0,0,0,0,0,0,0,0,0,0,0,0
0.020636,0.019659,0.019933,0,0,0,0,0,0,0,0,0,0,0,0
0.025233,0.019258,0.020155,0,0,0,0,0,0,0,0,0,0,0,0
0.036741,0.019375,0.018634,0,0,0,0,0,0,0,0,0,0,0,0
0.020357,0.020196,0.024613,0,0,0,0,0,0,0,0,0,0,0,0
0.019346,0.019328,0.019579,0,0,0,0,0,0,0,0,0,0,0,0
0.04273,0.04176,0.042909,0,0,0,0,0,0,0,0,0,0,0,0
0.028678,0.020001,0.0219,0,0,0,0,0,0,0,0,0,0,0,0
0.019586,0.023386,0.021822,0,0,0,0,0,0,0,0,0,0,0,0
0.018657,0.022693,0.019478,0,0,0,0,0,0,0,0,0,0,0,0
0.022071,0.038333,0.020248,0,0,0,0,0,0,0,0,0,0,0,0
0.020112,0.018925,0.018906,0,0,0,0,0,0,0,0,0,0,0,0
0.043789,0.04307,0.042581,0,0,0,0,0,0,0,0,0,0,0,0
0.019985,0.024765,0.024196,0,0,0,0,0,0,0,0,0,0,0,0
0.020198,0.020291,0.019903,0,0,0,0,0,0,0,0,0,0,0,0
0.018976,0.019551,0.018335,0,0,0,0,0,0,0,0,0,0,0,0
0.021553,0.019968,0.018903,0,0,0,0,0,0,0,0,0,0,0,0
0.019438,0.020804,0.019427,0,0,0,0,0,0,0,0,0,0,0,0
0.043631,0.04337,0.046755,0,0,0,0,0,0,0,0,0,0,0,0
0.018037,0.018616,0.019484,0,0,0,0,0,0,0,0,0,0,0,0
0.019155,0.019204,0.019435,0,0,0,0,0,0,0,0,0,0,0,0
0.032474,0.023834,0.031526,0,0,0,0,0,0,0,0,0,0,0,0
0.019022,0.019956,0.020071,0,0,0,0,0,0,0,0,0,0,0,0
0.018732,0.019707,0.019528,0,0,0,0,0,0,0,0,0,0,0,0
0.04178,0.043245,0.043928,0,0,0,0,0,0,0,0,0,0,0,0
0.01941,0.020463,0.019662,0,0,0,0,0,0,0,0,0,0,0,0
0.021595,0.020595,0.018735,0,0,0,0,0,0,0,0,0,0,0,0
0.021987,0.019256,0.021063,0,0,0,0,0,0,0,0,0,0,0,0
0.021436,0.019896,0.019802,0,0,0,0,0,0,0,0,0,0,0,0
0.020508,0.018621,0.019472,0,0,0,0,0,0,0,0,0,0,0,0
0.043328,0.045135,0.042144,0,0,0,0,0,0,0,0,0,0,0,0
0.019539,0.023363,0.017937,0,0,0,0,0,0,0,0,0,0,0,0
0.017957,0.026971,0.018457,0,0,0,0,0,0,0,0,0,0,0,0
0.018626,0.02371,0.019202,0,0,0,0,0,0,0,0,0,0,0,0
0.019015,0.019636,0.018576,0,0,0,0,0,0,0,0,0,0,0,0
0.022969,0.028836,0.019404,0,0,0,0,0,0,0,0,0,0,0,0
0.043688,0.045646,0.042318,0,0,0,0,0,0,0,0,0,0,0,0
0.020644,0.021086,0.019483,0,0,0,0,0,0,0,0,0,0,0,0
0.020104,0.020753,0.019563,0,0,0,0,0,0,0,0,0,0,0,0
0.019648,0.021361,0.020789,0,0,0,0,0,0,0,0,0,0,0,0
0.049702,0.021725,0.021259,0,0,0,0,0,0,0,0,0,0,0,0
0.023006,0.021318,0.019896,0,0,0,0,0,0,0,0,0,0,0,0
0.049023,0.050591,0.047531,0,0,0,0,0,0,0,0,0,0,0,0
0.019969,0.021036,0.02271,0,0,0,0,0,0,0,0,0,0,0,0
0.065648,0.021247,0.019851,0,0,0,0,0,0,0,0,0,0,0,0
0.019411,0.021231,0.01989,0,0,0,0,0,0,0,0,0,0,0,0
0.019773,0.020807,0.019193,0,0,0,0,0,0,0,0,0,0,0,0
0.019218,0.021202,0.020072,0,0,0,0,0,0,0,0,0,0,0,0
0.048187,0.050176,0.043285,0,0,0,0,0,0,0,0,0,0,0,0
0.032963,0.02179,0.020342,0,0,0,0,0,0,0,0,0,0,0,0
0.019642,0.021009,0.019272,0,0,0,0,0,0,0,0,0,0,0,0
0.028669,0.021372,0.030508,0,0,0,0,0,0,0,0,0,0,0,0
0.0198,0.020996,0.019373,0,0,0,0,0,0,0,0,0,0,0,0
0.019668,0.021675,0.020519,0,0,0,0,0,0,0,0,0,0,0,0
0.04171,0.049143,0.047707,0,0,0,0,0,0,0,0,0,0,0,0
0.040165,0.021572,0.021456,0,0,0,0,0,0,0,0,0,0,0,0
0.021701,0.022253,0.024399,0,0,0,0,0,0,0,0,0,0,0,0
0.030971,0.020791,0.024094,0,0,0,0,0,0,0,0,0,0,0,0
0.020271,0.028772,0.02413,0,0,0,0,0,0,0,0,0,0,0,0
0.02047,0.021226,0.021394,0,0,0,0,0,0,0,0,0,0,0,0
0.043667,0.052297,0.049806,0,0,0,0,0,0,0,0,0,0,0,0
0.033102,0.024314,0.02721,0,0,0,0,0,0,0,0,0,0,0,0
0.02054,0.02194,0.021882,0,0,0,0,0,0,0,0,0,0,0,0
0.027617,0.020809,0.021924,0,0,0,0,0,0,0,0,0,0,0,0
0.020064,0.019225,0.02189,0,0,0,0,0,0,0,0,0,0,0,0
0.019617,0.0194,0.021602,0,0,0,0,0,0,0,0,0,0,0,0
0.060698,0.04269,0.049337,0,0,0,0,0,0,0,0,0,0,0,0
0.020376,0.019957,0.021224,0,0,0,0,0,0,0,0,0,0,0,0
0.020211,0.019404,0.022058,0,0,0,0,0,0,0,0,0,0,0,0
0.030265,0.019476,0.027048,0,0,0,0,0,0,0,0,0,0,0,0
0.019914,0.020121,0.023666,0,0,0,0,0,0,0,0,0,0,0,0
0.019544,0.020329,0.020009,0,0,0,0,0,0,0,0,0,0,0,0
0.04341,0.040992,0.042139,0,0,0,0,0,0,0,0,0,0,0,0
0.019434,0.019704,0.033771,0,0,0,0,0,0,0,0,0,0,0,0
0.01939,0.018937,0.019643,0,0,0,0,0,0,0,0,0,0,0,0
0.01985,0.023051,0.027627,0,0,0,0,0,0,0,0,0,0,0,0
0.020615,0.023617,0.020508,0,0,0,0,0,0,0,0,0,0,0,0
0.019263,0.021479,0.027601,0,0,0,0,0,0,0,0,0,0,0,0
0.061698,0.056336,0.043284,0,0,0,0,0,0,0,0,0,0,0,0
0.020635,0.020457,0.020916,0,0,0,0,0,0,0,0,0,0,0,0
0.019485,0.019727,0.020565,0,0,0,0,0,0,0,0,0,0,0,0
0.036011,0.020715,0.021097,0,0,0,0,0,0,0,0,0,0,0,0
0.020547,0.02391,0.019494,0,0,0,0,0,0,0,0,0,0,0,0
0.019678,0.024468,0.019767,0,0,0,0,0,0,0,0,0,0,0,0
0.066611,0.049761,0.044048,0,0,0,0,0,0,0,0,0,0,0,0
0.020935,0.024007,0.019944,0,0,0,0,0,0,0,0,0,0,0,0
0.020799,0.019366,0.019644,0,0,0,0,0,0,0,0,0,0,0,0
0.020102,0.020537,0.019732,0,0,0,0,0,0,0,0,0,0,0,0
0.021475,0.019903,0.018811,0,0,0,0,0,0,0,0,0,0,0,0
0.027021,0.024454,0.020022,0,0,0,0,0,0,0,0,0,0,0,0
0.040589,0.04602,0.042129,0,0,0,0,0,0,0,0,0,0,0,0
0.01902,0.019342,0.019674,0,0,0,0,0,0,0,0,0,0,0,0
0.019381,0.0195,0.019671,0,0,0,0,0,0,0,0,0,0,0,0
0.019505,0.020216,0.019544,0,0,0,0,0,0,0,0,0,0,0,0
0.020157,0.02024,0.021393,0,0,0,0,0,0,0,0,0,0,0,0
0.026765,0.019774,0.024617,0,0,0,0,0,0,0,0,0,0,0,0
0.043289,0.042945,0.042803,0,0,0,0,0,0,0,0,0,0,0,0
0.020169,0.020162,0.020109,0,0,0,0,0,0,0,0,0,0,0,0
0.021702,0.020113,0.0198,0,0,0,0,0,0,0,0,0,0,0,0
0.0201,0.020105,0.021286,0,0,0,0,0,0,0,0,0,0,0,0
0.020454,0.028351,0.021003,0,0,0,0,0,0,0,0,0,0,0,0
0.020556,0.020412,0.021795,0,0,0,0,0,0,0,0,0,0,0,0
0.045791,0.047164,0.043539,0,0,0,0,0,0,0,0,0,0,0,0
0.02223,0.01933,0.020415,0,0,0,0,0,0,0,0,0,0,0,0
0.020298,0.019598,0.020838,0,0,0,0,0,0,0,0,0,0,0,0
0.020474,0.019978,0.023148,0,0,0,0,0,0,0,0,0,0,0,0
0.02491,0.019926,0.021132,0,0,0,0,0,0,0,0,0,0,0,0
0.020953,0.024445,0.021206,0,0,0,0,0,0,0,0,0,0,0,0
0.042811,0.049114,0.041697,0,0,0,0,0,0,0,0,0,0,0,0
0.01974,0.019413,0.019395,0,0,0,0,0,0,0,0,0,0,0,0
0.020416,0.020697,0.020552,0,0,0,0,0,0,0,0,0,0,0,0
0.038311,0.019808,0.020085,0,0,0,0,0,0,0,0,0,0,0,0
0.019653,0.019384,0.019453,0,0,0,0,0,0,0,0,0,0,0,0
0.019632,0.019449,0.02097,0,0,0,0,0,0,0,0,0,0,0,0
0.041838,0.047004,0.041894,0,0,0,0,0,0,0,0,0,0,0,0
0.019581,0.019623,0.019194,0,0,0,0,0,0,0,0,0,0,0,0
0.020857,0.021869,0.020816,0,0,0,0,0,0,0,0,0,0,0,0
0.019667,0.019778,0.019867,0,0,0,0,0,0,0,0,0,0,0,0
0.037455,0.023139,0.019855,0,0,0,0,0,0,0,0,0,0,0,0
0.024523,0.020196,0.020236,0,0,0,0,0,0,0,0,0,0,0,0
0.045076,0.051741,0.042344,0,0,0,0,0,0,0,0,0,0,0,0
0.036854,0.019539,0.021204,0,0,0,0,0,0,0,0,0,0,0,0
0.036059,0.022375,0.01949,0,0,0,0,0,0,0,0,0,0,0,0
0.024879,0.020099,0.019729,0,0,0,0,0,0,0,0,0,0,0,0
0.020253,0.019649,0.019424,0,0,0,0,0,0,0,0,0,0,0,0
0.020786,0.020315,0.020346,0,0,0,0,0,0,0,0,0,0,0,0
0.041748,0.042184,0.042235,0,0,0,0,0,0,0,0,0,0,0,0
0.020319,0.019767,0.019613,0,0,0,0,0,0,0,0,0,0,0,0
0.022155,0.022269,0.020551,0,0,0,0,0,0,0,0,0,0,0,0
0.030773,0.031431,0.029431,0,0,0,0,0,0,0,0,0,0,0,0
0.020075,0.020363,0.03576,0,0,0,0,0,0,0,0,0,0,0,0
0.020101,0.020268,0.023856,0,0,0,0,0,0,0,0,0,0,0,0
0.041815,0.042472,0.044105,0,0,0,0,0,0,0,0,0,0,0,0
0.020039,0.021825,0.020543,0,0,0,0,0,0,0,0,0,0,0,0
0.019431,0.019554,0.023447,0,0,0,0,0,0,0,0,0,0,0,0
0.019056,0.019063,0.034424,0,0,0,0,0,0,0,0,0,0,0,0
0.020206,0.020505,0.020825,0,0,0,0,0,0,0,0,0,0,0,0
0.021792,0.020136,0.020258,0,0,0,0,0,0,0,0,0,0,0,0
0.044292,0.056498,0.04509,0,0,0,0,0,0,0,0,0,0,0,0
0.019564,0.020741,0.022415,0,0,0,0,0,0,0,0,0,0,0,0
0.019526,0.022433,0.020084,0,0,0,0,0,0,0,0,0,0,0,0
0.019671,0.022579,0.020171,0,0,0,0,0,0,0,0,0,0,0,0
0.019794,0.021496,0.019772,0,0,0,0,0,0,0,0,0,0,0,0
0.019792,0.023927,0.019865,0,0,0,0,0,0,0,0,0,0,0,0
0.05171,0.044303,0.055147,0,0,0,0,0,0,0,0,0,0,0,0
0.019757,0.020531,0.020594,0,0,0,0,0,0,0,0,0,0,0,0
0.025443,0.019616,0.02007,0,0,0,0,0,0,0,0,0,0,0,0
0.019229,0.019277,0.019737,0,0,0,0,0,0,0,0,0,0,0,0
0.040044,0.031423,0.019126,0,0,0,0,0,0,0,0,0,0,0,0
0.022147,0.019833,0.019438,0,0,0,0,0,0,0,0,0,0,0,0
0.042216,0.043849,0.042723,0,0,0,0,0,0,0,0,0,0,0,0
0.023412,0.021508,0.019903,0,0,0,0,0,0,0,0,0,0,0,0
0.0203,0.0242,0.028382,0,0,0,0,0,0,0,0,0,0,0,0
0.019891,0.02435,0.01941,0,0,0,0,0,0,0,0,0,0,0,0
0.030412,0.020591,0.02013,0,0,0,0,0,0,0,0,0,0,0,0
0.020742,0.020485,0.020631,0,0,0,0,0,0,0,0,0,0,0,0
0.051998,0.059919,0.050064,0,0,0,0,0,0,0,0,0,0,0,0
0.024205,0.019287,0.020381,0,0,0,0,0,0,0,0,0,0,0,0
0.024843,0.020149,0.020758,0,0,0,0,0,0,0,0,0,0,0,0
0.021075,0.020172,0.021248,0,0,0,0,0,0,0,0,0,0,0,0
0.038448,0.019828,0.020121,0,0,0,0,0,0,0,0,0,0,0,0
0.0209,0.018799,0.019755,0,0,0,0,0,0,0,0,0,0,0,0
0.042486,0.054897,0.042194,0,0,0,0,0,0,0,0,0,0,0,0
0.020039,0.024196,0.019717,0,0,0,0,0,0,0,0,0,0,0,0
0.019758,0.024235,0.019392,0,0,0,0,0,0,0,0,0,0,0,0
0.03181,0.024654,0.019352,0,0,0,0,0,0,0,0,0,0,0,0
0.023987,0.022114,0.01992,0,0,0,0,0,0,0,0,0,0,0,0
0.018949,0.025193,0.032848,0,0,0,0,0,0,0,0,0,0,0,0
0.049974,0.043085,0.041904,0,0,0,0,0,0,0,0,0,0,0,0
0.028045,0.037947,0.020907,0,0,0,0,0,0,0,0,0,0,0,0
0.059767,0.01913,0.020793,0,0,0,0,0,0,0,0,0,0,0,0
0.023702,0.019552,0.020245,0,0,0,0,0,0,0,0,0,0,0,0
0.024347,0.034415,0.031295,0,0,0,0,0,0,0,0,0,0,0,0
0.03109,0.027992,0.019816,0,0,0,0,0,0,0,0,0,0,0,0
0.047347,0.040475,0.051032,0,0,0,0,0,0,0,0,0,0,0,0
0.021494,0.018782,0.018462,0,0,0,0,0,0,0,0,0,0,0,0
0.045328,0.031303,0.021974,0,0,0,0,0,0,0,0,0,0,0,0
0.025848,0.023348,0.020949,0,0,0,0,0,0,0,0,0,0,0,0
0.023735,0.031283,0.020649,0,0,0,0,0,0,0,0,0,0,0,0
0.02333,0.020123,0.028967,0,0,0,0,0,0,0,0,0,0,0,0
0.056003,0.048605,0.042255,0,0,0,0,0,0,0,0,0,0,0,0
0.022129,0.019396,0.021394,0,0,0,0,0,0,0,0,0,0,0,0
0.036352,0.021983,0.022456,0,0,0,0,0,0,0,0,0,0,0,0
0.03121,0.024118,0.023441,0,0,0,0,0,0,0,0,0,0,0,0
0.024057,0.020446,0.021584,0,0,0,0,0,0,0,0,0,0,0,0
0.023565,0.02701,0.020158,0,0,0,0,0,0,0,0,0,0,0,0
0.041966,0.04298,0.052927,0,0,0,0,0,0,0,0,0,0,0,0
0.020539,0.020608,0.020069,0,0,0,0,0,0,0,0,0,0,0,0
0.034924,0.019603,0.020047,0,0,0,0,0,0,0,0,0,0,0,0
0.023494,0.019703,0.037081,0,0,0,0,0,0,0,0,0,0,0,0
0.023096,0.019396,0.019933,0,0,0,0,0,0,0,0,0,0,0,0
0.022224,0.01967,0.019813,0,0,0,0,0,0,0,0,0,0,0,0
0.050943,0.050606,0.042503,0,0,0,0,0,0,0,0,0,0,0,0
0.022285,0.02339,0.021608,0,0,0,0,0,0,0,0,0,0,0,0
0.021441,0.025767,0.020249,0,0,0,0,0,0,0,0,0,0,0,0
0.022053,0.018806,0.027556,0,0,0,0,0,0,0,0,0,0,0,0
0.021653,0.028753,0.02046,0,0,0,0,0,0,0,0,0,0,0,0
0.022768,0.023537,0.022925,0,0,0,0,0,0,0,0,0,0,0,0
0.050045,0.044105,0.042722,0,0,0,0,0,0,0,0,0,0,0,0
0.022162,0.020411,0.020061,0,0,0,0,0,0,0,0,0,0,0,0
0.033639,0.019139,0.021144,0,0,0,0,0,0,0,0,0,0,0,0
0.021116,0.019464,0.020278,0,0,0,0,0,0,0,0,0,0,0,0
0.019941,0.020594,0.020065,0,0,0,0,0,0,0,0,0,0,0,0
0.022375,0.019134,0.02016,0,0,0,0,0,0,0,0,0,0,0,0
0.043148,0.042463,0.041675,0,0,0,0,0,0,0,0,0,0,0,0
0.032871,0.019567,0.019831,0,0,0,0,0,0,0,0,0,0,0,0
0.021369,0.019678,0.021791,0,0,0,0,0,0,0,0,0,0,0,0
0.020376,0.019161,0.01992,0,0,0,0,0,0,0,0,0,0,0,0
0.02015,0.022767,0.019542,0,0,0,0,0,0,0,0,0,0,0,0
0.020334,0.020717,0.027201,0,0,0,0,0,0,0,0,0,0,0,0
0.045332,0.059381,0.043497,0,0,0,0,0,0,0,0,0,0,0,0
0.020882,0.01999,0.020279,0,0,0,0,0,0,0,0,0,0,0,0
0.020731,0.022103,0.02019,0,0,0,0,0,0,0,0,0,0,0,0
0.020055,0.019427,0.026227,0,0,0,0,0,0,0,0,0,0,0,0
0.019613,0.019833,0.020164,0,0,0,0,0,0,0,0,0,0,0,0
0.019665,0.032637,0.020443,0,0,0,0,0,0,0,0,0,0,0,0
0.041029,0.049014,0.04379,0,0,0,0,0,0,0,0,0,0,0,0
0.020163,0.02034,0.020389,0,0,0,0,0,0,0,0,0,0,0,0
0.019719,0.019387,0.019748,0,0,0,0,0,0,0,0,0,0,0,0
0.02101,0.020173,0.020509,0,0,0,0,0,0,0,0,0,0,0,0
0.019369,0.020275,0.020773,0,0,0,0,0,0,0,0,0,0,0,0
0.020444,0.020246,0.027054,0,0,0,0,0,0,0,0,0,0,0,0
0.041032,0.043678,0.042036,0,0,0,0,0,0,0,0,0,0,0,0
0.041154,0.020513,0.020143,0,0,0,0,0,0,0,0,0,0,0,0
0.020708,0.03041,0.020901,0,0,0,0,0,0,0,0,0,0,0,0
0.019866,0.0233,0.020969,0,0,0,0,0,0,0,0,0,0,0,0
0.0202,0.02292,0.020647,0,0,0,0,0,0,0,0,0,0,0,0
0.02278,0.023378,0.020779,0,0,0,0,0,0,0,0,0,0,0,0
0.043269,0.039875,0.041195,0,0,0,0,0,0,0,0,0,0,0,0
0.020533,0.023164,0.020098,0,0,0,0,0,0,0,0,0,0,0,0
0.019142,0.018901,0.019821,0,0,0,0,0,0,0,0,0,0,0,0
0.020661,0.028892,0.021143,0,0,0,0,0,0,0,0,0,0,0,0
0.019769,0.018694,0.020123,0,0,0,0,0,0,0,0,0,0,0,0
0.019733,0.019472,0.019743,0,0,0,0,0,0,0,0,0,0,0,0
0.041139,0.046318,0.042838,0,0,0,0,0,0,0,0,0,0,0,0
0.030763,0.024748,0.021161,0,0,0,0,0,0,0,0,0,0,0,0
0.020427,0.019211,0.021837,0,0,0,0,0,0,0,0,0,0,0,0
0.028521,0.028208,0.030499,0,0,0,0,0,0,0,0,0,0,0,0
0.019632,0.02225,0.020463,0,0,0,0,0,0,0,0,0,0,0,0
0.020455,0.022288,0.019887,0,0,0,0,0,0,0,0,0,0,0,0
0.054835,0.048733,0.042244,0,0,0,0,0,0,0,0,0,0,0,0
0.020887,0.021643,0.02019,0,0,0,0,0,0,0,0,0,0,0,0
0.019572,0.021999,0.020318,0,0,0,0,0,0,0,0,0,0,0,0
0.019847,0.02217,0.019977,0,0,0,0,0,0,0,0,0,0,0,0
0.020263,0.022932,0.020447,0,0,0,0,0,0,0,0,0,0,0,0
0.019818,0.022084,0.029088,0,0,0,0,0,0,0,0,0,0,0,0
0.041222,0.06655,0.042452,0,0,0,0,0,0,0,0,0,0,0,0
0.019756,0.022061,0.031628,0,0,0,0,0,0,0,0,0,0,0,0
0.021598,0.02114,0.020081,0,0,0,0,0,0,0,0,0,0,0,0
0.021192,0.020882,0.020192,0,0,0,0,0,0,0,0,0,0,0,0
0.021506,0.020712,0.020623,0,0,0,0,0,0,0,0,0,0,0,0
0.020296,0.024825,0.023177,0,0,0,0,0,0,0,0,0,0,0,0
0.044856,0.052934,0.04493,0,0,0,0,0,0,0,0,0,0,0,0
0.020479,0.018137,0.020633,0,0,0,0,0,0,0,0,0,0,0,0
0.020739,0.030071,0.021834,0,0,0,0,0,0,0,0,0,0,0,0
0.01976,0.021161,0.02041,0,0,0,0,0,0,0,0,0,0,0,0
0.031304,0.021552,0.020066,0,0,0,0,0,0,0,0,0,0,0,0
0.020199,0.021499,0.021618,0,0,0,0,0,0,0,0,0,0,0,0
0.040719,0.04497,0.042999,0,0,0,0,0,0,0,0,0,0,0,0
0.019088,0.019829,0.019976,0,0,0,0,0,0,0,0,0,0,0,0
0.027966,0.028356,0.028252,0,0,0,0,0,0,0,0,0,0,0,0
0.024372,0.020317,0.023868,0,0,0,0,0,0,0,0,0,0,0,0
0.024504,0.026054,0.022374,0,0,0,0,0,0,0,0,0,0,0,0
0.023672,0.019622,0.021153,0,0,0,0,0,0,0,0,0,0,0,0
0.065649,0.045084,0.053225,0,0,0,0,0,0,0,0,0,0,0,0
0.021645,0.023364,0.020659,0,0,0,0,0,0,0,0,0,0,0,0
0.02158,0.021091,0.01904,0,0,0,0,0,0,0,0,0,0,0,0
0.019792,0.019629,0.019891,0,0,0,0,0,0,0,0,0,0,0,0
0.020494,0.020695,0.021721,0,0,0,0,0,0,0,0,0,0,0,0
0.021998,0.020124,0.0254,0,0,0,0,0,0,0,0,0,0,0,0
0.047714,0.041897,0.042247,0,0,0,0,0,0,0,0,0,0,0,0
0.019617,0.020134,0.019498,0,0,0,0,0,0,0,0,0,0,0,0
0.05139,0.021057,0.023584,0,0,0,0,0,0,0,0,0,0,0,0
0.020888,0.021349,0.023686,0,0,0,0,0,0,0,0,0,0,0,0
0.020023,0.019975,0.020222,0,0,0,0,0,0,0,0,0,0,0,0
0.027714,0.019988,0.021656,0,0,0,0,0,0,0,0,0,0,0,0
0.043678,0.042572,0.042656,0,0,0,0,0,0,0,0,0,0,0,0
0.032915,0.019963,0.020817,0,0,0,0,0,0,0,0,0,0,0,0
0.021918,0.020623,0.02031,0,0,0,0,0,0,0,0,0,0,0,0
0.020017,0.020338,0.021306,0,0,0,0,0,0,0,0,0,0,0,0
0.021495,0.021287,0.032912,0,0,0,0,0,0,0,0,0,0,0,0
0.020344,0.020508,0.019486,0,0,0,0,0,0,0,0,0,0,0,0
0.041345,0.041497,0.041699,0,0,0,0,0,0,0,0,0,0,0,0
0.021763,0.020812,0.023314,0,0,0,0,0,0,0,0,0,0,0,0
0.033873,0.020027,0.020226,0,0,0,0,0,0,0,0,0,0,0,0
0.021217,0.021714,0.022369,0,0,0,0,0,0,0,0,0,0,0,0
0.020258,0.020139,0.020714,0,0,0,0,0,0,0,0,0,0,0,0
0.020678,0.02025,0.021273,0,0,0,0,0,0,0,0,0,0,0,0
0.042272,0.041921,0.043193,0,0,0,0,0,0,0,0,0,0,0,0
0.021378,0.020701,0.021073,0,0,0,0,0,0,0,0,0,0,0,0
0.020098,0.020352,0.021416,0,0,0,0,0,0,0,0,0,0,0,0
0.032488,0.030064,0.023111,0,0,0,0,0,0,0,0,0,0,0,0
0.019383,0.024193,0.020582,0,0,0,0,0,0,0,0,0,0,0,0
0.04131,0.020276,0.021135,0,0,0,0,0,0,0,0,0,0,0,0
0.041139,0.053453,0.044101,0,0,0,0,0,0,0,0,0,0,0,0
0.020016,0.020842,0.020342,0,0,0,0,0,0,0,0,0,0,0,0
0.024893,0.020677,0.021047,0,0,0,0,0,0,0,0,0,0,0,0
0.020565,0.019741,0.021165,0,0,0,0,0,0,0,0,0,0,0,0
0.020754,0.020839,0.021855,0,0,0,0,0,0,0,0,0,0,0,0
0.03102,0.023365,0.020762,0,0,0,0,0,0,0,0,0,0,0,0
0.05388,0.051101,0.043202,0,0,0,0,0,0,0,0,0,0,0,0
0.029335,0.019518,0.020373,0,0,0,0,0,0,0,0,0,0,0,0
0.021666,0.019933,0.020435,0,0,0,0,0,0,0,0,0,0,0,0
0.020699,0.019338,0.020493,0,0,0,0,0,0,0,0,0,0,0,0
0.022047,0.020225,0.022919,0,0,0,0,0,0,0,0,0,0,0,0
0.026753,0.027833,0.032899,0,0,0,0,0,0,0,0,0,0,0,0
0.042599,0.048737,0.049696,0,0,0,0,0,0,0,0,0,0,0,0
0.020311,0.020632,0.020915,0,0,0,0,0,0,0,0,0,0,0,0
0.020377,0.020548,0.020211,0,0,0,0,0,0,0,0,0,0,0,0
0.022185,0.020575,0.020462,0,0,0,0,0,0,0,0,0,0,0,0
0.020664,0.021126,0.02122,0,0,0,0,0,0,0,0,0,0,0,0
0.020648,0.02035,0.020977,0,0,0,0,0,0,0,0,0,0,0,0
0.040852,0.04138,0.041952,0,0,0,0,0,0,0,0,0,0,0,0
0.021499,0.020867,0.021733,0,0,0,0,0,0,0,0,0,0,0,0
0.020269,0.019979,0.024975,0,0,0,0,0,0,0,0,0,0,0,0
0.022429,0.020544,0.020142,0,0,0,0,0,0,0,0,0,0,0,0
0.0217,0.021183,0.020647,0,0,0,0,0,0,0,0,0,0,0,0
0.022324,0.020037,0.021769,0,0,0,0,0,0,0,0,0,0,0,0
0.050657,0.043321,0.043335,0,0,0,0,0,0,0,0,0,0,0,0
0.022791,0.020149,0.020505,0,0,0,0,0,0,0,0,0,0,0,0
0.02208,0.027179,0.02132,0,0,0,0,0,0,0,0,0,0,0,0
0.022031,0.022387,0.021255,0,0,0,0,0,0,0,0,0,0,0,0
0.02148,0.020451,0.021378,0,0,0,0,0,0,0,0,0,0,0,0
0.020627,0.020834,0.020734,0,0,0,0,0,0,0,0,0,0,0,0
0.042163,0.042272,0.042542,0,0,0,0,0,0,0,0,0,0,0,0
0.031655,0.019357,0.020525,0,0,0,0,0,0,0,0,0,0,0,0
0.020381,0.019626,0.020636,0,0,0,0,0,0,0,0,0,0,0,0
0.021285,0.021281,0.020143,0,0,0,0,0,0,0,0,0,0,0,0
0.020384,0.02034,0.020354,0,0,0,0,0,0,0,0,0,0,0,0
0.021639,0.020545,0.020439,0,0,0,0,0,0,0,0,0,0,0,0
0.042027,0.043332,0.042034,0,0,0,0,0,0,0,0,0,0,0,0
0.021119,0.025866,0.024987,0,0,0,0,0,0,0,0,0,0,0,0
0.020207,0.019977,0.020301,0,0,0,0,0,0,0,0,0,0,0,0
0.01987,0.020366,0.020616,0,0,0,0,0,0,0,0,0,0,0,0
0.030883,0.027733,0.02184,0,0,0,0,0,0,0,0,0,0,0,0
0.022078,0.0202,0.032241,0,0,0,0,0,0,0,0,0,0,0,0
0.057027,0.0433,0.049503,0,0,0,0,0,0,0,0,0,0,0,0
0.022197,0.025453,0.020986,0,0,0,0,0,0,0,0,0,0,0,0
0.022622,0.024058,0.020323,0,0,0,0,0,0,0,0,0,0,0,0
0.02223,0.033466,0.021011,0,0,0,0,0,0,0,0,0,0,0,0
0.02177,0.019779,0.020181,0,0,0,0,0,0,0,0,0,0,0,0
0.04479,0.020189,0.020464,0,0,0,0,0,0,0,0,0,0,0,0
0.044033,0.041785,0.042138,0,0,0,0,0,0,0,0,0,0,0,0
0.020148,0.019464,0.024618,0,0,0,0,0,0,0,0,0,0,0,0
0.019759,0.019516,0.02127,0,0,0,0,0,0,0,0,0,0,0,0
0.031417,0.025677,0.027621,0,0,0,0,0,0,0,0,0,0,0,0
0.033699,0.024283,0.02125,0,0,0,0,0,0,0,0,0,0,0,0
0.020408,0.020111,0.021297,0,0,0,0,0,0,0,0,0,0,0,0
0.043646,0.042707,0.04502,0,0,0,0,0,0,0,0,0,0,0,0
0.019913,0.019447,0.020477,0,0,0,0,0,0,0,0,0,0,0,0
0.030189,0.0187,0.019547,0,0,0,0,0,0,0,0,0,0,0,0
0.021853,0.018973,0.019874,0,0,0,0,0,0,0,0,0,0,0,0
0.020862,0.018454,0.019448,0,0,0,0,0,0,0,0,0,0,0,0
0.02251,0.019767,0.019821,0,0,0,0,0,0,0,0,0,0,0,0
0.048106,0.042528,0.043699,0,0,0,0,0,0,0,0,0,0,0,0
0.021168,0.023308,0.020057,0,0,0,0,0,0,0,0,0,0,0,0
0.020123,0.02018,0.020362,0,0,0,0,0,0,0,0,0,0,0,0
0.020888,0.019721,0.020188,0,0,0,0,0,0,0,0,0,0,0,0
0.018548,0.01913,0.020017,0,0,0,0,0,0,0,0,0,0,0,0
0.030896,0.020354,0.020659,0,0,0,0,0,0,0,0,0,0,0,0
0.041026,0.041276,0.044606,0,0,0,0,0,0,0,0,0,0,0,0
0.019564,0.020679,0.02678,0,0,0,0,0,0,0,0,0,0,0,0
0.01993,0.019648,0.031482,0,0,0,0,0,0,0,0,0,0,0,0
0.019265,0.02421,0.021022,0,0,0,0,0,0,0,0,0,0,0,0
0.019456,0.036007,0.021868,0,0,0,0,0,0,0,0,0,0,0,0
0.019331,0.020278,0.021011,0,0,0,0,0,0,0,0,0,0,0,0
0.042927,0.04335,0.049265,0,0,0,0,0,0,0,0,0,0,0,0
0.025901,0.024468,0.02095,0,0,0,0,0,0,0,0,0,0,0,0
0.019873,0.018622,0.020961,0,0,0,0,0,0,0,0,0,0,0,0
0.020398,0.019594,0.021298,0,0,0,0,0,0,0,0,0,0,0,0
0.01965,0.032527,0.020699,0,0,0,0,0,0,0,0,0,0,0,0
0.032964,0.01991,0.020643,0,0,0,0,0,0,0,0,0,0,0,0
0.05462,0.040782,0.047884,0,0,0,0,0,0,0,0,0,0,0,0
0.024608,0.024066,0.020867,0,0,0,0,0,0,0,0,0,0,0,0
0.022436,0.018632,0.020526,0,0,0,0,0,0,0,0,0,0,0,0
0.021725,0.021359,0.020152,0,0,0,0,0,0,0,0,0,0,0,0
0.022868,0.020709,0.021527,0,0,0,0,0,0,0,0,0,0,0,0
0.022006,0.019794,0.020956,0,0,0,0,0,0,0,0,0,0,0,0
0.057576,0.054233,0.05907,0,0,0,0,0,0,0,0,0,0,0,0
0.02103,0.019721,0.020469,0,0,0,0,0,0,0,0,0,0,0,0
0.026419,0.020357,0.019629,0,0,0,0,0,0,0,0,0,0,0,0
0.020132,0.01897,0.018952,0,0,0,0,0,0,0,0,0,0,0,0
0.01962,0.019275,0.018283,0,0,0,0,0,0,0,0,0,0,0,0
0.019455,0.019509,0.029139,0,0,0,0,0,0,0,0,0,0,0,0
0.041926,0.040381,0.048907,0,0,0,0,0,0,0,0,0,0,0,0
0.020251,0.019984,0.029459,0,0,0,0,0,0,0,0,0,0,0,0
0.01963,0.018891,0.021939,0,0,0,0,0,0,0,0,0,0,0,0
0.01997,0.018543,0.019936,0,0,0,0,0,0,0,0,0,0,0,0
0.019704,0.01882,0.025467,0,0,0,0,0,0,0,0,0,0,0,0
0.019195,0.018858,0.023701,0,0,0,0,0,0,0,0,0,0,0,0
0.072435,0.042386,0.04106,0,0,0,0,0,0,0,0,0,0,0,0
0.023014,0.027026,0.019136,0,0,0,0,0,0,0,0,0,0,0,0
0.021641,0.019915,0.025832,0,0,0,0,0,0,0,0,0,0,0,0
0.036926,0.02094,0.019751,0,0,0,0,0,0,0,0,0,0,0,0
0.023859,0.019199,0.018926,0,0,0,0,0,0,0,0,0,0,0,0
0.020332,0.018653,0.018996,0,0,0,0,0,0,0,0,0,0,0,0
0.047646,0.041946,0.051704,0,0,0,0,0,0,0,0,0,0,0,0
0.020632,0.018886,0.019873,0,0,0,0,0,0,0,0,0,0,0,0
0.019447,0.018663,0.018728,0,0,0,0,0,0,0,0,0,0,0,0
0.020895,0.019648,0.02229,0,0,0,0,0,0,0,0,0,0,0,0
0.020124,0.019492,0.019992,0,0,0,0,0,0,0,0,0,0,0,0
0.018767,0.019565,0.018697,0,0,0,0,0,0,0,0,0,0,0,0
0.041276,0.040625,0.040514,0,0,0,0,0,0,0,0,0,0,0,0
0.018211,0.018532,0.018457,0,0,0,0,0,0,0,0,0,0,0,0
0.018408,0.018638,0.018837,0,0,0,0,0,0,0,0,0,0,0,0
0.018666,0.018417,0.019654,0,0,0,0,0,0,0,0,0,0,0,0
0.018969,0.017494,0.018623,0,0,0,0,0,0,0,0,0,0,0,0
0.019234,0.018037,0.018762,0,0,0,0,0,0,0,0,0,0,0,0
0.06353,0.040202,0.038685,0,0,0,0,0,0,0,0,0,0,0,0
0.019134,0.022089,0.018237,0,0,0,0,0,0,0,0,0,0,0,0
0.028648,0.017318,0.017134,0,0,0,0,0,0,0,0,0,0,0,0
0.019808,0.017765,0.019179,0,0,0,0,0,0,0,0,0,0,0,0
0.020757,0.019333,0.018069,0,0,0,0,0,0,0,0,0,0,0,0
0.020413,0.029778,0.030246,0,0,0,0,0,0,0,0,0,0,0,0
0.047317,0.042806,0.043926,0,0,0,0,0,0,0,0,0,0,0,0
0.024186,0.021023,0.017381,0,0,0,0,0,0,0,0,0,0,0,0
0.025289,0.017207,0.019044,0,0,0,0,0,0,0,0,0,0,0,0
0.024134,0.019186,0.018893,0,0,0,0,0,0,0,0,0,0,0,0
0.017275,0.019929,0.017275,0,0,0,0,0,0,0,0,0,0,0,0
0.019797,0.017296,0.018057,0,0,0,0,0,0,0,0,0,0,0,0
0.053711,0.041738,0.03979,0,0,0,0,0,0,0,0,0,0,0,0
0.019998,0.017006,0.018236,0,0,0,0,0,0,0,0,0,0,0,0
0.024142,0.016908,0.018445,0,0,0,0,0,0,0,0,0,0,0,0
0.017816,0.017013,0.017323,0,0,0,0,0,0,0,0,0,0,0,0
0.029847,0.026955,0.025996,0,0,0,0,0,0,0,0,0,0,0,0
0.034732,0.017165,0.02369,0,0,0,0,0,0,0,0,0,0,0,0
0.056975,0.03865,0.050656,0,0,0,0,0,0,0,0,0,0,0,0
0.022486,0.030311,0.020888,0,0,0,0,0,0,0,0,0,0,0,0
0.03302,0.019574,0.019979,0,0,0,0,0,0,0,0,0,0,0,0
0.033519,0.029664,0.030773,0,0,0,0,0,0,0,0,0,0,0,0
0.025895,0.018563,0.024233,0,0,0,0,0,0,0,0,0,0,0,0
0.020389,0.018211,0.017831,0,0,0,0,0,0,0,0,0,0,0,0
0.050762,0.04136,0.040967,0,0,0,0,0,0,0,0,0,0,0,0
0.020899,0.01991,0.018594,0,0,0,0,0,0,0,0,0,0,0,0
0.020538,0.018694,0.019507,0,0,0,0,0,0,0,0,0,0,0,0
0.020799,0.027006,0.021062,0,0,0,0,0,0,0,0,0,0,0,0
0.020028,0.019658,0.026281,0,0,0,0,0,0,0,0,0,0,0,0
0.021226,0.02016,0.020682,0,0,0,0,0,0,0,0,0,0,0,0
0.048261,0.040894,0.042078,0,0,0,0,0,0,0,0,0,0,0,0
0.031784,0.019839,0.034201,0,0,0,0,0,0,0,0,0,0,0,0
0.023506,0.019716,0.019606,0,0,0,0,0,0,0,0,0,0,0,0
0.020289,0.019857,0.019693,0,0,0,0,0,0,0,0,0,0,0,0
0.029679,0.019294,0.019636,0,0,0,0,0,0,0,0,0,0,0,0
0.033652,0.01929,0.019454,0,0,0,0,0,0,0,0,0,0,0,0
0.047489,0.040172,0.040247,0,0,0,0,0,0,0,0,0,0,0,0
0.020143,0.01873,0.018565,0,0,0,0,0,0,0,0,0,0,0,0
0.025083,0.018341,0.020377,0,0,0,0,0,0,0,0,0,0,0,0
0.020163,0.0217,0.023662,0,0,0,0,0,0,0,0,0,0,0,0
0.019866,0.018327,0.023905,0,0,0,0,0,0,0,0,0,0,0,0
0.021435,0.017602,0.018672,0,0,0,0,0,0,0,0,0,0,0,0
0.046584,0.040024,0.040501,0,0,0,0,0,0,0,0,0,0,0,0
0.020452,0.018111,0.018156,0,0,0,0,0,0,0,0,0,0,0,0
0.032444,0.018688,0.029248,0,0,0,0,0,0,0,0,0,0,0,0
0.020292,0.017769,0.025844,0,0,0,0,0,0,0,0,0,0,0,0
0.0208,0.018801,0.019771,0,0,0,0,0,0,0,0,0,0,0,0
0.022309,0.018869,0.018654,0,0,0,0,0,0,0,0,0,0,0,0
0.048146,0.040402,0.046531,0,0,0,0,0,0,0,0,0,0,0,0
0.020562,0.021799,0.01846,0,0,0,0,0,0,0,0,0,0,0,0
0.022086,0.020705,0.020004,0,0,0,0,0,0,0,0,0,0,0,0
0.03253,0.019132,0.018339,0,0,0,0,0,0,0,0,0,0,0,0
0.021037,0.018837,0.02583,0,0,0,0,0,0,0,0,0,0,0,0
0.027927,0.018617,0.023977,0,0,0,0,0,0,0,0,0,0,0,0
0.048691,0.046073,0.041744,0,0,0,0,0,0,0,0,0,0,0,0
0.024975,0.017671,0.019967,0,0,0,0,0,0,0,0,0,0,0,0
0.020695,0.018096,0.024359,0,0,0,0,0,0,0,0,0,0,0,0
0.01934,0.018856,0.01845,0,0,0,0,0,0,0,0,0,0,0,0
0.020045,0.019188,0.019364,0,0,0,0,0,0,0,0,0,0,0,0
0.022105,0.019574,0.035325,0,0,0,0,0,0,0,0,0,0,0,0
0.047752,0.040013,0.040232,0,0,0,0,0,0,0,0,0,0,0,0
0.020765,0.023493,0.02129,0,0,0,0,0,0,0,0,0,0,0,0
0.021448,0.018329,0.023944,0,0,0,0,0,0,0,0,0,0,0,0
0.020762,0.019156,0.018997,0,0,0,0,0,0,0,0,0,0,0,0
0.027411,0.019357,0.019496,0,0,0,0,0,0,0,0,0,0,0,0
0.018371,0.018814,0.017836,0,0,0,0,0,0,0,0,0,0,0,0
0.040544,0.039612,0.040885,0,0,0,0,0,0,0,0,0,0,0,0
0.019046,0.019457,0.019516,0,0,0,0,0,0,0,0,0,0,0,0
0.026138,0.022363,0.019797,0,0,0,0,0,0,0,0,0,0,0,0
0.019717,0.019952,0.019909,0,0,0,0,0,0,0,0,0,0,0,0
0.019792,0.019229,0.022635,0,0,0,0,0,0,0,0,0,0,0,0
0.023253,0.019377,0.021628,0,0,0,0,0,0,0,0,0,0,0,0
0.052092,0.043115,0.055416,0,0,0,0,0,0,0,0,0,0,0,0
0.019232,0.01955,0.020397,0,0,0,0,0,0,0,0,0,0,0,0
0.019921,0.019423,0.021668,0,0,0,0,0,0,0,0,0,0,0,0
0.0188,0.019235,0.020183,0,0,0,0,0,0,0,0,0,0,0,0
0.02017,0.020318,0.023017,0,0,0,0,0,0,0,0,0,0,0,0
0.019756,0.018567,0.021696,0,0,0,0,0,0,0,0,0,0,0,0
0.040947,0.039399,0.048613,0,0,0,0,0,0,0,0,0,0,0,0
0.027995,0.018862,0.020065,0,0,0,0,0,0,0,0,0,0,0,0
0.02492,0.02257,0.020206,0,0,0,0,0,0,0,0,0,0,0,0
0.019633,0.027842,0.02083,0,0,0,0,0,0,0,0,0,0,0,0
0.019615,0.019681,0.020089,0,0,0,0,0,0,0,0,0,0,0,0
0.019086,0.019416,0.030466,0,0,0,0,0,0,0,0,0,0,0,0
0.04071,0.039766,0.040154,0,0,0,0,0,0,0,0,0,0,0,0
0.019486,0.019716,0.02122,0,0,0,0,0,0,0,0,0,0,0,0
0.019775,0.018781,0.01882,0,0,0,0,0,0,0,0,0,0,0,0
0.018751,0.01918,0.020714,0,0,0,0,0,0,0,0,0,0,0,0
0.019064,0.019014,0.020252,0,0,0,0,0,0,0,0,0,0,0,0
0.018443,0.019896,0.025838,0,0,0,0,0,0,0,0,0,0,0,0
0.040099,0.042743,0.047622,0,0,0,0,0,0,0,0,0,0,0,0
0.018826,0.020432,0.019778,0,0,0,0,0,0,0,0,0,0,0,0
0.018227,0.019568,0.026714,0,0,0,0,0,0,0,0,0,0,0,0
0.018582,0.018799,0.020043,0,0,0,0,0,0,0,0,0,0,0,0
0.033754,0.019028,0.026257,0,0,0,0,0,0,0,0,0,0,0,0
0.021177,0.018428,0.027539,0,0,0,0,0,0,0,0,0,0,0,0
0.049267,0.040689,0.047143,0,0,0,0,0,0,0,0,0,0,0,0
0.020749,0.029612,0.018113,0,0,0,0,0,0,0,0,0,0,0,0
0.022474,0.023829,0.030807,0,0,0,0,0,0,0,0,0,0,0,0
0.032383,0.019543,0.019974,0,0,0,0,0,0,0,0,0,0,0,0
0.021221,0.027704,0.020452,0,0,0,0,0,0,0,0,0,0,0,0
0.020941,0.019519,0.018419,0,0,0,0,0,0,0,0,0,0,0,0
0.058459,0.042085,0.047965,0,0,0,0,0,0,0,0,0,0,0,0
0.021504,0.024232,0.018216,0,0,0,0,0,0,0,0,0,0,0,0
0.042146,0.019086,0.019334,0,0,0,0,0,0,0,0,0,0,0,0
0.021376,0.019362,0.018668,0,0,0,0,0,0,0,0,0,0,0,0
0.039076,0.019457,0.034597,0,0,0,0,0,0,0,0,0,0,0,0
0.021847,0.019758,0.018738,0,0,0,0,0,0,0,0,0,0,0,0
0.049571,0.055314,0.041017,0,0,0,0,0,0,0,0,0,0,0,0
0.02142,0.024212,0.019205,0,0,0,0,0,0,0,0,0,0,0,0
0.021054,0.019568,0.019286,0,0,0,0,0,0,0,0,0,0,0,0
0.020945,0.020068,0.01955,0,0,0,0,0,0,0,0,0,0,0,0
0.020989,0.019451,0.019382,0,0,0,0,0,0,0,0,0,0,0,0
0.031004,0.023464,0.019533,0,0,0,0,0,0,0,0,0,0,0,0
0.042576,0.041067,0.04193,0,0,0,0,0,0,0,0,0,0,0,0
0.019113,0.018648,0.02087,0,0,0,0,0,0,0,0,0,0,0,0
0.019342,0.019392,0.020406,0,0,0,0,0,0,0,0,0,0,0,0
0.019507,0.018306,0.019724,0,0,0,0,0,0,0,0,0,0,0,0
0.019462,0.018975,0.019331,0,0,0,0,0,0,0,0,0,0,0,0
0.019312,0.026602,0.019303,0,0,0,0,0,0,0,0,0,0,0,0
0.041048,0.040861,0.041195,0,0,0,0,0,0,0,0,0,0,0,0
0.049708,0.01821,0.01869,0,0,0,0,0,0,0,0,0,0,0,0
0.025799,0.01787,0.019823,0,0,0,0,0,0,0,0,0,0,0,0
0.019933,0.018939,0.01872,0,0,0,0,0,0,0,0,0,0,0,0
0.027038,0.018903,0.018344,0,0,0,0,0,0,0,0,0,0,0,0
0.019768,0.018691,0.017864,0,0,0,0,0,0,0,0,0,0,0,0
0.042115,0.041976,0.04279,0,0,0,0,0,0,0,0,0,0,0,0
0.023905,0.019401,0.024366,0,0,0,0,0,0,0,0,0,0,0,0
0.019417,0.025066,0.017841,0,0,0,0,0,0,0,0,0,0,0,0
0.019544,0.020585,0.031106,0,0,0,0,0,0,0,0,0,0,0,0
0.019825,0.025705,0.018068,0,0,0,0,0,0,0,0,0,0,0,0
0.019199,0.030308,0.017261,0,0,0,0,0,0,0,0,0,0,0,0
0.040537,0.055425,0.042726,0,0,0,0,0,0,0,0,0,0,0,0
0.018388,0.020266,0.019116,0,0,0,0,0,0,0,0,0,0,0,0
0.018451,0.02134,0.018789,0,0,0,0,0,0,0,0,0,0,0,0
0.018716,0.020547,0.018069,0,0,0,0,0,0,0,0,0,0,0,0
0.018242,0.019328,0.018061,0,0,0,0,0,0,0,0,0,0,0,0
0.024289,0.019828,0.018695,0,0,0,0,0,0,0,0,0,0,0,0
0.03945,0.047892,0.049524,0,0,0,0,0,0,0,0,0,0,0,0
0.020584,0.031229,0.022421,0,0,0,0,0,0,0,0,0,0,0,0
0.019559,0.020266,0.018658,0,0,0,0,0,0,0,0,0,0,0,0
0.019427,0.020799,0.029281,0,0,0,0,0,0,0,0,0,0,0,0
0.019098,0.020072,0.018948,0,0,0,0,0,0,0,0,0,0,0,0
0.019477,0.020301,0.019417,0,0,0,0,0,0,0,0,0,0,0,0
0.040416,0.048424,0.046536,0,0,0,0,0,0,0,0,0,0,0,0
0.018374,0.020205,0.020003,0,0,0,0,0,0,0,0,0,0,0,0
0.019922,0.02041,0.020011,0,0,0,0,0,0,0,0,0,0,0,0
0.022539,0.027236,0.018479,0,0,0,0,0,0,0,0,0,0,0,0
0.01928,0.020676,0.02015,0,0,0,0,0,0,0,0,0,0,0,0
0.018774,0.020811,0.01994,0,0,0,0,0,0,0,0,0,0,0,0
0.050439,0.051632,0.042484,0,0,0,0,0,0,0,0,0,0,0,0
0.021488,0.019844,0.019061,0,0,0,0,0,0,0,0,0,0,0,0
0.018257,0.018352,0.020926,0,0,0,0,0,0,0,0,0,0,0,0
0.025712,0.021909,0.024445,0,0,0,0,0,0,0,0,0,0,0,0
0.020377,0.019081,0.023845,0,0,0,0,0,0,0,0,0,0,0,0
0.019283,0.028671,0.018107,0,0,0,0,0,0,0,0,0,0,0,0
0.042674,0.056788,0.038459,0,0,0,0,0,0,0,0,0,0,0,0
0.01973,0.02045,0.028782,0,0,0,0,0,0,0,0,0,0,0,0
0.024542,0.020537,0.023892,0,0,0,0,0,0,0,0,0,0,0,0
0.02077,0.020871,0.019325,0,0,0,0,0,0,0,0,0,0,0,0
0.018295,0.020205,0.01846,0,0,0,0,0,0,0,0,0,0,0,0
0.018906,0.019645,0.017804,0,0,0,0,0,0,0,0,0,0,0,0
0.043443,0.049553,0.040035,0,0,0,0,0,0,0,0,0,0,0,0
0.025112,0.020304,0.01792,0,0,0,0,0,0,0,0,0,0,0,0
0.026472,0.020134,0.019452,0,0,0,0,0,0,0,0,0,0,0,0
0.020521,0.020871,0.018946,0,0,0,0,0,0,0,0,0,0,0,0
0.032107,0.020569,0.018966,0,0,0,0,0,0,0,0,0,0,0,0
0.019014,0.028415,0.021684,0,0,0,0,0,0,0,0,0,0,0,0
0.041062,0.044098,0.042462,0,0,0,0,0,0,0,0,0,0,0,0
0.018519,0.024696,0.019801,0,0,0,0,0,0,0,0,0,0,0,0
0.018542,0.018178,0.023023,0,0,0,0,0,0,0,0,0,0,0,0
0.018833,0.016855,0.017909,0,0,0,0,0,0,0,0,0,0,0,0
0.019527,0.024177,0.030178,0,0,0,0,0,0,0,0,0,0,0,0
0.019087,0.017308,0.018659,0,0,0,0,0,0,0,0,0,0,0,0
0.04129,0.044696,0.041404,0,0,0,0,0,0,0,0,0,0,0,0
0.01856,0.021253,0.017994,0,0,0,0,0,0,0,0,0,0,0,0
0.018184,0.026546,0.019165,0,0,0,0,0,0,0,0,0,0,0,0
0.0189,0.019643,0.023756,0,0,0,0,0,0,0,0,0,0,0,0
0.019132,0.019355,0.018608,0,0,0,0,0,0,0,0,0,0,0,0
