1.3729
0.1594
0.081687
0.062978
0.085861
0.074834
0.047788
0.0472
0.049097
0.021092
0.021611
0.021162
0.02029
0.028487
0.049081
0.020174
0.021184
0.048189
0.020687
0.036486
0.074115
0.023857
0.019197
0.019042
0.019934
0.019455
0.042713
0.026121
0.023075
0.024001
0.029025
0.021997
0.04853
0.021976
0.028559
0.031103
0.019921
0.020127
0.042911
0.027205
0.028196
0.033087
0.024517
0.021611
0.053705
0.020307
0.033766
0.022447
0.02142
0.020157
0.050435
0.020022
0.028993
0.023981
0.024486
0.021849
0.050843
0.024285
0.018502
0.029552
0.020352
0.028732
0.042419
0.019848
0.019548
0.020595
0.021947
0.021962
0.051991
0.022404
0.023441
0.022684
0.021065
0.021461
0.050639
0.029842
0.019565
0.01914
0.035222
0.020387
0.049262
0.027674
0.026239
0.018711
0.027483
0.018462
0.055979
0.042897
0.020876
0.022301
0.021989
0.020061
0.044013
0.020489
0.019584
0.019087
0.027002
0.023912
0.04887
0.018986
0.019315
0.019147
0.027179
0.023535
0.043859
0.029558
0.021701
0.019449
0.019652
0.019798
0.055344
0.019835
0.019681
0.03253
0.020972
0.02769
0.04048
0.022247
0.022589
0.021642
