1.1869
0.15246
0.088722
0.06964
0.1063
0.095274
0.053224
0.049578
0.053241
0.027631
0.032167
0.028161
0.036226
0.02687
0.052502
0.027056
0.026141
0.027212
0.027603
0.028133
0.064759
0.027626
0.027673
0.029106
0.027232
0.02458
0.048545
0.027912
0.025441
0.029089
0.036727
0.041619
0.057784
0.031901
0.032202
0.027645
0.02695
0.02697
0.048401
0.025141
0.025447
0.031012
0.028067
0.026963
0.052976
0.024598
0.03731
0.031063
0.028497
0.028907
0.053884
0.027031
0.028275
0.026788
0.027734
0.02685
0.0554
0.029356
0.037784
0.025002
0.02555
0.025804
0.046525
0.027167
0.025246
0.024933
0.027124
0.024537
0.050865
0.024385
0.023999
0.023761
0.025722
0.024484
0.046624
0.024535
0.024877
0.039845
0.024351
0.0243
0.0479
0.026962
0.02471
0.024159
0.024447
0.02537
0.054677
0.035911
0.023649
0.025351
0.02464
0.024595
0.046312
0.024848
0.025023
0.024275
0.024005
0.024155
0.046124
0.0247
0.025626
0.023893
0.02476
0.023718
0.045619
0.027966
0.024493
0.023536
0.023472
0.025298
0.049432
0.03608
0.02271
0.025238
0.035964
0.036685
0.048384
0.037618
0.022932
0.02343
0.023597
0.026634
0.050866
0.024272
0.024169
0.027743
0.023145
0.032786
0.045768
0.023743
0.024074
0.023532
0.02372
0.0289
0.048624
0.036929
0.023264
0.03806
0.024215
0.023303
0.048479
0.023512
0.024017
0.025588
0.023753
0.023485
0.046032
0.023594
0.023404
0.031066
0.034628
0.024294
0.04855
0.025103
0.025066
0.02429
0.023557
0.023765
0.047243
0.024686
0.023537
0.023692
0.023231
0.023786
0.051021
0.023784
0.036005
0.024453
0.024278
0.024151
0.047879
0.036955
0.023335
0.024384
0.035913
0.035842
0.0496
0.02795
0.02382
0.023443
0.024085
0.032301
0.045163
0.022997
0.028115
0.022983
0.026311
0.030013
0.067541
0.038882
0.028787
0.030252
0.024843
0.024259
0.051471
0.032706
0.025043
0.023926
0.024075
0.025255
0.049478
0.035436
0.036372
0.023418
0.026013
0.025943
0.049346
0.023872
0.02484
0.041617
0.044928
0.030251
0.049197
0.028413
0.025544
0.024134
0.023521
0.024042
0.048314
0.036681
0.022965
0.024577
0.023404
0.024145
0.043757
0.023539
0.030759
0.02251
0.023029
0.024484
0.052381
0.023707
0.024249
0.029962
0.031432
0.023919
0.045422
0.023517
0.024507
0.027188
0.024244
0.024878
0.045293
0.024256
0.02552
0.036085
0.026633
0.026651
0.054554
0.034093
0.02365
0.02864
0.024134
0.023265
0.050125
0.020969
0.022267
0.029431
0.022706
0.025911
0.060397
0.021083
0.021352
0.030423
0.021461
0.022184
0.043599
0.023055
0.020831
0.022244
0.029853
0.026412
0.058212
0.022494
0.021389
0.022276
0.021172
0.022423
0.043835
0.022786
0.021497
0.022001
0.023527
0.025291
0.048782
0.028205
0.027343
0.026583
0.026833
0.027675
0.058126
0.025836
