0.000146,0.000189,0.000131,0,0,0,0,0,0,0,0,0,0,0,0
0.21437,0.29724,0.2242,0,0,0,0,0,0,0,0,0,0,0,0
0.004556,0.00705,0.004922,0,0,0,0,0,0,0,0,0,0,0,0
0.004289,0.005894,0.007109,0,0,0,0,0,0,0,0,0,0,0,0
0.00477,0.005341,0.014599,0,0,0,0,0,0,0,0,0,0,0,0
0.006683,0.00476,0.00505,0,0,0,0,0,0,0,0,0,0,0,0
0.007693,0.004846,0.004689,0,0,0,0,0,0,0,0,0,0,0,0
0.006786,0.004596,0.006287,0,0,0,0,0,0,0,0,0,0,0,0
0.007163,0.00451,0.007405,0,0,0,0,0,0,0,0,0,0,0,0
0.008633,0.006892,0.00869,0,0,0,0,0,0,0,0,0,0,0,0
0.007427,0.008635,0.008124,0,0,0,0,0,0,0,0,0,0,0,0
0.006273,0.008009,0.007147,0,0,0,0,0,0,0,0,0,0,0,0
0.0053,0.006379,0.005682,0,0,0,0,0,0,0,0,0,0,0,0
0.005061,0.007282,0.005325,0,0,0,0,0,0,0,0,0,0,0,0
0.005026,0.008899,0.004509,0,0,0,0,0,0,0,0,0,0,0,0
0.004593,0.008109,0.004499,0,0,0,0,0,0,0,0,0,0,0,0
0.004411,0.005726,0.004533,0,0,0,0,0,0,0,0,0,0,0,0
0.004997,0.005143,0.005026,0,0,0,0,0,0,0,0,0,0,0,0
0.004475,0.004686,0.004751,0,0,0,0,0,0,0,0,0,0,0,0
0.00435,0.004873,0.004334,0,0,0,0,0,0,0,0,0,0,0,0
0.004374,0.004767,0.004355,0,0,0,0,0,0,0,0,0,0,0,0
0.004526,0.004518,0.004345,0,0,0,0,0,0,0,0,0,0,0,0
0.004439,0.00475,0.004348,0,0,0,0,0,0,0,0,0,0,0,0
0.004415,0.004714,0.004726,0,0,0,0,0,0,0,0,0,0,0,0
0.004222,0.004911,0.004986,0,0,0,0,0,0,0,0,0,0,0,0
0.004536,0.004758,0.004598,0,0,0,0,0,0,0,0,0,0,0,0
0.004332,0.004711,0.004441,0,0,0,0,0,0,0,0,0,0,0,0
0.004266,0.004611,0.004253,0,0,0,0,0,0,0,0,0,0,0,0
0.00429,0.00475,0.00423,0,0,0,0,0,0,0,0,0,0,0,0
0.004613,0.006951,0.004448,0,0,0,0,0,0,0,0,0,0,0,0
0.00446,0.008559,0.004878,0,0,0,0,0,0,0,0,0,0,0,0
0.004382,0.007154,0.004682,0,0,0,0,0,0,0,0,0,0,0,0
0.004206,0.007849,0.004488,0,0,0,0,0,0,0,0,0,0,0,0
0.004614,0.008374,0.004384,0,0,0,0,0,0,0,0,0,0,0,0
0.004394,0.006751,0.006813,0,0,0,0,0,0,0,0,0,0,0,0
0.00434,0.005814,0.008655,0,0,0,0,0,0,0,0,0,0,0,0
0.004376,0.00541,0.006901,0,0,0,0,0,0,0,0,0,0,0,0
0.004428,0.004668,0.005835,0,0,0,0,0,0,0,0,0,0,0,0
0.004343,0.00471,0.005438,0,0,0,0,0,0,0,0,0,0,0,0
0.00428,0.00498,0.004883,0,0,0,0,0,0,0,0,0,0,0,0
0.004366,0.004716,0.004682,0,0,0,0,0,0,0,0,0,0,0,0
0.004746,0.004508,0.005004,0,0,0,0,0,0,0,0,0,0,0,0
0.004245,0.004343,0.004389,0,0,0,0,0,0,0,0,0,0,0,0
0.004561,0.004631,0.00465,0,0,0,0,0,0,0,0,0,0,0,0
0.004293,0.004704,0.004863,0,0,0,0,0,0,0,0,0,0,0,0
0.00449,0.004616,0.006853,0,0,0,0,0,0,0,0,0,0,0,0
0.0046,0.004916,0.010609,0,0,0,0,0,0,0,0,0,0,0,0
0.004596,0.004846,0.007004,0,0,0,0,0,0,0,0,0,0,0,0
0.004985,0.004604,0.005562,0,0,0,0,0,0,0,0,0,0,0,0
0.004573,0.006779,0.006035,0,0,0,0,0,0,0,0,0,0,0,0
0.005064,0.008426,0.004829,0,0,0,0,0,0,0,0,0,0,0,0
0.004318,0.006851,0.004422,0,0,0,0,0,0,0,0,0,0,0,0
0.004773,0.005814,0.004792,0,0,0,0,0,0,0,0,0,0,0,0
0.004432,0.005441,0.004314,0,0,0,0,0,0,0,0,0,0,0,0
0.00499,0.004541,0.004226,0,0,0,0,0,0,0,0,0,0,0,0
NaN,NaN,NaN,0,0,0,0,0,0,0,0,0,0,0,0
NaN,NaN,NaN,0,0,0,0,0,0,0,0,0,0,0,0
NaN,NaN,NaN,0,0,0,0,0,0,0,0,0,0,0,0
NaN,NaN,NaN,0,0,0,0,0,0,0,0,0,0,0,0
0.000178,0.000359,0.000259,0,0,0,0,0,0,0,0,0,0,0,0
0.21478,0.26566,0.24103,0,0,0,0,0,0,0,0,0,0,0,0
0.004181,0.004271,0.004526,0,0,0,0,0,0,0,0,0,0,0,0
0.004272,0.006081,0.004888,0,0,0,0,0,0,0,0,0,0,0,0
0.003933,0.008355,0.004424,0,0,0,0,0,0,0,0,0,0,0,0
0.003972,0.007795,0.004533,0,0,0,0,0,0,0,0,0,0,0,0
0.003942,0.007405,0.004289,0,0,0,0,0,0,0,0,0,0,0,0
0.00397,0.006466,0.004175,0,0,0,0,0,0,0,0,0,0,0,0
0.003961,0.005093,0.005231,0,0,0,0,0,0,0,0,0,0,0,0
0.004342,0.004703,0.007177,0,0,0,0,0,0,0,0,0,0,0,0
0.003849,0.005129,0.008848,0,0,0,0,0,0,0,0,0,0,0,0
0.00393,0.004427,0.007163,0,0,0,0,0,0,0,0,0,0,0,0
0.004095,0.004101,0.006176,0,0,0,0,0,0,0,0,0,0,0,0
0.003978,0.005252,0.005745,0,0,0,0,0,0,0,0,0,0,0,0
0.003873,0.004414,0.005187,0,0,0,0,0,0,0,0,0,0,0,0
0.003891,0.004661,0.00862,0,0,0,0,0,0,0,0,0,0,0,0
0.006091,0.004127,0.00719,0,0,0,0,0,0,0,0,0,0,0,0
0.00755,0.004016,0.006251,0,0,0,0,0,0,0,0,0,0,0,0
0.006387,0.004025,0.004774,0,0,0,0,0,0,0,0,0,0,0,0
0.005692,0.004386,0.005266,0,0,0,0,0,0,0,0,0,0,0,0
0.004605,0.004329,0.004836,0,0,0,0,0,0,0,0,0,0,0,0
0.004521,0.004072,0.005893,0,0,0,0,0,0,0,0,0,0,0,0
0.003928,0.004263,0.004141,0,0,0,0,0,0,0,0,0,0,0,0
0.004061,0.004264,0.004483,0,0,0,0,0,0,0,0,0,0,0,0
0.00391,0.004082,0.004143,0,0,0,0,0,0,0,0,0,0,0,0
0.005917,0.004134,0.004358,0,0,0,0,0,0,0,0,0,0,0,0
NaN,NaN,NaN,0,0,0,0,0,0,0,0,0,0,0,0
NaN,NaN,NaN,0,0,0,0,0,0,0,0,0,0,0,0
NaN,NaN,NaN,0,0,0,0,0,0,0,0,0,0,0,0
NaN,NaN,NaN,0,0,0,0,0,0,0,0,0,0,0,0
0.000102,0.00018,0.00016,0,0,0,0,0,0,0,0,0,0,0,0
0.22244,0.21311,0.22475,0,0,0,0,0,0,0,0,0,0,0,0
0.004115,0.004324,0.004243,0,0,0,0,0,0,0,0,0,0,0,0
0.004286,0.004147,0.004152,0,0,0,0,0,0,0,0,0,0,0,0
0.003997,0.00384,0.004139,0,0,0,0,0,0,0,0,0,0,0,0
0.00402,0.00401,0.004665,0,0,0,0,0,0,0,0,0,0,0,0
0.004078,0.003808,0.004123,0,0,0,0,0,0,0,0,0,0,0,0
0.004005,0.004024,0.004104,0,0,0,0,0,0,0,0,0,0,0,0
0.004045,0.004083,0.004053,0,0,0,0,0,0,0,0,0,0,0,0
0.004588,0.004241,0.003923,0,0,0,0,0,0,0,0,0,0,0,0
0.004897,0.003936,0.004257,0,0,0,0,0,0,0,0,0,0,0,0
0.004189,0.004471,0.003787,0,0,0,0,0,0,0,0,0,0,0,0
0.004229,0.004322,0.005224,0,0,0,0,0,0,0,0,0,0,0,0
0.004019,0.003912,0.004284,0,0,0,0,0,0,0,0,0,0,0,0
0.004056,0.00412,0.004741,0,0,0,0,0,0,0,0,0,0,0,0
0.003993,0.003957,0.003954,0,0,0,0,0,0,0,0,0,0,0,0
NaN,NaN,NaN,0,0,0,0,0,0,0,0,0,0,0,0
NaN,NaN,NaN,0,0,0,0,0,0,0,0,0,0,0,0
NaN,NaN,NaN,0,0,0,0,0,0,0,0,0,0,0,0
NaN,NaN,NaN,0,0,0,0,0,0,0,0,0,0,0,0
0.000165,0.000162,0.000227,0,0,0,0,0,0,0,0,0,0,0,0
0.21328,0.22718,0.2399,0,0,0,0,0,0,0,0,0,0,0,0
0.004597,0.00478,0.004907,0,0,0,0,0,0,0,0,0,0,0,0
0.004317,0.005009,0.004808,0,0,0,0,0,0,0,0,0,0,0,0
0.004377,0.004273,0.004377,0,0,0,0,0,0,0,0,0,0,0,0
0.004349,0.004302,0.006215,0,0,0,0,0,0,0,0,0,0,0,0
0.004242,0.004383,0.005462,0,0,0,0,0,0,0,0,0,0,0,0
0.00431,0.004417,0.005678,0,0,0,0,0,0,0,0,0,0,0,0
0.004408,0.004548,0.004551,0,0,0,0,0,0,0,0,0,0,0,0
NaN,NaN,NaN,0,0,0,0,0,0,0,0,0,0,0,0
NaN,NaN,NaN,0,0,0,0,0,0,0,0,0,0,0,0
NaN,NaN,NaN,0,0,0,0,0,0,0,0,0,0,0,0
NaN,NaN,NaN,0,0,0,0,0,0,0,0,0,0,0,0
0.000157,0.000197,0.000179,0,0,0,0,0,0,0,0,0,0,0,0
0.23567,0.20954,0.22104,0,0,0,0,0,0,0,0,0,0,0,0
0.003578,0.003931,0.00387,0,0,0,0,0,0,0,0,0,0,0,0
0.003367,0.00373,0.003485,0,0,0,0,0,0,0,0,0,0,0,0
0.00338,0.003961,0.003694,0,0,0,0,0,0,0,0,0,0,0,0
0.003337,0.003841,0.003416,0,0,0,0,0,0,0,0,0,0,0,0
0.003501,0.003461,0.003352,0,0,0,0,0,0,0,0,0,0,0,0
0.003416,0.003649,0.003384,0,0,0,0,0,0,0,0,0,0,0,0
0.003336,0.00329,0.005064,0,0,0,0,0,0,0,0,0,0,0,0
0.003384,0.003445,0.003696,0,0,0,0,0,0,0,0,0,0,0,0
0.003558,0.003457,0.003793,0,0,0,0,0,0,0,0,0,0,0,0
0.003273,0.006075,0.00357,0,0,0,0,0,0,0,0,0,0,0,0
0.003214,0.003984,0.003394,0,0,0,0,0,0,0,0,0,0,0,0
0.003616,0.004157,0.003679,0,0,0,0,0,0,0,0,0,0,0,0
0.004498,0.004182,0.005141,0,0,0,0,0,0,0,0,0,0,0,0
0.004655,0.003532,0.004065,0,0,0,0,0,0,0,0,0,0,0,0
0.004158,0.003467,0.003533,0,0,0,0,0,0,0,0,0,0,0,0
0.004824,0.003368,0.003629,0,0,0,0,0,0,0,0,0,0,0,0
0.005028,0.003426,0.003339,0,0,0,0,0,0,0,0,0,0,0,0
0.004299,0.00356,0.003383,0,0,0,0,0,0,0,0,0,0,0,0
0.003673,0.003502,0.003299,0,0,0,0,0,0,0,0,0,0,0,0
0.003215,0.003682,0.004273,0,0,0,0,0,0,0,0,0,0,0,0
0.003351,0.004108,0.003683,0,0,0,0,0,0,0,0,0,0,0,0
0.004013,0.003751,0.003536,0,0,0,0,0,0,0,0,0,0,0,0
0.003483,0.003666,0.003299,0,0,0,0,0,0,0,0,0,0,0,0
0.003279,0.004147,0.003319,0,0,0,0,0,0,0,0,0,0,0,0
0.003319,0.004449,0.003341,0,0,0,0,0,0,0,0,0,0,0,0
0.003226,0.003358,0.003633,0,0,0,0,0,0,0,0,0,0,0,0
0.003231,0.003265,0.003315,0,0,0,0,0,0,0,0,0,0,0,0
0.003288,0.003887,0.003326,0,0,0,0,0,0,0,0,0,0,0,0
0.003341,0.003907,0.003255,0,0,0,0,0,0,0,0,0,0,0,0
0.003169,0.003791,0.003335,0,0,0,0,0,0,0,0,0,0,0,0
0.003286,0.003516,0.003574,0,0,0,0,0,0,0,0,0,0,0,0
NaN,NaN,NaN,0,0,0,0,0,0,0,0,0,0,0,0
NaN,NaN,NaN,0,0,0,0,0,0,0,0,0,0,0,0
NaN,NaN,NaN,0,0,0,0,0,0,0,0,0,0,0,0
NaN,NaN,NaN,0,0,0,0,0,0,0,0,0,0,0,0
0.000179,0.000179,0.000161,0,0,0,0,0,0,0,0,0,0,0,0
0.2181,0.20769,0.21706,0,0,0,0,0,0,0,0,0,0,0,0
0.004863,0.00552,0.004954,0,0,0,0,0,0,0,0,0,0,0,0
0.004712,0.004957,0.006108,0,0,0,0,0,0,0,0,0,0,0,0
0.004593,0.0052,0.006424,0,0,0,0,0,0,0,0,0,0,0,0
0.004551,0.005133,0.00484,0,0,0,0,0,0,0,0,0,0,0,0
0.004519,0.004698,0.004861,0,0,0,0,0,0,0,0,0,0,0,0
0.004706,0.004964,0.004549,0,0,0,0,0,0,0,0,0,0,0,0
0.004616,0.004683,0.006757,0,0,0,0,0,0,0,0,0,0,0,0
0.004851,0.004686,0.007801,0,0,0,0,0,0,0,0,0,0,0,0
0.00488,0.004688,0.005281,0,0,0,0,0,0,0,0,0,0,0,0
0.004634,0.005022,0.005822,0,0,0,0,0,0,0,0,0,0,0,0
0.004572,0.005677,0.004749,0,0,0,0,0,0,0,0,0,0,0,0
0.00477,0.005257,0.005294,0,0,0,0,0,0,0,0,0,0,0,0
0.004638,0.004948,0.004958,0,0,0,0,0,0,0,0,0,0,0,0
0.004622,0.00482,0.004578,0,0,0,0,0,0,0,0,0,0,0,0
0.004798,0.005231,0.005303,0,0,0,0,0,0,0,0,0,0,0,0
0.004599,0.004927,0.005645,0,0,0,0,0,0,0,0,0,0,0,0
0.007468,0.004918,0.005403,0,0,0,0,0,0,0,0,0,0,0,0
0.008545,0.004839,0.004899,0,0,0,0,0,0,0,0,0,0,0,0
0.007454,0.004809,0.004777,0,0,0,0,0,0,0,0,0,0,0,0
0.006115,0.005206,0.008298,0,0,0,0,0,0,0,0,0,0,0,0
0.005631,0.005105,0.009262,0,0,0,0,0,0,0,0,0,0,0,0
0.00528,0.00487,0.007985,0,0,0,0,0,0,0,0,0,0,0,0
0.005926,0.00499,0.006422,0,0,0,0,0,0,0,0,0,0,0,0
0.004599,0.0049,0.005637,0,0,0,0,0,0,0,0,0,0,0,0
0.004975,0.00489,0.005062,0,0,0,0,0,0,0,0,0,0,0,0
0.005528,0.005032,0.004967,0,0,0,0,0,0,0,0,0,0,0,0
0.004601,0.00453,0.004844,0,0,0,0,0,0,0,0,0,0,0,0
0.004692,0.004689,0.004887,0,0,0,0,0,0,0,0,0,0,0,0
0.004587,0.004628,0.004745,0,0,0,0,0,0,0,0,0,0,0,0
0.004856,0.004638,0.005089,0,0,0,0,0,0,0,0,0,0,0,0
0.004779,0.004636,0.004999,0,0,0,0,0,0,0,0,0,0,0,0
0.004592,0.004638,0.004721,0,0,0,0,0,0,0,0,0,0,0,0
0.005053,0.004969,0.005087,0,0,0,0,0,0,0,0,0,0,0,0
0.004714,0.004632,0.005245,0,0,0,0,0,0,0,0,0,0,0,0
0.00479,0.004606,0.005086,0,0,0,0,0,0,0,0,0,0,0,0
0.004518,0.005069,0.004617,0,0,0,0,0,0,0,0,0,0,0,0
0.005134,0.005044,0.0053,0,0,0,0,0,0,0,0,0,0,0,0
NaN,NaN,NaN,0,0,0,0,0,0,0,0,0,0,0,0
NaN,NaN,NaN,0,0,0,0,0,0,0,0,0,0,0,0
NaN,NaN,NaN,0,0,0,0,0,0,0,0,0,0,0,0
NaN,NaN,NaN,0,0,0,0,0,0,0,0,0,0,0,0
0.000177,0.00016,0.000147,0,0,0,0,0,0,0,0,0,0,0,0
0.22065,0.21668,0.23273,0,0,0,0,0,0,0,0,0,0,0,0
0.004823,0.004518,0.005062,0,0,0,0,0,0,0,0,0,0,0,0
0.00497,0.004213,0.004878,0,0,0,0,0,0,0,0,0,0,0,0
0.004715,0.004281,0.004717,0,0,0,0,0,0,0,0,0,0,0,0
0.005114,0.00432,0.004356,0,0,0,0,0,0,0,0,0,0,0,0
0.0042,0.004453,0.004229,0,0,0,0,0,0,0,0,0,0,0,0
0.00429,0.004241,0.004778,0,0,0,0,0,0,0,0,0,0,0,0
0.004481,0.004471,0.004235,0,0,0,0,0,0,0,0,0,0,0,0
0.00426,0.004276,0.00429,0,0,0,0,0,0,0,0,0,0,0,0
0.004565,0.004514,0.004266,0,0,0,0,0,0,0,0,0,0,0,0
0.005076,0.004822,0.004562,0,0,0,0,0,0,0,0,0,0,0,0
0.004365,0.005036,0.005205,0,0,0,0,0,0,0,0,0,0,0,0
0.004783,0.004444,0.004415,0,0,0,0,0,0,0,0,0,0,0,0
NaN,NaN,NaN,0,0,0,0,0,0,0,0,0,0,0,0
NaN,NaN,NaN,0,0,0,0,0,0,0,0,0,0,0,0
NaN,NaN,NaN,0,0,0,0,0,0,0,0,0,0,0,0
NaN,NaN,NaN,0,0,0,0,0,0,0,0,0,0,0,0
0.00017,0.00017,0.000169,0,0,0,0,0,0,0,0,0,0,0,0
0.22043,0.22532,0.21951,0,0,0,0,0,0,0,0,0,0,0,0
0.005161,0.004819,0.004896,0,0,0,0,0,0,0,0,0,0,0,0
0.004336,0.004433,0.004489,0,0,0,0,0,0,0,0,0,0,0,0
0.004666,0.004723,0.004641,0,0,0,0,0,0,0,0,0,0,0,0
0.007376,0.004797,0.004812,0,0,0,0,0,0,0,0,0,0,0,0
0.009136,0.005624,0.004735,0,0,0,0,0,0,0,0,0,0,0,0
0.009165,0.005099,0.004812,0,0,0,0,0,0,0,0,0,0,0,0
0.007046,0.004722,0.00594,0,0,0,0,0,0,0,0,0,0,0,0
0.005895,0.004914,0.004628,0,0,0,0,0,0,0,0,0,0,0,0
0.00541,0.004511,0.004782,0,0,0,0,0,0,0,0,0,0,0,0
0.005135,0.004624,0.005043,0,0,0,0,0,0,0,0,0,0,0,0
0.004835,0.0047,0.004624,0,0,0,0,0,0,0,0,0,0,0,0
0.00469,0.004682,0.004902,0,0,0,0,0,0,0,0,0,0,0,0
0.004514,0.004601,0.006616,0,0,0,0,0,0,0,0,0,0,0,0
0.004745,0.005577,0.005172,0,0,0,0,0,0,0,0,0,0,0,0
0.004571,0.004794,0.00484,0,0,0,0,0,0,0,0,0,0,0,0
0.004626,0.004811,0.00602,0,0,0,0,0,0,0,0,0,0,0,0
0.004592,0.004697,0.004586,0,0,0,0,0,0,0,0,0,0,0,0
0.004521,0.005113,0.004923,0,0,0,0,0,0,0,0,0,0,0,0
0.004628,0.004908,0.004806,0,0,0,0,0,0,0,0,0,0,0,0
0.004727,0.00497,0.004775,0,0,0,0,0,0,0,0,0,0,0,0
0.004554,0.005289,0.005554,0,0,0,0,0,0,0,0,0,0,0,0
0.004879,0.004715,0.004532,0,0,0,0,0,0,0,0,0,0,0,0
0.005069,0.004701,0.004748,0,0,0,0,0,0,0,0,0,0,0,0
0.005032,0.00468,0.004596,0,0,0,0,0,0,0,0,0,0,0,0
0.004577,0.004685,0.004697,0,0,0,0,0,0,0,0,0,0,0,0
0.004799,0.004674,0.004729,0,0,0,0,0,0,0,0,0,0,0,0
0.005205,0.004842,0.004593,0,0,0,0,0,0,0,0,0,0,0,0
0.004731,0.004674,0.004794,0,0,0,0,0,0,0,0,0,0,0,0
0.004727,0.004769,0.004864,0,0,0,0,0,0,0,0,0,0,0,0
0.004651,0.004649,0.004534,0,0,0,0,0,0,0,0,0,0,0,0
0.004695,0.004706,0.004636,0,0,0,0,0,0,0,0,0,0,0,0
0.004795,0.004646,0.004641,0,0,0,0,0,0,0,0,0,0,0,0
0.004599,0.00476,0.00451,0,0,0,0,0,0,0,0,0,0,0,0
0.004723,0.00494,0.004679,0,0,0,0,0,0,0,0,0,0,0,0
0.004914,0.004831,0.004614,0,0,0,0,0,0,0,0,0,0,0,0
0.004575,0.00463,0.005067,0,0,0,0,0,0,0,0,0,0,0,0
0.004662,0.004623,0.005005,0,0,0,0,0,0,0,0,0,0,0,0
0.004694,0.004539,0.004548,0,0,0,0,0,0,0,0,0,0,0,0
0.004845,0.00464,0.004542,0,0,0,0,0,0,0,0,0,0,0,0
0.00465,0.004636,0.004599,0,0,0,0,0,0,0,0,0,0,0,0
0.004731,0.004612,0.004505,0,0,0,0,0,0,0,0,0,0,0,0
0.004632,0.004474,0.004935,0,0,0,0,0,0,0,0,0,0,0,0
0.004721,0.004765,0.005019,0,0,0,0,0,0,0,0,0,0,0,0
0.004609,0.004449,0.004804,0,0,0,0,0,0,0,0,0,0,0,0
0.00497,0.005114,0.004568,0,0,0,0,0,0,0,0,0,0,0,0
0.004714,0.004702,0.004776,0,0,0,0,0,0,0,0,0,0,0,0
0.004642,0.004734,0.005581,0,0,0,0,0,0,0,0,0,0,0,0
0.004953,0.005003,0.004827,0,0,0,0,0,0,0,0,0,0,0,0
0.004653,0.004865,0.0047,0,0,0,0,0,0,0,0,0,0,0,0
0.004774,0.005591,0.004714,0,0,0,0,0,0,0,0,0,0,0,0
0.004977,0.00488,0.004704,0,0,0,0,0,0,0,0,0,0,0,0
0.004733,0.004886,0.004739,0,0,0,0,0,0,0,0,0,0,0,0
0.005303,0.004654,0.004764,0,0,0,0,0,0,0,0,0,0,0,0
0.004813,0.00464,0.004735,0,0,0,0,0,0,0,0,0,0,0,0
0.004429,0.004442,0.005256,0,0,0,0,0,0,0,0,0,0,0,0
0.004589,0.004488,0.004813,0,0,0,0,0,0,0,0,0,0,0,0
0.004801,0.004778,0.004475,0,0,0,0,0,0,0,0,0,0,0,0
0.004458,0.004616,0.005677,0,0,0,0,0,0,0,0,0,0,0,0
0.0049,0.004817,0.004606,0,0,0,0,0,0,0,0,0,0,0,0
0.004571,0.004531,0.005196,0,0,0,0,0,0,0,0,0,0,0,0
0.005093,0.004639,0.004865,0,0,0,0,0,0,0,0,0,0,0,0
0.004488,0.004536,0.004714,0,0,0,0,0,0,0,0,0,0,0,0
0.004645,0.004616,0.004608,0,0,0,0,0,0,0,0,0,0,0,0
0.004975,0.004594,0.004473,0,0,0,0,0,0,0,0,0,0,0,0
0.004627,0.005239,0.004613,0,0,0,0,0,0,0,0,0,0,0,0
0.004863,0.004583,0.005095,0,0,0,0,0,0,0,0,0,0,0,0
0.00471,0.004823,0.006834,0,0,0,0,0,0,0,0,0,0,0,0
0.004573,0.00601,0.009024,0,0,0,0,0,0,0,0,0,0,0,0
0.005143,0.005546,0.007732,0,0,0,0,0,0,0,0,0,0,0,0
0.004649,0.006249,0.006404,0,0,0,0,0,0,0,0,0,0,0,0
0.004562,0.005391,0.005661,0,0,0,0,0,0,0,0,0,0,0,0
0.004825,0.004829,0.004767,0,0,0,0,0,0,0,0,0,0,0,0
0.004536,0.004962,0.00473,0,0,0,0,0,0,0,0,0,0,0,0
0.00457,0.004599,0.004544,0,0,0,0,0,0,0,0,0,0,0,0
0.005366,0.004615,0.004615,0,0,0,0,0,0,0,0,0,0,0,0
0.00453,0.007264,0.004547,0,0,0,0,0,0,0,0,0,0,0,0
0.004478,0.008428,0.004717,0,0,0,0,0,0,0,0,0,0,0,0
0.005001,0.007007,0.005171,0,0,0,0,0,0,0,0,0,0,0,0
0.00464,0.005832,0.004733,0,0,0,0,0,0,0,0,0,0,0,0
0.004577,0.005877,0.004613,0,0,0,0,0,0,0,0,0,0,0,0
0.004691,0.004712,0.004585,0,0,0,0,0,0,0,0,0,0,0,0
0.004674,0.005049,0.004605,0,0,0,0,0,0,0,0,0,0,0,0
0.004629,0.00479,0.004785,0,0,0,0,0,0,0,0,0,0,0,0
0.004941,0.004841,0.004654,0,0,0,0,0,0,0,0,0,0,0,0
0.004656,0.004756,0.0048,0,0,0,0,0,0,0,0,0,0,0,0
0.004703,0.004781,0.004736,0,0,0,0,0,0,0,0,0,0,0,0
0.004703,0.005006,0.004629,0,0,0,0,0,0,0,0,0,0,0,0
0.004816,0.009239,0.004605,0,0,0,0,0,0,0,0,0,0,0,0
0.00468,0.007547,0.004755,0,0,0,0,0,0,0,0,0,0,0,0
0.005542,0.006554,0.004915,0,0,0,0,0,0,0,0,0,0,0,0
0.004817,0.005744,0.004643,0,0,0,0,0,0,0,0,0,0,0,0
0.004998,0.00534,0.004719,0,0,0,0,0,0,0,0,0,0,0,0
0.004668,0.004936,0.004861,0,0,0,0,0,0,0,0,0,0,0,0
0.007398,0.005269,0.005851,0,0,0,0,0,0,0,0,0,0,0,0
0.009093,0.004881,0.005099,0,0,0,0,0,0,0,0,0,0,0,0
0.009426,0.004774,0.00473,0,0,0,0,0,0,0,0,0,0,0,0
0.007175,0.004623,0.005756,0,0,0,0,0,0,0,0,0,0,0,0
0.006407,0.004811,0.004578,0,0,0,0,0,0,0,0,0,0,0,0
0.005637,0.005059,0.004897,0,0,0,0,0,0,0,0,0,0,0,0
0.004855,0.00452,0.004815,0,0,0,0,0,0,0,0,0,0,0,0
0.004864,0.004761,0.005043,0,0,0,0,0,0,0,0,0,0,0,0
0.004847,0.004589,0.005264,0,0,0,0,0,0,0,0,0,0,0,0
0.00478,0.004573,0.00462,0,0,0,0,0,0,0,0,0,0,0,0
0.004732,0.004705,0.0046,0,0,0,0,0,0,0,0,0,0,0,0
0.004646,0.0053,0.005569,0,0,0,0,0,0,0,0,0,0,0,0
0.004591,0.005125,0.004712,0,0,0,0,0,0,0,0,0,0,0,0
0.004515,0.005006,0.004862,0,0,0,0,0,0,0,0,0,0,0,0
0.004552,0.004879,0.005241,0,0,0,0,0,0,0,0,0,0,0,0
0.004647,0.004692,0.005879,0,0,0,0,0,0,0,0,0,0,0,0
0.004615,0.004957,0.00506,0,0,0,0,0,0,0,0,0,0,0,0
0.004559,0.004919,0.00527,0,0,0,0,0,0,0,0,0,0,0,0
NaN,NaN,NaN,0,0,0,0,0,0,0,0,0,0,0,0
NaN,NaN,NaN,0,0,0,0,0,0,0,0,0,0,0,0
NaN,NaN,NaN,0,0,0,0,0,0,0,0,0,0,0,0
NaN,NaN,NaN,0,0,0,0,0,0,0,0,0,0,0,0
0.000172,0.000161,0.000315,0,0,0,0,0,0,0,0,0,0,0,0
0.23257,0.20941,0.23302,0,0,0,0,0,0,0,0,0,0,0,0
0.00534,0.004938,0.009077,0,0,0,0,0,0,0,0,0,0,0,0
0.004823,0.0048,0.007727,0,0,0,0,0,0,0,0,0,0,0,0
0.004714,0.00477,0.007468,0,0,0,0,0,0,0,0,0,0,0,0
0.004672,0.004688,0.004795,0,0,0,0,0,0,0,0,0,0,0,0
0.004987,0.005113,0.004859,0,0,0,0,0,0,0,0,0,0,0,0
0.005006,0.00517,0.00497,0,0,0,0,0,0,0,0,0,0,0,0
0.004735,0.00494,0.004706,0,0,0,0,0,0,0,0,0,0,0,0
0.004829,0.00796,0.004826,0,0,0,0,0,0,0,0,0,0,0,0
0.005351,0.009186,0.005083,0,0,0,0,0,0,0,0,0,0,0,0
0.005293,0.007428,0.005084,0,0,0,0,0,0,0,0,0,0,0,0
0.006165,0.006499,0.004676,0,0,0,0,0,0,0,0,0,0,0,0
0.004853,0.005792,0.004654,0,0,0,0,0,0,0,0,0,0,0,0
0.004727,0.005092,0.006487,0,0,0,0,0,0,0,0,0,0,0,0
0.004861,0.004935,0.005443,0,0,0,0,0,0,0,0,0,0,0,0
0.004745,0.004789,0.004835,0,0,0,0,0,0,0,0,0,0,0,0
0.004739,0.005078,0.004829,0,0,0,0,0,0,0,0,0,0,0,0
0.004848,0.005039,0.005158,0,0,0,0,0,0,0,0,0,0,0,0
0.005019,0.005412,0.004824,0,0,0,0,0,0,0,0,0,0,0,0
0.004616,0.004965,0.004857,0,0,0,0,0,0,0,0,0,0,0,0
0.004845,0.005042,0.005802,0,0,0,0,0,0,0,0,0,0,0,0
0.005066,0.009476,0.004901,0,0,0,0,0,0,0,0,0,0,0,0
0.004808,0.007791,0.009631,0,0,0,0,0,0,0,0,0,0,0,0
0.007756,0.006496,0.008472,0,0,0,0,0,0,0,0,0,0,0,0
0.008767,0.005782,0.00795,0,0,0,0,0,0,0,0,0,0,0,0
0.008361,0.004877,0.005935,0,0,0,0,0,0,0,0,0,0,0,0
0.006401,0.004864,0.005164,0,0,0,0,0,0,0,0,0,0,0,0
0.005754,0.004942,0.005205,0,0,0,0,0,0,0,0,0,0,0,0
0.005383,0.0055,0.004779,0,0,0,0,0,0,0,0,0,0,0,0
0.004985,0.005275,0.004867,0,0,0,0,0,0,0,0,0,0,0,0
0.00564,0.005207,0.004843,0,0,0,0,0,0,0,0,0,0,0,0
0.004751,0.005186,0.00533,0,0,0,0,0,0,0,0,0,0,0,0
0.004808,0.005361,0.007334,0,0,0,0,0,0,0,0,0,0,0,0
0.004644,0.004786,0.009352,0,0,0,0,0,0,0,0,0,0,0,0
0.004844,0.005117,0.006885,0,0,0,0,0,0,0,0,0,0,0,0
0.004805,0.004856,0.006245,0,0,0,0,0,0,0,0,0,0,0,0
0.004891,0.004861,0.005256,0,0,0,0,0,0,0,0,0,0,0,0
0.004723,0.005058,0.004896,0,0,0,0,0,0,0,0,0,0,0,0
0.005206,0.004655,0.004661,0,0,0,0,0,0,0,0,0,0,0,0
0.00488,0.004729,0.006105,0,0,0,0,0,0,0,0,0,0,0,0
0.004628,0.004766,0.005044,0,0,0,0,0,0,0,0,0,0,0,0
0.004674,0.005193,0.010535,0,0,0,0,0,0,0,0,0,0,0,0
0.004708,0.005219,0.009543,0,0,0,0,0,0,0,0,0,0,0,0
0.004789,0.007439,0.00873,0,0,0,0,0,0,0,0,0,0,0,0
0.00494,0.009787,0.00824,0,0,0,0,0,0,0,0,0,0,0,0
0.005159,0.007199,0.006873,0,0,0,0,0,0,0,0,0,0,0,0
0.00499,0.006143,0.00577,0,0,0,0,0,0,0,0,0,0,0,0
0.004694,0.005564,0.006113,0,0,0,0,0,0,0,0,0,0,0,0
0.004712,0.004947,0.004959,0,0,0,0,0,0,0,0,0,0,0,0
0.004723,0.004856,0.004986,0,0,0,0,0,0,0,0,0,0,0,0
0.00489,0.004952,0.005088,0,0,0,0,0,0,0,0,0,0,0,0
0.004779,0.004775,0.004993,0,0,0,0,0,0,0,0,0,0,0,0
0.004866,0.004677,0.005212,0,0,0,0,0,0,0,0,0,0,0,0
0.004874,0.004783,0.005267,0,0,0,0,0,0,0,0,0,0,0,0
0.005465,0.004677,0.005685,0,0,0,0,0,0,0,0,0,0,0,0
0.004836,0.004709,0.004868,0,0,0,0,0,0,0,0,0,0,0,0
0.004805,0.004727,0.005561,0,0,0,0,0,0,0,0,0,0,0,0
0.004835,0.004812,0.004869,0,0,0,0,0,0,0,0,0,0,0,0
0.005003,0.005132,0.004737,0,0,0,0,0,0,0,0,0,0,0,0
0.005429,0.005075,0.004964,0,0,0,0,0,0,0,0,0,0,0,0
0.004852,0.00475,0.004826,0,0,0,0,0,0,0,0,0,0,0,0
0.004844,0.004755,0.005241,0,0,0,0,0,0,0,0,0,0,0,0
0.004825,0.004761,0.00498,0,0,0,0,0,0,0,0,0,0,0,0
0.004991,0.004799,0.004828,0,0,0,0,0,0,0,0,0,0,0,0
0.005091,0.00487,0.004856,0,0,0,0,0,0,0,0,0,0,0,0
0.00516,0.00521,0.005113,0,0,0,0,0,0,0,0,0,0,0,0
0.005454,0.005207,0.005048,0,0,0,0,0,0,0,0,0,0,0,0
0.004961,0.005043,0.005134,0,0,0,0,0,0,0,0,0,0,0,0
0.005159,0.005393,0.005494,0,0,0,0,0,0,0,0,0,0,0,0
0.005088,0.004913,0.004839,0,0,0,0,0,0,0,0,0,0,0,0
0.004953,0.005238,0.00574,0,0,0,0,0,0,0,0,0,0,0,0
0.004848,0.005305,0.005111,0,0,0,0,0,0,0,0,0,0,0,0
0.005145,0.004866,0.005644,0,0,0,0,0,0,0,0,0,0,0,0
0.005205,0.004959,0.005853,0,0,0,0,0,0,0,0,0,0,0,0
0.00739,0.005171,0.004863,0,0,0,0,0,0,0,0,0,0,0,0
0.009905,0.004769,0.00504,0,0,0,0,0,0,0,0,0,0,0,0
0.008996,0.005087,0.007623,0,0,0,0,0,0,0,0,0,0,0,0
0.007116,0.00549,0.005243,0,0,0,0,0,0,0,0,0,0,0,0
0.006011,0.004887,0.005346,0,0,0,0,0,0,0,0,0,0,0,0
0.005031,0.00478,0.005522,0,0,0,0,0,0,0,0,0,0,0,0
0.00494,0.004687,0.00506,0,0,0,0,0,0,0,0,0,0,0,0
0.00492,0.00488,0.008045,0,0,0,0,0,0,0,0,0,0,0,0
0.00536,0.005372,0.005296,0,0,0,0,0,0,0,0,0,0,0,0
0.004773,0.004843,0.004928,0,0,0,0,0,0,0,0,0,0,0,0
0.004781,0.00509,0.004978,0,0,0,0,0,0,0,0,0,0,0,0
0.005239,0.005291,0.004859,0,0,0,0,0,0,0,0,0,0,0,0
0.004749,0.009233,0.005411,0,0,0,0,0,0,0,0,0,0,0,0
0.004762,0.007464,0.004974,0,0,0,0,0,0,0,0,0,0,0,0
0.004817,0.006245,0.005518,0,0,0,0,0,0,0,0,0,0,0,0
0.004663,0.005965,0.005071,0,0,0,0,0,0,0,0,0,0,0,0
0.004795,0.005033,0.00535,0,0,0,0,0,0,0,0,0,0,0,0
0.004726,0.004875,0.004696,0,0,0,0,0,0,0,0,0,0,0,0
0.005081,0.005011,0.005067,0,0,0,0,0,0,0,0,0,0,0,0
0.004717,0.004917,0.005432,0,0,0,0,0,0,0,0,0,0,0,0
0.004692,0.005261,0.005094,0,0,0,0,0,0,0,0,0,0,0,0
0.004771,0.004742,0.005263,0,0,0,0,0,0,0,0,0,0,0,0
0.004727,0.00731,0.004759,0,0,0,0,0,0,0,0,0,0,0,0
0.005096,0.00907,0.00499,0,0,0,0,0,0,0,0,0,0,0,0
0.004782,0.007454,0.005139,0,0,0,0,0,0,0,0,0,0,0,0
0.005175,0.008418,0.007066,0,0,0,0,0,0,0,0,0,0,0,0
0.004893,0.009918,0.005058,0,0,0,0,0,0,0,0,0,0,0,0
0.004783,0.007672,0.005138,0,0,0,0,0,0,0,0,0,0,0,0
NaN,NaN,NaN,0,0,0,0,0,0,0,0,0,0,0,0
NaN,NaN,NaN,0,0,0,0,0,0,0,0,0,0,0,0
NaN,NaN,NaN,0,0,0,0,0,0,0,0,0,0,0,0
NaN,NaN,NaN,0,0,0,0,0,0,0,0,0,0,0,0
0.000171,0.000205,0.000187,0,0,0,0,0,0,0,0,0,0,0,0
0.22955,0.21271,0.21446,0,0,0,0,0,0,0,0,0,0,0,0
0.004899,0.00495,0.007473,0,0,0,0,0,0,0,0,0,0,0,0
0.004594,0.004654,0.008959,0,0,0,0,0,0,0,0,0,0,0,0
0.005005,0.004692,0.009035,0,0,0,0,0,0,0,0,0,0,0,0
0.004788,0.005283,0.006585,0,0,0,0,0,0,0,0,0,0,0,0
0.004649,0.00556,0.006247,0,0,0,0,0,0,0,0,0,0,0,0
0.004716,0.005039,0.005082,0,0,0,0,0,0,0,0,0,0,0,0
0.004916,0.004957,0.005015,0,0,0,0,0,0,0,0,0,0,0,0
0.004715,0.004895,0.004545,0,0,0,0,0,0,0,0,0,0,0,0
0.004754,0.004747,0.005019,0,0,0,0,0,0,0,0,0,0,0,0
0.004641,0.004814,0.004712,0,0,0,0,0,0,0,0,0,0,0,0
0.004646,0.004708,0.005039,0,0,0,0,0,0,0,0,0,0,0,0
0.004701,0.004821,0.005169,0,0,0,0,0,0,0,0,0,0,0,0
0.004559,0.004622,0.004592,0,0,0,0,0,0,0,0,0,0,0,0
0.004602,0.00456,0.004699,0,0,0,0,0,0,0,0,0,0,0,0
0.004495,0.004747,0.004509,0,0,0,0,0,0,0,0,0,0,0,0
0.004818,0.005026,0.004822,0,0,0,0,0,0,0,0,0,0,0,0
0.004724,0.004976,0.004857,0,0,0,0,0,0,0,0,0,0,0,0
0.004617,0.004991,0.005204,0,0,0,0,0,0,0,0,0,0,0,0
0.004642,0.004639,0.004992,0,0,0,0,0,0,0,0,0,0,0,0
0.004676,0.005719,0.004784,0,0,0,0,0,0,0,0,0,0,0,0
0.00472,0.004778,0.004687,0,0,0,0,0,0,0,0,0,0,0,0
0.00491,0.005442,0.004789,0,0,0,0,0,0,0,0,0,0,0,0
0.004898,0.004966,0.004734,0,0,0,0,0,0,0,0,0,0,0,0
0.004713,0.005093,0.004866,0,0,0,0,0,0,0,0,0,0,0,0
0.004691,0.004798,0.005275,0,0,0,0,0,0,0,0,0,0,0,0
0.005166,0.004688,0.004795,0,0,0,0,0,0,0,0,0,0,0,0
0.004685,0.004748,0.004671,0,0,0,0,0,0,0,0,0,0,0,0
0.004613,0.005084,0.004836,0,0,0,0,0,0,0,0,0,0,0,0
0.004849,0.004845,0.00475,0,0,0,0,0,0,0,0,0,0,0,0
0.004667,0.004627,0.00555,0,0,0,0,0,0,0,0,0,0,0,0
0.004675,0.004653,0.00474,0,0,0,0,0,0,0,0,0,0,0,0
0.004728,0.004971,0.005315,0,0,0,0,0,0,0,0,0,0,0,0
0.004773,0.006442,0.005034,0,0,0,0,0,0,0,0,0,0,0,0
0.004569,0.005018,0.004907,0,0,0,0,0,0,0,0,0,0,0,0
0.004711,0.004865,0.005004,0,0,0,0,0,0,0,0,0,0,0,0
0.004608,0.005278,0.00488,0,0,0,0,0,0,0,0,0,0,0,0
0.004627,0.004749,0.005254,0,0,0,0,0,0,0,0,0,0,0,0
0.005139,0.004687,0.004926,0,0,0,0,0,0,0,0,0,0,0,0
0.004728,0.004581,0.004674,0,0,0,0,0,0,0,0,0,0,0,0
0.005137,0.004748,0.004464,0,0,0,0,0,0,0,0,0,0,0,0
0.005031,0.004698,0.004687,0,0,0,0,0,0,0,0,0,0,0,0
0.004743,0.004515,0.004866,0,0,0,0,0,0,0,0,0,0,0,0
0.005203,0.004668,0.005065,0,0,0,0,0,0,0,0,0,0,0,0
0.00477,0.004588,0.004933,0,0,0,0,0,0,0,0,0,0,0,0
0.004616,0.005283,0.004936,0,0,0,0,0,0,0,0,0,0,0,0
0.004618,0.004891,0.004594,0,0,0,0,0,0,0,0,0,0,0,0
0.004858,0.005509,0.00479,0,0,0,0,0,0,0,0,0,0,0,0
0.004787,0.004789,0.005232,0,0,0,0,0,0,0,0,0,0,0,0
0.004949,0.004862,0.004902,0,0,0,0,0,0,0,0,0,0,0,0
0.004921,0.005244,0.005002,0,0,0,0,0,0,0,0,0,0,0,0
0.004947,0.004935,0.004786,0,0,0,0,0,0,0,0,0,0,0,0
0.005084,0.005059,0.004661,0,0,0,0,0,0,0,0,0,0,0,0
0.005296,0.004941,0.004746,0,0,0,0,0,0,0,0,0,0,0,0
0.005603,0.008564,0.004753,0,0,0,0,0,0,0,0,0,0,0,0
0.005143,0.007927,0.005462,0,0,0,0,0,0,0,0,0,0,0,0
0.004704,0.006641,0.005066,0,0,0,0,0,0,0,0,0,0,0,0
0.004744,0.0056,0.004652,0,0,0,0,0,0,0,0,0,0,0,0
0.0047,0.005705,0.004687,0,0,0,0,0,0,0,0,0,0,0,0
0.004662,0.004843,0.004742,0,0,0,0,0,0,0,0,0,0,0,0
0.004699,0.00474,0.004865,0,0,0,0,0,0,0,0,0,0,0,0
0.004613,0.004635,0.004999,0,0,0,0,0,0,0,0,0,0,0,0
0.004825,0.004598,0.004676,0,0,0,0,0,0,0,0,0,0,0,0
0.004574,0.005499,0.009041,0,0,0,0,0,0,0,0,0,0,0,0
0.004607,0.004967,0.007994,0,0,0,0,0,0,0,0,0,0,0,0
0.004727,0.004723,0.007942,0,0,0,0,0,0,0,0,0,0,0,0
0.004793,0.00447,0.005228,0,0,0,0,0,0,0,0,0,0,0,0
0.004586,0.004736,0.004927,0,0,0,0,0,0,0,0,0,0,0,0
0.004599,0.007168,0.004662,0,0,0,0,0,0,0,0,0,0,0,0
0.004623,0.008599,0.004777,0,0,0,0,0,0,0,0,0,0,0,0
0.007462,0.009824,0.005703,0,0,0,0,0,0,0,0,0,0,0,0
0.008612,0.007673,0.006027,0,0,0,0,0,0,0,0,0,0,0,0
0.007164,0.006513,0.004758,0,0,0,0,0,0,0,0,0,0,0,0
0.006531,0.007855,0.004659,0,0,0,0,0,0,0,0,0,0,0,0
0.00754,0.008247,0.004609,0,0,0,0,0,0,0,0,0,0,0,0
0.007297,0.007012,0.004677,0,0,0,0,0,0,0,0,0,0,0,0
0.006415,0.005419,0.005441,0,0,0,0,0,0,0,0,0,0,0,0
0.005298,0.005357,0.005379,0,0,0,0,0,0,0,0,0,0,0,0
0.004996,0.004762,0.004834,0,0,0,0,0,0,0,0,0,0,0,0
0.00479,0.004612,0.004553,0,0,0,0,0,0,0,0,0,0,0,0
0.004735,0.004684,0.004704,0,0,0,0,0,0,0,0,0,0,0,0
0.00477,0.005211,0.004855,0,0,0,0,0,0,0,0,0,0,0,0
0.004653,0.004624,0.005664,0,0,0,0,0,0,0,0,0,0,0,0
0.004579,0.004691,0.005395,0,0,0,0,0,0,0,0,0,0,0,0
0.00475,0.004745,0.004944,0,0,0,0,0,0,0,0,0,0,0,0
0.00472,0.00458,0.004759,0,0,0,0,0,0,0,0,0,0,0,0
0.004913,0.004706,0.005115,0,0,0,0,0,0,0,0,0,0,0,0
0.00482,0.004734,0.004807,0,0,0,0,0,0,0,0,0,0,0,0
0.004644,0.004768,0.005742,0,0,0,0,0,0,0,0,0,0,0,0
0.004558,0.004666,0.005352,0,0,0,0,0,0,0,0,0,0,0,0
0.004814,0.004996,0.005497,0,0,0,0,0,0,0,0,0,0,0,0
0.00468,0.00469,0.00487,0,0,0,0,0,0,0,0,0,0,0,0
0.004755,0.004925,0.004925,0,0,0,0,0,0,0,0,0,0,0,0
0.004714,0.007573,0.004911,0,0,0,0,0,0,0,0,0,0,0,0
0.004791,0.009396,0.00484,0,0,0,0,0,0,0,0,0,0,0,0
0.004856,0.007466,0.006249,0,0,0,0,0,0,0,0,0,0,0,0
0.004726,0.006546,0.005966,0,0,0,0,0,0,0,0,0,0,0,0
0.00528,0.005402,0.005045,0,0,0,0,0,0,0,0,0,0,0,0
0.004737,0.004901,0.007759,0,0,0,0,0,0,0,0,0,0,0,0
0.004738,0.00491,0.008576,0,0,0,0,0,0,0,0,0,0,0,0
0.004604,0.004744,0.007479,0,0,0,0,0,0,0,0,0,0,0,0
0.004718,0.004426,0.005516,0,0,0,0,0,0,0,0,0,0,0,0
0.004653,0.004455,0.005554,0,0,0,0,0,0,0,0,0,0,0,0
0.004515,0.004543,0.005161,0,0,0,0,0,0,0,0,0,0,0,0
0.004731,0.004701,0.005666,0,0,0,0,0,0,0,0,0,0,0,0
0.004574,0.004936,0.00491,0,0,0,0,0,0,0,0,0,0,0,0
0.00462,0.006803,0.004585,0,0,0,0,0,0,0,0,0,0,0,0
0.004716,0.004855,0.004551,0,0,0,0,0,0,0,0,0,0,0,0
0.004516,0.004835,0.004988,0,0,0,0,0,0,0,0,0,0,0,0
0.007251,0.004899,0.005176,0,0,0,0,0,0,0,0,0,0,0,0
0.008897,0.004654,0.004984,0,0,0,0,0,0,0,0,0,0,0,0
0.007284,0.004771,0.004608,0,0,0,0,0,0,0,0,0,0,0,0
0.006055,0.00499,0.00448,0,0,0,0,0,0,0,0,0,0,0,0
0.005373,0.005096,0.004692,0,0,0,0,0,0,0,0,0,0,0,0
0.004927,0.004742,0.004685,0,0,0,0,0,0,0,0,0,0,0,0
0.004975,0.004488,0.00743,0,0,0,0,0,0,0,0,0,0,0,0
0.004752,0.004844,0.008186,0,0,0,0,0,0,0,0,0,0,0,0
0.00461,0.004703,0.006821,0,0,0,0,0,0,0,0,0,0,0,0
0.004945,0.004782,0.005892,0,0,0,0,0,0,0,0,0,0,0,0
0.004655,0.004608,0.005125,0,0,0,0,0,0,0,0,0,0,0,0
0.004783,0.004606,0.005803,0,0,0,0,0,0,0,0,0,0,0,0
0.007072,0.004596,0.004619,0,0,0,0,0,0,0,0,0,0,0,0
0.008419,0.005103,0.004824,0,0,0,0,0,0,0,0,0,0,0,0
0.007159,0.004646,0.004458,0,0,0,0,0,0,0,0,0,0,0,0
0.00569,0.004666,0.004431,0,0,0,0,0,0,0,0,0,0,0,0
0.005701,0.004704,0.004558,0,0,0,0,0,0,0,0,0,0,0,0
0.004937,0.00473,0.004544,0,0,0,0,0,0,0,0,0,0,0,0
0.004792,0.008954,0.006074,0,0,0,0,0,0,0,0,0,0,0,0
0.004732,0.006891,0.004475,0,0,0,0,0,0,0,0,0,0,0,0
0.004703,0.008545,0.004456,0,0,0,0,0,0,0,0,0,0,0,0
0.00465,0.009825,0.005745,0,0,0,0,0,0,0,0,0,0,0,0
0.004407,0.006448,0.005052,0,0,0,0,0,0,0,0,0,0,0,0
0.004532,0.005424,0.005945,0,0,0,0,0,0,0,0,0,0,0,0
0.004478,0.005913,0.005538,0,0,0,0,0,0,0,0,0,0,0,0
0.004658,0.005311,0.004505,0,0,0,0,0,0,0,0,0,0,0,0
0.004554,0.004435,0.004415,0,0,0,0,0,0,0,0,0,0,0,0
0.004661,0.004477,0.004425,0,0,0,0,0,0,0,0,0,0,0,0
0.004788,0.004885,0.005901,0,0,0,0,0,0,0,0,0,0,0,0
0.004744,0.004565,0.004627,0,0,0,0,0,0,0,0,0,0,0,0
0.004763,0.004674,0.005085,0,0,0,0,0,0,0,0,0,0,0,0
0.004909,0.004705,0.005019,0,0,0,0,0,0,0,0,0,0,0,0
0.004526,0.004506,0.004479,0,0,0,0,0,0,0,0,0,0,0,0
0.004662,0.004593,0.004674,0,0,0,0,0,0,0,0,0,0,0,0
0.004804,0.005243,0.004681,0,0,0,0,0,0,0,0,0,0,0,0
0.004483,0.004914,0.004683,0,0,0,0,0,0,0,0,0,0,0,0
0.004423,0.005048,0.005503,0,0,0,0,0,0,0,0,0,0,0,0
0.004828,0.004533,0.004771,0,0,0,0,0,0,0,0,0,0,0,0
0.004419,0.004443,0.004786,0,0,0,0,0,0,0,0,0,0,0,0
0.004459,0.004455,0.005403,0,0,0,0,0,0,0,0,0,0,0,0
0.004246,0.004476,0.004508,0,0,0,0,0,0,0,0,0,0,0,0
0.004808,0.004792,0.005083,0,0,0,0,0,0,0,0,0,0,0,0
0.004423,0.004589,0.005667,0,0,0,0,0,0,0,0,0,0,0,0
0.004467,0.006822,0.004721,0,0,0,0,0,0,0,0,0,0,0,0
0.004607,0.008604,0.004325,0,0,0,0,0,0,0,0,0,0,0,0
0.0044,0.007431,0.004515,0,0,0,0,0,0,0,0,0,0,0,0
0.004415,0.006224,0.004618,0,0,0,0,0,0,0,0,0,0,0,0
0.004449,0.005444,0.004706,0,0,0,0,0,0,0,0,0,0,0,0
0.004836,0.004961,0.005688,0,0,0,0,0,0,0,0,0,0,0,0
0.004443,0.004589,0.004802,0,0,0,0,0,0,0,0,0,0,0,0
0.004324,0.004538,0.00427,0,0,0,0,0,0,0,0,0,0,0,0
0.004363,0.004983,0.004327,0,0,0,0,0,0,0,0,0,0,0,0
0.004419,0.00444,0.004243,0,0,0,0,0,0,0,0,0,0,0,0
0.007114,0.004792,0.00441,0,0,0,0,0,0,0,0,0,0,0,0
0.00866,0.004524,0.005935,0,0,0,0,0,0,0,0,0,0,0,0
0.007611,0.004471,0.004511,0,0,0,0,0,0,0,0,0,0,0,0
0.006777,0.00521,0.004377,0,0,0,0,0,0,0,0,0,0,0,0
0.005237,0.004431,0.004491,0,0,0,0,0,0,0,0,0,0,0,0
0.005741,0.004435,0.004548,0,0,0,0,0,0,0,0,0,0,0,0
0.0063,0.00536,0.004759,0,0,0,0,0,0,0,0,0,0,0,0
0.005272,0.004769,0.005792,0,0,0,0,0,0,0,0,0,0,0,0
0.005613,0.004667,0.00514,0,0,0,0,0,0,0,0,0,0,0,0
0.005032,0.004452,0.004519,0,0,0,0,0,0,0,0,0,0,0,0
0.00471,0.004778,0.007038,0,0,0,0,0,0,0,0,0,0,0,0
0.004295,0.004687,0.008739,0,0,0,0,0,0,0,0,0,0,0,0
0.00459,0.004715,0.008841,0,0,0,0,0,0,0,0,0,0,0,0
0.004346,0.005104,0.007617,0,0,0,0,0,0,0,0,0,0,0,0
0.004734,0.004566,0.006155,0,0,0,0,0,0,0,0,0,0,0,0
0.004562,0.004627,0.005295,0,0,0,0,0,0,0,0,0,0,0,0
0.004423,0.004544,0.004977,0,0,0,0,0,0,0,0,0,0,0,0
0.004362,0.004507,0.004637,0,0,0,0,0,0,0,0,0,0,0,0
0.006492,0.004598,0.006024,0,0,0,0,0,0,0,0,0,0,0,0
0.005317,0.004764,0.005192,0,0,0,0,0,0,0,0,0,0,0,0
0.00502,0.004685,0.004855,0,0,0,0,0,0,0,0,0,0,0,0
0.005978,0.005866,0.00622,0,0,0,0,0,0,0,0,0,0,0,0
0.004485,0.004902,0.00613,0,0,0,0,0,0,0,0,0,0,0,0
0.004396,0.004475,0.004656,0,0,0,0,0,0,0,0,0,0,0,0
0.005072,0.004714,0.004841,0,0,0,0,0,0,0,0,0,0,0,0
0.006572,0.006263,0.004416,0,0,0,0,0,0,0,0,0,0,0,0
0.008713,0.004452,0.004336,0,0,0,0,0,0,0,0,0,0,0,0
0.007222,0.004561,0.00441,0,0,0,0,0,0,0,0,0,0,0,0
0.006159,0.004743,0.004974,0,0,0,0,0,0,0,0,0,0,0,0
0.005087,0.004519,0.004294,0,0,0,0,0,0,0,0,0,0,0,0
0.004885,0.004506,0.004514,0,0,0,0,0,0,0,0,0,0,0,0
0.00464,0.004974,0.004906,0,0,0,0,0,0,0,0,0,0,0,0
0.004672,0.004601,0.004477,0,0,0,0,0,0,0,0,0,0,0,0
0.004564,0.004577,0.004565,0,0,0,0,0,0,0,0,0,0,0,0
NaN,NaN,NaN,0,0,0,0,0,0,0,0,0,0,0,0
NaN,NaN,NaN,0,0,0,0,0,0,0,0,0,0,0,0
NaN,NaN,NaN,0,0,0,0,0,0,0,0,0,0,0,0
NaN,NaN,NaN,0,0,0,0,0,0,0,0,0,0,0,0
0.000174,0.00019,0.000181,0,0,0,0,0,0,0,0,0,0,0,0
0.21917,0.22541,0.22302,0,0,0,0,0,0,0,0,0,0,0,0
0.004456,0.004427,0.00445,0,0,0,0,0,0,0,0,0,0,0,0
0.006951,0.004362,0.004792,0,0,0,0,0,0,0,0,0,0,0,0
0.007448,0.004235,0.004507,0,0,0,0,0,0,0,0,0,0,0,0
0.00664,0.004225,0.004516,0,0,0,0,0,0,0,0,0,0,0,0
0.00499,0.004201,0.004967,0,0,0,0,0,0,0,0,0,0,0,0
0.004842,0.006607,0.004234,0,0,0,0,0,0,0,0,0,0,0,0
0.004326,0.007469,0.004251,0,0,0,0,0,0,0,0,0,0,0,0
0.004317,0.006411,0.004206,0,0,0,0,0,0,0,0,0,0,0,0
0.00418,0.004989,0.004385,0,0,0,0,0,0,0,0,0,0,0,0
0.004084,0.004913,0.004242,0,0,0,0,0,0,0,0,0,0,0,0
0.004104,0.006505,0.004282,0,0,0,0,0,0,0,0,0,0,0,0
0.004067,0.008224,0.004264,0,0,0,0,0,0,0,0,0,0,0,0
0.004241,0.007276,0.004804,0,0,0,0,0,0,0,0,0,0,0,0
0.004058,0.006156,0.004209,0,0,0,0,0,0,0,0,0,0,0,0
0.004322,0.005322,0.004255,0,0,0,0,0,0,0,0,0,0,0,0
0.003991,0.004968,0.004145,0,0,0,0,0,0,0,0,0,0,0,0
0.004202,0.00491,0.004793,0,0,0,0,0,0,0,0,0,0,0,0
0.004187,0.004593,0.004167,0,0,0,0,0,0,0,0,0,0,0,0
0.004096,0.004552,0.004226,0,0,0,0,0,0,0,0,0,0,0,0
0.006419,0.004658,0.004173,0,0,0,0,0,0,0,0,0,0,0,0
0.008124,0.00428,0.004684,0,0,0,0,0,0,0,0,0,0,0,0
0.0069,0.004286,0.004221,0,0,0,0,0,0,0,0,0,0,0,0
0.005983,0.004175,0.004264,0,0,0,0,0,0,0,0,0,0,0,0
0.005027,0.004513,0.004388,0,0,0,0,0,0,0,0,0,0,0,0
0.004614,0.004251,0.004511,0,0,0,0,0,0,0,0,0,0,0,0
0.004573,0.005196,0.004536,0,0,0,0,0,0,0,0,0,0,0,0
0.004312,0.004758,0.004499,0,0,0,0,0,0,0,0,0,0,0,0
0.004396,0.004277,0.004951,0,0,0,0,0,0,0,0,0,0,0,0
0.004616,0.005128,0.004936,0,0,0,0,0,0,0,0,0,0,0,0
0.004187,0.004413,0.004305,0,0,0,0,0,0,0,0,0,0,0,0
0.004555,0.004444,0.00461,0,0,0,0,0,0,0,0,0,0,0,0
0.004478,0.004308,0.004582,0,0,0,0,0,0,0,0,0,0,0,0
0.004179,0.004418,0.004202,0,0,0,0,0,0,0,0,0,0,0,0
0.004297,0.004466,0.005051,0,0,0,0,0,0,0,0,0,0,0,0
NaN,NaN,NaN,0,0,0,0,0,0,0,0,0,0,0,0
NaN,NaN,NaN,0,0,0,0,0,0,0,0,0,0,0,0
NaN,NaN,NaN,0,0,0,0,0,0,0,0,0,0,0,0
NaN,NaN,NaN,0,0,0,0,0,0,0,0,0,0,0,0
0.000158,0.000276,0.000175,0,0,0,0,0,0,0,0,0,0,0,0
0.224,0.22964,0.23499,0,0,0,0,0,0,0,0,0,0,0,0
0.004466,0.00443,0.004548,0,0,0,0,0,0,0,0,0,0,0,0
0.004454,0.004206,0.004069,0,0,0,0,0,0,0,0,0,0,0,0
0.004209,0.006344,0.004168,0,0,0,0,0,0,0,0,0,0,0,0
0.004519,0.008152,0.004137,0,0,0,0,0,0,0,0,0,0,0,0
0.004216,0.00728,0.004154,0,0,0,0,0,0,0,0,0,0,0,0
0.004711,0.006216,0.004229,0,0,0,0,0,0,0,0,0,0,0,0
0.004295,0.005089,0.004171,0,0,0,0,0,0,0,0,0,0,0,0
0.004324,0.004877,0.004267,0,0,0,0,0,0,0,0,0,0,0,0
0.00428,0.004518,0.004195,0,0,0,0,0,0,0,0,0,0,0,0
0.004628,0.004732,0.004608,0,0,0,0,0,0,0,0,0,0,0,0
0.004226,0.004213,0.004198,0,0,0,0,0,0,0,0,0,0,0,0
0.004308,0.004214,0.004349,0,0,0,0,0,0,0,0,0,0,0,0
0.004254,0.004048,0.004202,0,0,0,0,0,0,0,0,0,0,0,0
0.006664,0.004141,0.004493,0,0,0,0,0,0,0,0,0,0,0,0
0.007979,0.004384,0.004136,0,0,0,0,0,0,0,0,0,0,0,0
0.006537,0.004123,0.004297,0,0,0,0,0,0,0,0,0,0,0,0
0.005936,0.00411,0.004098,0,0,0,0,0,0,0,0,0,0,0,0
0.005287,0.004441,0.00415,0,0,0,0,0,0,0,0,0,0,0,0
0.005054,0.005946,0.004671,0,0,0,0,0,0,0,0,0,0,0,0
0.004573,0.008201,0.004258,0,0,0,0,0,0,0,0,0,0,0,0
0.004155,0.00701,0.004087,0,0,0,0,0,0,0,0,0,0,0,0
0.004485,0.006837,0.004161,0,0,0,0,0,0,0,0,0,0,0,0
0.004438,0.004809,0.004158,0,0,0,0,0,0,0,0,0,0,0,0
0.004321,0.005202,0.004255,0,0,0,0,0,0,0,0,0,0,0,0
0.004307,0.004288,0.004173,0,0,0,0,0,0,0,0,0,0,0,0
0.004371,0.004533,0.004252,0,0,0,0,0,0,0,0,0,0,0,0
0.004392,0.004145,0.004174,0,0,0,0,0,0,0,0,0,0,0,0
0.00427,0.004597,0.00426,0,0,0,0,0,0,0,0,0,0,0,0
0.004736,0.003931,0.003847,0,0,0,0,0,0,0,0,0,0,0,0
0.004901,0.004607,0.004202,0,0,0,0,0,0,0,0,0,0,0,0
0.004375,0.004703,0.00422,0,0,0,0,0,0,0,0,0,0,0,0
0.004524,0.004194,0.004335,0,0,0,0,0,0,0,0,0,0,0,0
0.004304,0.004765,0.004649,0,0,0,0,0,0,0,0,0,0,0,0
0.004559,0.005807,0.005105,0,0,0,0,0,0,0,0,0,0,0,0
0.004296,0.004365,0.004195,0,0,0,0,0,0,0,0,0,0,0,0
0.005092,0.004449,0.004728,0,0,0,0,0,0,0,0,0,0,0,0
0.004586,0.004916,0.004339,0,0,0,0,0,0,0,0,0,0,0,0
0.004294,0.004181,0.004126,0,0,0,0,0,0,0,0,0,0,0,0
0.00439,0.004394,0.004077,0,0,0,0,0,0,0,0,0,0,0,0
0.006846,0.005313,0.004775,0,0,0,0,0,0,0,0,0,0,0,0
0.00758,0.004044,0.004127,0,0,0,0,0,0,0,0,0,0,0,0
0.006457,0.005585,0.004357,0,0,0,0,0,0,0,0,0,0,0,0
0.005598,0.004465,0.004081,0,0,0,0,0,0,0,0,0,0,0,0
0.00557,0.004179,0.004787,0,0,0,0,0,0,0,0,0,0,0,0
0.004399,0.004655,0.004054,0,0,0,0,0,0,0,0,0,0,0,0
0.006813,0.004356,0.004311,0,0,0,0,0,0,0,0,0,0,0,0
0.007885,0.004405,0.004336,0,0,0,0,0,0,0,0,0,0,0,0
0.00661,0.00408,0.004599,0,0,0,0,0,0,0,0,0,0,0,0
0.006384,0.004179,0.004098,0,0,0,0,0,0,0,0,0,0,0,0
0.005515,0.004435,0.004259,0,0,0,0,0,0,0,0,0,0,0,0
0.004895,0.004379,0.004101,0,0,0,0,0,0,0,0,0,0,0,0
0.004713,0.004045,0.0042,0,0,0,0,0,0,0,0,0,0,0,0
0.004112,0.00411,0.004686,0,0,0,0,0,0,0,0,0,0,0,0
0.004317,0.004232,0.004195,0,0,0,0,0,0,0,0,0,0,0,0
0.004216,0.004039,0.004138,0,0,0,0,0,0,0,0,0,0,0,0
0.004166,0.004562,0.004245,0,0,0,0,0,0,0,0,0,0,0,0
0.004136,0.004205,0.004709,0,0,0,0,0,0,0,0,0,0,0,0
0.004136,0.004249,0.004205,0,0,0,0,0,0,0,0,0,0,0,0
0.005905,0.004222,0.00416,0,0,0,0,0,0,0,0,0,0,0,0
0.008568,0.004245,0.004305,0,0,0,0,0,0,0,0,0,0,0,0
0.007275,0.004826,0.004669,0,0,0,0,0,0,0,0,0,0,0,0
0.006394,0.004371,0.004291,0,0,0,0,0,0,0,0,0,0,0,0
0.004812,0.00421,0.004363,0,0,0,0,0,0,0,0,0,0,0,0
0.005354,0.004368,0.004312,0,0,0,0,0,0,0,0,0,0,0,0
0.004205,0.004434,0.004834,0,0,0,0,0,0,0,0,0,0,0,0
0.004379,0.004705,0.004254,0,0,0,0,0,0,0,0,0,0,0,0
0.004266,0.004585,0.004519,0,0,0,0,0,0,0,0,0,0,0,0
0.004471,0.004973,0.004634,0,0,0,0,0,0,0,0,0,0,0,0
0.004273,0.004231,0.005028,0,0,0,0,0,0,0,0,0,0,0,0
0.004339,0.004396,0.004745,0,0,0,0,0,0,0,0,0,0,0,0
0.00426,0.005077,0.005398,0,0,0,0,0,0,0,0,0,0,0,0
0.0046,0.004908,0.004909,0,0,0,0,0,0,0,0,0,0,0,0
0.004882,0.004222,0.004438,0,0,0,0,0,0,0,0,0,0,0,0
0.004444,0.004382,0.004299,0,0,0,0,0,0,0,0,0,0,0,0
0.004506,0.004746,0.004334,0,0,0,0,0,0,0,0,0,0,0,0
0.004325,0.005987,0.005178,0,0,0,0,0,0,0,0,0,0,0,0
0.004664,0.005671,0.004406,0,0,0,0,0,0,0,0,0,0,0,0
0.00495,0.006692,0.005796,0,0,0,0,0,0,0,0,0,0,0,0
0.004427,0.006445,0.004744,0,0,0,0,0,0,0,0,0,0,0,0
NaN,NaN,NaN,0,0,0,0,0,0,0,0,0,0,0,0
NaN,NaN,NaN,0,0,0,0,0,0,0,0,0,0,0,0
NaN,NaN,NaN,0,0,0,0,0,0,0,0,0,0,0,0
NaN,NaN,NaN,0,0,0,0,0,0,0,0,0,0,0,0
0.000179,0.000154,0.000154,0,0,0,0,0,0,0,0,0,0,0,0
0.2284,0.21798,0.22634,0,0,0,0,0,0,0,0,0,0,0,0
0.004202,0.004013,0.005805,0,0,0,0,0,0,0,0,0,0,0,0
0.004153,0.004111,0.003995,0,0,0,0,0,0,0,0,0,0,0,0
0.004152,0.003804,0.003948,0,0,0,0,0,0,0,0,0,0,0,0
0.004001,0.003994,0.003842,0,0,0,0,0,0,0,0,0,0,0,0
0.003863,0.00409,0.004466,0,0,0,0,0,0,0,0,0,0,0,0
0.003948,0.003829,0.004117,0,0,0,0,0,0,0,0,0,0,0,0
0.003768,0.003832,0.004476,0,0,0,0,0,0,0,0,0,0,0,0
0.003907,0.003868,0.004172,0,0,0,0,0,0,0,0,0,0,0,0
0.003824,0.00401,0.003862,0,0,0,0,0,0,0,0,0,0,0,0
0.003899,0.003855,0.004739,0,0,0,0,0,0,0,0,0,0,0,0
0.004122,0.003787,0.003942,0,0,0,0,0,0,0,0,0,0,0,0
0.004,0.003848,0.003743,0,0,0,0,0,0,0,0,0,0,0,0
0.003932,0.004141,0.003854,0,0,0,0,0,0,0,0,0,0,0,0
0.003749,0.004066,0.004373,0,0,0,0,0,0,0,0,0,0,0,0
0.003784,0.003771,0.004317,0,0,0,0,0,0,0,0,0,0,0,0
0.003846,0.004057,0.003784,0,0,0,0,0,0,0,0,0,0,0,0
0.00379,0.00389,0.003761,0,0,0,0,0,0,0,0,0,0,0,0
0.00387,0.004088,0.004197,0,0,0,0,0,0,0,0,0,0,0,0
0.004435,0.004497,0.003835,0,0,0,0,0,0,0,0,0,0,0,0
0.00402,0.004068,0.003815,0,0,0,0,0,0,0,0,0,0,0,0
0.004593,0.004127,0.004029,0,0,0,0,0,0,0,0,0,0,0,0
0.004397,0.004185,0.004261,0,0,0,0,0,0,0,0,0,0,0,0
0.004768,0.003996,0.003729,0,0,0,0,0,0,0,0,0,0,0,0
0.004118,0.004089,0.00377,0,0,0,0,0,0,0,0,0,0,0,0
0.003809,0.003717,0.003749,0,0,0,0,0,0,0,0,0,0,0,0
0.003866,0.00381,0.003651,0,0,0,0,0,0,0,0,0,0,0,0
0.003696,0.003771,0.003808,0,0,0,0,0,0,0,0,0,0,0,0
0.003768,0.004044,0.003846,0,0,0,0,0,0,0,0,0,0,0,0
0.003796,0.004035,0.00387,0,0,0,0,0,0,0,0,0,0,0,0
0.004423,0.004032,0.004013,0,0,0,0,0,0,0,0,0,0,0,0
0.003831,0.006512,0.004022,0,0,0,0,0,0,0,0,0,0,0,0
0.003867,0.004327,0.003815,0,0,0,0,0,0,0,0,0,0,0,0
0.004111,0.004706,0.003894,0,0,0,0,0,0,0,0,0,0,0,0
0.003808,0.005719,0.003673,0,0,0,0,0,0,0,0,0,0,0,0
0.003874,0.007754,0.003876,0,0,0,0,0,0,0,0,0,0,0,0
0.003932,0.00632,0.003981,0,0,0,0,0,0,0,0,0,0,0,0
0.005882,0.005551,0.003793,0,0,0,0,0,0,0,0,0,0,0,0
0.007748,0.004933,0.005727,0,0,0,0,0,0,0,0,0,0,0,0
0.00752,0.004588,0.006931,0,0,0,0,0,0,0,0,0,0,0,0
0.005458,0.004179,0.006002,0,0,0,0,0,0,0,0,0,0,0,0
0.007536,0.004314,0.005113,0,0,0,0,0,0,0,0,0,0,0,0
0.007449,0.004513,0.005172,0,0,0,0,0,0,0,0,0,0,0,0
0.006157,0.004557,0.004225,0,0,0,0,0,0,0,0,0,0,0,0
0.005561,0.004588,0.004302,0,0,0,0,0,0,0,0,0,0,0,0
0.004649,0.007932,0.003883,0,0,0,0,0,0,0,0,0,0,0,0
0.004801,0.005261,0.003987,0,0,0,0,0,0,0,0,0,0,0,0
0.004104,0.004824,0.003966,0,0,0,0,0,0,0,0,0,0,0,0
NaN,NaN,NaN,0,0,0,0,0,0,0,0,0,0,0,0
NaN,NaN,NaN,0,0,0,0,0,0,0,0,0,0,0,0
NaN,NaN,NaN,0,0,0,0,0,0,0,0,0,0,0,0
NaN,NaN,NaN,0,0,0,0,0,0,0,0,0,0,0,0
0.000178,0.00016,0.000167,0,0,0,0,0,0,0,0,0,0,0,0
0.22682,0.21602,0.22493,0,0,0,0,0,0,0,0,0,0,0,0
0.006073,0.00364,0.003674,0,0,0,0,0,0,0,0,0,0,0,0
0.006191,0.003434,0.003278,0,0,0,0,0,0,0,0,0,0,0,0
0.004756,0.003386,0.003391,0,0,0,0,0,0,0,0,0,0,0,0
0.004359,0.003433,0.003392,0,0,0,0,0,0,0,0,0,0,0,0
0.004424,0.003414,0.003384,0,0,0,0,0,0,0,0,0,0,0,0
0.006365,0.003314,0.003258,0,0,0,0,0,0,0,0,0,0,0,0
0.00598,0.003379,0.003453,0,0,0,0,0,0,0,0,0,0,0,0
0.005123,0.003479,0.003432,0,0,0,0,0,0,0,0,0,0,0,0
0.004823,0.003293,0.003642,0,0,0,0,0,0,0,0,0,0,0,0
0.004516,0.00345,0.003353,0,0,0,0,0,0,0,0,0,0,0,0
0.004248,0.003316,0.003429,0,0,0,0,0,0,0,0,0,0,0,0
NaN,NaN,NaN,0,0,0,0,0,0,0,0,0,0,0,0
NaN,NaN,NaN,0,0,0,0,0,0,0,0,0,0,0,0
NaN,NaN,NaN,0,0,0,0,0,0,0,0,0,0,0,0
NaN,NaN,NaN,0,0,0,0,0,0,0,0,0,0,0,0
0.000172,0.000197,0.000165,0,0,0,0,0,0,0,0,0,0,0,0
0.21459,0.22953,0.23625,0,0,0,0,0,0,0,0,0,0,0,0
0.003653,0.003666,0.004092,0,0,0,0,0,0,0,0,0,0,0,0
0.003288,0.003642,0.003306,0,0,0,0,0,0,0,0,0,0,0,0
0.00355,0.003377,0.003418,0,0,0,0,0,0,0,0,0,0,0,0
0.003551,0.003403,0.003333,0,0,0,0,0,0,0,0,0,0,0,0
0.003607,0.004034,0.003388,0,0,0,0,0,0,0,0,0,0,0,0
0.003407,0.003672,0.003535,0,0,0,0,0,0,0,0,0,0,0,0
0.003385,0.003501,0.003854,0,0,0,0,0,0,0,0,0,0,0,0
0.003316,0.003294,0.003821,0,0,0,0,0,0,0,0,0,0,0,0
0.003476,0.003191,0.003606,0,0,0,0,0,0,0,0,0,0,0,0
0.003245,0.003225,0.003368,0,0,0,0,0,0,0,0,0,0,0,0
0.003381,0.003956,0.003597,0,0,0,0,0,0,0,0,0,0,0,0
0.003765,0.003955,0.003528,0,0,0,0,0,0,0,0,0,0,0,0
0.003337,0.003629,0.003447,0,0,0,0,0,0,0,0,0,0,0,0
0.003561,0.003687,0.00361,0,0,0,0,0,0,0,0,0,0,0,0
0.00361,0.003568,0.003956,0,0,0,0,0,0,0,0,0,0,0,0
0.003702,0.003745,0.003539,0,0,0,0,0,0,0,0,0,0,0,0
0.003407,0.003554,0.0033,0,0,0,0,0,0,0,0,0,0,0,0
0.0035,0.00368,0.003582,0,0,0,0,0,0,0,0,0,0,0,0
0.003837,0.00339,0.003667,0,0,0,0,0,0,0,0,0,0,0,0
0.00387,0.003456,0.003648,0,0,0,0,0,0,0,0,0,0,0,0
0.003352,0.003436,0.003448,0,0,0,0,0,0,0,0,0,0,0,0
0.003505,0.003541,0.003407,0,0,0,0,0,0,0,0,0,0,0,0
0.003327,0.00356,0.003481,0,0,0,0,0,0,0,0,0,0,0,0
0.003598,0.003939,0.003452,0,0,0,0,0,0,0,0,0,0,0,0
0.003378,0.003534,0.003278,0,0,0,0,0,0,0,0,0,0,0,0
0.003354,0.003541,0.00331,0,0,0,0,0,0,0,0,0,0,0,0
0.003539,0.003533,0.00326,0,0,0,0,0,0,0,0,0,0,0,0
0.003368,0.003491,0.00329,0,0,0,0,0,0,0,0,0,0,0,0
0.003416,0.003515,0.003289,0,0,0,0,0,0,0,0,0,0,0,0
0.003502,0.003418,0.003253,0,0,0,0,0,0,0,0,0,0,0,0
0.003365,0.004377,0.003742,0,0,0,0,0,0,0,0,0,0,0,0
0.003355,0.00709,0.003308,0,0,0,0,0,0,0,0,0,0,0,0
0.003361,0.006319,0.003216,0,0,0,0,0,0,0,0,0,0,0,0
0.003505,0.004935,0.003567,0,0,0,0,0,0,0,0,0,0,0,0
0.003254,0.004373,0.003508,0,0,0,0,0,0,0,0,0,0,0,0
0.0034,0.004515,0.003352,0,0,0,0,0,0,0,0,0,0,0,0
0.003359,0.003911,0.003325,0,0,0,0,0,0,0,0,0,0,0,0
0.003511,0.003929,0.003324,0,0,0,0,0,0,0,0,0,0,0,0
NaN,NaN,NaN,0,0,0,0,0,0,0,0,0,0,0,0
NaN,NaN,NaN,0,0,0,0,0,0,0,0,0,0,0,0
NaN,NaN,NaN,0,0,0,0,0,0,0,0,0,0,0,0
NaN,NaN,NaN,0,0,0,0,0,0,0,0,0,0,0,0
0.000171,0.000155,0.00026,0,0,0,0,0,0,0,0,0,0,0,0
0.21739,0.21287,0.21474,0,0,0,0,0,0,0,0,0,0,0,0
0.003465,0.00346,0.003382,0,0,0,0,0,0,0,0,0,0,0,0
0.00313,0.00311,0.003133,0,0,0,0,0,0,0,0,0,0,0,0
0.004729,0.003153,0.003604,0,0,0,0,0,0,0,0,0,0,0,0
0.003217,0.003073,0.003242,0,0,0,0,0,0,0,0,0,0,0,0
0.003192,0.003315,0.003051,0,0,0,0,0,0,0,0,0,0,0,0
0.003233,0.003309,0.0032,0,0,0,0,0,0,0,0,0,0,0,0
0.003235,0.003455,0.003283,0,0,0,0,0,0,0,0,0,0,0,0
0.003235,0.004107,0.00331,0,0,0,0,0,0,0,0,0,0,0,0
0.003263,0.006002,0.003215,0,0,0,0,0,0,0,0,0,0,0,0
0.003154,0.005741,0.003129,0,0,0,0,0,0,0,0,0,0,0,0
NaN,NaN,NaN,0,0,0,0,0,0,0,0,0,0,0,0
NaN,NaN,NaN,0,0,0,0,0,0,0,0,0,0,0,0
NaN,NaN,NaN,0,0,0,0,0,0,0,0,0,0,0,0
NaN,NaN,NaN,0,0,0,0,0,0,0,0,0,0,0,0
0.000153,0.000177,0.000149,0,0,0,0,0,0,0,0,0,0,0,0
0.22662,0.21856,0.23154,0,0,0,0,0,0,0,0,0,0,0,0
0.005482,0.003404,0.003408,0,0,0,0,0,0,0,0,0,0,0,0
0.005511,0.004255,0.003518,0,0,0,0,0,0,0,0,0,0,0,0
0.004828,0.006102,0.003305,0,0,0,0,0,0,0,0,0,0,0,0
0.004183,0.005837,0.004216,0,0,0,0,0,0,0,0,0,0,0,0
0.00355,0.004677,0.00583,0,0,0,0,0,0,0,0,0,0,0,0
0.003614,0.004726,0.005651,0,0,0,0,0,0,0,0,0,0,0,0
0.003246,0.004259,0.005055,0,0,0,0,0,0,0,0,0,0,0,0
0.003211,0.004052,0.004661,0,0,0,0,0,0,0,0,0,0,0,0
0.003251,0.003693,0.004484,0,0,0,0,0,0,0,0,0,0,0,0
0.003075,0.003693,0.004156,0,0,0,0,0,0,0,0,0,0,0,0
0.003036,0.004321,0.00386,0,0,0,0,0,0,0,0,0,0,0,0
0.003152,0.004862,0.003891,0,0,0,0,0,0,0,0,0,0,0,0
0.003671,0.003256,0.004132,0,0,0,0,0,0,0,0,0,0,0,0
0.003005,0.003143,0.003607,0,0,0,0,0,0,0,0,0,0,0,0
0.003647,0.003338,0.003289,0,0,0,0,0,0,0,0,0,0,0,0
NaN,NaN,NaN,0,0,0,0,0,0,0,0,0,0,0,0
NaN,NaN,NaN,0,0,0,0,0,0,0,0,0,0,0,0
NaN,NaN,NaN,0,0,0,0,0,0,0,0,0,0,0,0
NaN,NaN,NaN,0,0,0,0,0,0,0,0,0,0,0,0
0.000153,0.000171,0.000173,0,0,0,0,0,0,0,0,0,0,0,0
0.23712,0.21357,0.22593,0,0,0,0,0,0,0,0,0,0,0,0
0.00326,0.003221,0.00315,0,0,0,0,0,0,0,0,0,0,0,0
0.003384,0.002979,0.002973,0,0,0,0,0,0,0,0,0,0,0,0
0.0036,0.003003,0.003758,0,0,0,0,0,0,0,0,0,0,0,0
0.003571,0.002953,0.003892,0,0,0,0,0,0,0,0,0,0,0,0
0.003206,0.0031,0.003069,0,0,0,0,0,0,0,0,0,0,0,0
0.003197,0.003543,0.003189,0,0,0,0,0,0,0,0,0,0,0,0
0.003231,0.003499,0.00305,0,0,0,0,0,0,0,0,0,0,0,0
0.003407,0.003244,0.003076,0,0,0,0,0,0,0,0,0,0,0,0
0.003289,0.003527,0.003136,0,0,0,0,0,0,0,0,0,0,0,0
0.003431,0.003265,0.003148,0,0,0,0,0,0,0,0,0,0,0,0
0.003429,0.003506,0.003254,0,0,0,0,0,0,0,0,0,0,0,0
0.003506,0.003372,0.003105,0,0,0,0,0,0,0,0,0,0,0,0
0.003319,0.003229,0.002965,0,0,0,0,0,0,0,0,0,0,0,0
0.003473,0.00361,0.004031,0,0,0,0,0,0,0,0,0,0,0,0
0.003554,0.003615,0.005932,0,0,0,0,0,0,0,0,0,0,0,0
0.003288,0.0031,0.005987,0,0,0,0,0,0,0,0,0,0,0,0
0.004034,0.003504,0.005379,0,0,0,0,0,0,0,0,0,0,0,0
0.005774,0.003437,0.005,0,0,0,0,0,0,0,0,0,0,0,0
NaN,NaN,NaN,0,0,0,0,0,0,0,0,0,0,0,0
NaN,NaN,NaN,0,0,0,0,0,0,0,0,0,0,0,0
NaN,NaN,NaN,0,0,0,0,0,0,0,0,0,0,0,0
NaN,NaN,NaN,0,0,0,0,0,0,0,0,0,0,0,0
0.000153,0.000246,0.000172,0,0,0,0,0,0,0,0,0,0,0,0
0.21411,0.21535,0.22848,0,0,0,0,0,0,0,0,0,0,0,0
0.003243,0.003353,0.003345,0,0,0,0,0,0,0,0,0,0,0,0
0.002996,0.003068,0.003078,0,0,0,0,0,0,0,0,0,0,0,0
0.003302,0.003088,0.003261,0,0,0,0,0,0,0,0,0,0,0,0
0.004094,0.004194,0.003096,0,0,0,0,0,0,0,0,0,0,0,0
0.005836,0.0033,0.003107,0,0,0,0,0,0,0,0,0,0,0,0
0.005753,0.003146,0.003143,0,0,0,0,0,0,0,0,0,0,0,0
0.005006,0.003137,0.003237,0,0,0,0,0,0,0,0,0,0,0,0
0.004873,0.003072,0.003431,0,0,0,0,0,0,0,0,0,0,0,0
0.003856,0.004471,0.003177,0,0,0,0,0,0,0,0,0,0,0,0
0.003915,0.003125,0.003159,0,0,0,0,0,0,0,0,0,0,0,0
0.003661,0.002934,0.00309,0,0,0,0,0,0,0,0,0,0,0,0
0.003296,0.00321,0.00323,0,0,0,0,0,0,0,0,0,0,0,0
NaN,NaN,NaN,0,0,0,0,0,0,0,0,0,0,0,0
NaN,NaN,NaN,0,0,0,0,0,0,0,0,0,0,0,0
NaN,NaN,NaN,0,0,0,0,0,0,0,0,0,0,0,0
NaN,NaN,NaN,0,0,0,0,0,0,0,0,0,0,0,0
0.000192,0.000221,0.000166,0,0,0,0,0,0,0,0,0,0,0,0
0.23366,0.21553,0.23157,0,0,0,0,0,0,0,0,0,0,0,0
0.003313,0.003675,0.003521,0,0,0,0,0,0,0,0,0,0,0,0
0.003001,0.003204,0.00351,0,0,0,0,0,0,0,0,0,0,0,0
0.002929,0.003323,0.003461,0,0,0,0,0,0,0,0,0,0,0,0
0.003164,0.003731,0.003976,0,0,0,0,0,0,0,0,0,0,0,0
0.003055,0.003246,0.005707,0,0,0,0,0,0,0,0,0,0,0,0
0.003045,0.003586,0.005263,0,0,0,0,0,0,0,0,0,0,0,0
0.002969,0.003676,0.005099,0,0,0,0,0,0,0,0,0,0,0,0
0.004033,0.004039,0.00436,0,0,0,0,0,0,0,0,0,0,0,0
0.005708,0.003514,0.004253,0,0,0,0,0,0,0,0,0,0,0,0
0.00574,0.003268,0.003832,0,0,0,0,0,0,0,0,0,0,0,0
0.005111,0.003534,0.003842,0,0,0,0,0,0,0,0,0,0,0,0
0.004819,0.003308,0.003816,0,0,0,0,0,0,0,0,0,0,0,0
0.004452,0.003218,0.003567,0,0,0,0,0,0,0,0,0,0,0,0
0.0043,0.003533,0.003718,0,0,0,0,0,0,0,0,0,0,0,0
0.003905,0.003408,0.004727,0,0,0,0,0,0,0,0,0,0,0,0
0.003746,0.00335,0.003638,0,0,0,0,0,0,0,0,0,0,0,0
0.004284,0.003396,0.003992,0,0,0,0,0,0,0,0,0,0,0,0
0.003329,0.003379,0.003304,0,0,0,0,0,0,0,0,0,0,0,0
0.003321,0.003486,0.003887,0,0,0,0,0,0,0,0,0,0,0,0
0.00342,0.003408,0.004916,0,0,0,0,0,0,0,0,0,0,0,0
0.003932,0.003122,0.003925,0,0,0,0,0,0,0,0,0,0,0,0
0.003126,0.003487,0.002924,0,0,0,0,0,0,0,0,0,0,0,0
0.002891,0.00321,0.002817,0,0,0,0,0,0,0,0,0,0,0,0
0.003659,0.003176,0.003036,0,0,0,0,0,0,0,0,0,0,0,0
0.003429,0.003735,0.002969,0,0,0,0,0,0,0,0,0,0,0,0
0.004324,0.003153,0.003111,0,0,0,0,0,0,0,0,0,0,0,0
0.00485,0.003368,0.003127,0,0,0,0,0,0,0,0,0,0,0,0
0.003169,0.003452,0.003054,0,0,0,0,0,0,0,0,0,0,0,0
0.004327,0.003584,0.003016,0,0,0,0,0,0,0,0,0,0,0,0
0.004453,0.003301,0.003978,0,0,0,0,0,0,0,0,0,0,0,0
0.004221,0.003186,0.003771,0,0,0,0,0,0,0,0,0,0,0,0
0.003807,0.003774,0.003649,0,0,0,0,0,0,0,0,0,0,0,0
0.003204,0.003585,0.00312,0,0,0,0,0,0,0,0,0,0,0,0
0.003099,0.003188,0.003859,0,0,0,0,0,0,0,0,0,0,0,0
0.003524,0.003284,0.004242,0,0,0,0,0,0,0,0,0,0,0,0
0.00311,0.003382,0.003215,0,0,0,0,0,0,0,0,0,0,0,0
0.003171,0.003202,0.002982,0,0,0,0,0,0,0,0,0,0,0,0
0.003119,0.003717,0.003052,0,0,0,0,0,0,0,0,0,0,0,0
0.002992,0.003427,0.003275,0,0,0,0,0,0,0,0,0,0,0,0
0.003297,0.003384,0.003279,0,0,0,0,0,0,0,0,0,0,0,0
0.004148,0.003658,0.003808,0,0,0,0,0,0,0,0,0,0,0,0
0.006036,0.003453,0.003836,0,0,0,0,0,0,0,0,0,0,0,0
0.005348,0.003532,0.003253,0,0,0,0,0,0,0,0,0,0,0,0
0.005041,0.003333,0.003419,0,0,0,0,0,0,0,0,0,0,0,0
0.00473,0.003047,0.003254,0,0,0,0,0,0,0,0,0,0,0,0
0.004202,0.003266,0.003088,0,0,0,0,0,0,0,0,0,0,0,0
0.003716,0.003404,0.003488,0,0,0,0,0,0,0,0,0,0,0,0
0.003574,0.005864,0.003855,0,0,0,0,0,0,0,0,0,0,0,0
0.003246,0.00579,0.004333,0,0,0,0,0,0,0,0,0,0,0,0
0.003105,0.00551,0.003091,0,0,0,0,0,0,0,0,0,0,0,0
0.003103,0.004568,0.003224,0,0,0,0,0,0,0,0,0,0,0,0
0.003383,0.004794,0.003816,0,0,0,0,0,0,0,0,0,0,0,0
0.003147,0.006377,0.003462,0,0,0,0,0,0,0,0,0,0,0,0
0.003053,0.006402,0.003417,0,0,0,0,0,0,0,0,0,0,0,0
0.003537,0.004818,0.003007,0,0,0,0,0,0,0,0,0,0,0,0
0.003428,0.00407,0.003421,0,0,0,0,0,0,0,0,0,0,0,0
0.003375,0.003899,0.003614,0,0,0,0,0,0,0,0,0,0,0,0
NaN,NaN,NaN,0,0,0,0,0,0,0,0,0,0,0,0
NaN,NaN,NaN,0,0,0,0,0,0,0,0,0,0,0,0
NaN,NaN,NaN,0,0,0,0,0,0,0,0,0,0,0,0
NaN,NaN,NaN,0,0,0,0,0,0,0,0,0,0,0,0
0.000164,0.000168,0.000396,0,0,0,0,0,0,0,0,0,0,0,0
0.22112,0.21598,0.2358,0,0,0,0,0,0,0,0,0,0,0,0
0.004171,0.004097,0.007376,0,0,0,0,0,0,0,0,0,0,0,0
0.004039,0.004229,0.006883,0,0,0,0,0,0,0,0,0,0,0,0
0.004031,0.005001,0.005958,0,0,0,0,0,0,0,0,0,0,0,0
0.003915,0.003992,0.005796,0,0,0,0,0,0,0,0,0,0,0,0
0.003729,0.0039,0.004405,0,0,0,0,0,0,0,0,0,0,0,0
0.00419,0.004145,0.004409,0,0,0,0,0,0,0,0,0,0,0,0
0.00401,0.004999,0.004115,0,0,0,0,0,0,0,0,0,0,0,0
0.003737,0.003971,0.003954,0,0,0,0,0,0,0,0,0,0,0,0
0.003827,0.003922,0.004011,0,0,0,0,0,0,0,0,0,0,0,0
0.003899,0.00409,0.004039,0,0,0,0,0,0,0,0,0,0,0,0
0.003978,0.003969,0.003934,0,0,0,0,0,0,0,0,0,0,0,0
0.004213,0.004014,0.003932,0,0,0,0,0,0,0,0,0,0,0,0
0.004109,0.004303,0.004022,0,0,0,0,0,0,0,0,0,0,0,0
0.004017,0.003815,0.003957,0,0,0,0,0,0,0,0,0,0,0,0
0.003842,0.003881,0.003744,0,0,0,0,0,0,0,0,0,0,0,0
0.003891,0.004343,0.003855,0,0,0,0,0,0,0,0,0,0,0,0
0.003994,0.004298,0.003935,0,0,0,0,0,0,0,0,0,0,0,0
0.004049,0.004321,0.005095,0,0,0,0,0,0,0,0,0,0,0,0
0.003757,0.00438,0.004294,0,0,0,0,0,0,0,0,0,0,0,0
0.003767,0.00388,0.003903,0,0,0,0,0,0,0,0,0,0,0,0
0.003769,0.003821,0.003896,0,0,0,0,0,0,0,0,0,0,0,0
NaN,NaN,NaN,0,0,0,0,0,0,0,0,0,0,0,0
NaN,NaN,NaN,0,0,0,0,0,0,0,0,0,0,0,0
NaN,NaN,NaN,0,0,0,0,0,0,0,0,0,0,0,0
NaN,NaN,NaN,0,0,0,0,0,0,0,0,0,0,0,0
0.00017,0.000167,0.000152,0,0,0,0,0,0,0,0,0,0,0,0
0.22628,0.22421,0.23168,0,0,0,0,0,0,0,0,0,0,0,0
0.004644,0.005013,0.008336,0,0,0,0,0,0,0,0,0,0,0,0
0.004446,0.004824,0.008294,0,0,0,0,0,0,0,0,0,0,0,0
0.004736,0.005055,0.008581,0,0,0,0,0,0,0,0,0,0,0,0
0.004402,0.004718,0.006793,0,0,0,0,0,0,0,0,0,0,0,0
0.004704,0.004366,0.006278,0,0,0,0,0,0,0,0,0,0,0,0
0.004538,0.004428,0.006015,0,0,0,0,0,0,0,0,0,0,0,0
0.004503,0.004443,0.004692,0,0,0,0,0,0,0,0,0,0,0,0
0.004587,0.004653,0.004612,0,0,0,0,0,0,0,0,0,0,0,0
0.004613,0.0044,0.004315,0,0,0,0,0,0,0,0,0,0,0,0
0.004597,0.005541,0.004334,0,0,0,0,0,0,0,0,0,0,0,0
0.004515,0.00431,0.00445,0,0,0,0,0,0,0,0,0,0,0,0
0.004386,0.004371,0.004564,0,0,0,0,0,0,0,0,0,0,0,0
0.004493,0.004793,0.004674,0,0,0,0,0,0,0,0,0,0,0,0
0.00452,0.004459,0.004739,0,0,0,0,0,0,0,0,0,0,0,0
0.00454,0.004308,0.005184,0,0,0,0,0,0,0,0,0,0,0,0
0.004805,0.004842,0.004773,0,0,0,0,0,0,0,0,0,0,0,0
0.004453,0.004358,0.004686,0,0,0,0,0,0,0,0,0,0,0,0
0.004753,0.00435,0.004863,0,0,0,0,0,0,0,0,0,0,0,0
0.004611,0.004374,0.005102,0,0,0,0,0,0,0,0,0,0,0,0
0.004637,0.005016,0.00573,0,0,0,0,0,0,0,0,0,0,0,0
0.005205,0.004477,0.004744,0,0,0,0,0,0,0,0,0,0,0,0
0.004602,0.004679,0.005502,0,0,0,0,0,0,0,0,0,0,0,0
0.004399,0.006995,0.004708,0,0,0,0,0,0,0,0,0,0,0,0
0.004938,0.00819,0.004595,0,0,0,0,0,0,0,0,0,0,0,0
NaN,NaN,NaN,0,0,0,0,0,0,0,0,0,0,0,0
NaN,NaN,NaN,0,0,0,0,0,0,0,0,0,0,0,0
NaN,NaN,NaN,0,0,0,0,0,0,0,0,0,0,0,0
NaN,NaN,NaN,0,0,0,0,0,0,0,0,0,0,0,0
0.000178,0.00017,0.000182,0,0,0,0,0,0,0,0,0,0,0,0
0.22424,0.21343,0.22358,0,0,0,0,0,0,0,0,0,0,0,0
0.004927,0.004932,0.010072,0,0,0,0,0,0,0,0,0,0,0,0
0.004541,0.005269,0.01111,0,0,0,0,0,0,0,0,0,0,0,0
0.005111,0.004713,0.007837,0,0,0,0,0,0,0,0,0,0,0,0
0.005102,0.004632,0.007438,0,0,0,0,0,0,0,0,0,0,0,0
0.005195,0.005009,0.008653,0,0,0,0,0,0,0,0,0,0,0,0
0.005031,0.004871,0.009829,0,0,0,0,0,0,0,0,0,0,0,0
0.004945,0.004905,0.007614,0,0,0,0,0,0,0,0,0,0,0,0
0.004675,0.004577,0.006454,0,0,0,0,0,0,0,0,0,0,0,0
0.004751,0.004679,0.00632,0,0,0,0,0,0,0,0,0,0,0,0
0.005194,0.004782,0.005462,0,0,0,0,0,0,0,0,0,0,0,0
0.004722,0.004727,0.005234,0,0,0,0,0,0,0,0,0,0,0,0
0.004707,0.004598,0.005249,0,0,0,0,0,0,0,0,0,0,0,0
0.004726,0.005036,0.00546,0,0,0,0,0,0,0,0,0,0,0,0
0.004802,0.004893,0.005075,0,0,0,0,0,0,0,0,0,0,0,0
0.004697,0.004849,0.005437,0,0,0,0,0,0,0,0,0,0,0,0
0.004582,0.004657,0.005017,0,0,0,0,0,0,0,0,0,0,0,0
NaN,NaN,NaN,0,0,0,0,0,0,0,0,0,0,0,0
NaN,NaN,NaN,0,0,0,0,0,0,0,0,0,0,0,0
NaN,NaN,NaN,0,0,0,0,0,0,0,0,0,0,0,0
NaN,NaN,NaN,0,0,0,0,0,0,0,0,0,0,0,0
0.000214,0.000154,0.000151,0,0,0,0,0,0,0,0,0,0,0,0
0.2223,0.24159,0.25079,0,0,0,0,0,0,0,0,0,0,0,0
0.005642,0.00487,0.005179,0,0,0,0,0,0,0,0,0,0,0,0
0.004762,0.004846,0.006165,0,0,0,0,0,0,0,0,0,0,0,0
0.004855,0.004729,0.00489,0,0,0,0,0,0,0,0,0,0,0,0
0.004929,0.004677,0.004626,0,0,0,0,0,0,0,0,0,0,0,0
0.004935,0.004624,0.004606,0,0,0,0,0,0,0,0,0,0,0,0
0.005135,0.004789,0.00482,0,0,0,0,0,0,0,0,0,0,0,0
0.004744,0.004632,0.004822,0,0,0,0,0,0,0,0,0,0,0,0
0.004851,0.004592,0.006184,0,0,0,0,0,0,0,0,0,0,0,0
0.007583,0.004708,0.004995,0,0,0,0,0,0,0,0,0,0,0,0
0.008782,0.004651,0.00486,0,0,0,0,0,0,0,0,0,0,0,0
0.007245,0.004706,0.005034,0,0,0,0,0,0,0,0,0,0,0,0
0.006216,0.004748,0.004921,0,0,0,0,0,0,0,0,0,0,0,0
0.005387,0.004668,0.005172,0,0,0,0,0,0,0,0,0,0,0,0
0.005145,0.004603,0.005154,0,0,0,0,0,0,0,0,0,0,0,0
0.004844,0.004799,0.005382,0,0,0,0,0,0,0,0,0,0,0,0
0.004986,0.004468,0.004516,0,0,0,0,0,0,0,0,0,0,0,0
0.005109,0.004613,0.00505,0,0,0,0,0,0,0,0,0,0,0,0
0.004473,0.006554,0.004447,0,0,0,0,0,0,0,0,0,0,0,0
0.004358,0.006191,0.004597,0,0,0,0,0,0,0,0,0,0,0,0
0.004996,0.006518,0.004346,0,0,0,0,0,0,0,0,0,0,0,0
0.004372,0.006127,0.004969,0,0,0,0,0,0,0,0,0,0,0,0
0.004385,0.004949,0.004753,0,0,0,0,0,0,0,0,0,0,0,0
0.005072,0.004318,0.004332,0,0,0,0,0,0,0,0,0,0,0,0
0.0044,0.004185,0.004769,0,0,0,0,0,0,0,0,0,0,0,0
0.004178,0.005049,0.004273,0,0,0,0,0,0,0,0,0,0,0,0
0.004243,0.004749,0.00428,0,0,0,0,0,0,0,0,0,0,0,0
NaN,NaN,NaN,0,0,0,0,0,0,0,0,0,0,0,0
NaN,NaN,NaN,0,0,0,0,0,0,0,0,0,0,0,0
NaN,NaN,NaN,0,0,0,0,0,0,0,0,0,0,0,0
NaN,NaN,NaN,0,0,0,0,0,0,0,0,0,0,0,0
0.000156,0.000119,0.000165,0,0,0,0,0,0,0,0,0,0,0,0
0.23153,0.21897,0.21446,0,0,0,0,0,0,0,0,0,0,0,0
0.004731,0.004795,0.004957,0,0,0,0,0,0,0,0,0,0,0,0
0.004277,0.005428,0.004372,0,0,0,0,0,0,0,0,0,0,0,0
0.004294,0.004403,0.004549,0,0,0,0,0,0,0,0,0,0,0,0
0.004573,0.004379,0.00499,0,0,0,0,0,0,0,0,0,0,0,0
0.004439,0.004541,0.004791,0,0,0,0,0,0,0,0,0,0,0,0
0.00443,0.004514,0.004398,0,0,0,0,0,0,0,0,0,0,0,0
0.004627,0.004857,0.004896,0,0,0,0,0,0,0,0,0,0,0,0
0.004542,0.004661,0.004476,0,0,0,0,0,0,0,0,0,0,0,0
0.004354,0.004144,0.004107,0,0,0,0,0,0,0,0,0,0,0,0
0.004135,0.004377,0.004147,0,0,0,0,0,0,0,0,0,0,0,0
0.004108,0.00399,0.004366,0,0,0,0,0,0,0,0,0,0,0,0
0.004087,0.004185,0.004134,0,0,0,0,0,0,0,0,0,0,0,0
NaN,NaN,NaN,0,0,0,0,0,0,0,0,0,0,0,0
NaN,NaN,NaN,0,0,0,0,0,0,0,0,0,0,0,0
NaN,NaN,NaN,0,0,0,0,0,0,0,0,0,0,0,0
NaN,NaN,NaN,0,0,0,0,0,0,0,0,0,0,0,0
0.000185,0.000155,0.000177,0,0,0,0,0,0,0,0,0,0,0,0
0.2233,0.22375,0.22745,0,0,0,0,0,0,0,0,0,0,0,0
0.006184,0.005108,0.004716,0,0,0,0,0,0,0,0,0,0,0,0
0.005636,0.004705,0.004394,0,0,0,0,0,0,0,0,0,0,0,0
0.005554,0.004535,0.004433,0,0,0,0,0,0,0,0,0,0,0,0
0.004451,0.004512,0.004318,0,0,0,0,0,0,0,0,0,0,0,0
0.004463,0.004368,0.004357,0,0,0,0,0,0,0,0,0,0,0,0
0.004844,0.00459,0.004403,0,0,0,0,0,0,0,0,0,0,0,0
0.004404,0.004333,0.004615,0,0,0,0,0,0,0,0,0,0,0,0
0.004311,0.004394,0.004341,0,0,0,0,0,0,0,0,0,0,0,0
0.004318,0.004393,0.004312,0,0,0,0,0,0,0,0,0,0,0,0
0.004329,0.004665,0.00432,0,0,0,0,0,0,0,0,0,0,0,0
0.004758,0.004633,0.004861,0,0,0,0,0,0,0,0,0,0,0,0
0.004506,0.004464,0.004475,0,0,0,0,0,0,0,0,0,0,0,0
0.004862,0.00484,0.004552,0,0,0,0,0,0,0,0,0,0,0,0
0.004789,0.00475,0.004917,0,0,0,0,0,0,0,0,0,0,0,0
0.004721,0.00449,0.004711,0,0,0,0,0,0,0,0,0,0,0,0
0.004721,0.008142,0.004634,0,0,0,0,0,0,0,0,0,0,0,0
0.004666,0.008305,0.004561,0,0,0,0,0,0,0,0,0,0,0,0
0.004557,0.007503,0.004717,0,0,0,0,0,0,0,0,0,0,0,0
0.00463,0.006221,0.00462,0,0,0,0,0,0,0,0,0,0,0,0
0.004597,0.005642,0.0046,0,0,0,0,0,0,0,0,0,0,0,0
0.004502,0.005564,0.004593,0,0,0,0,0,0,0,0,0,0,0,0
0.007152,0.004572,0.005144,0,0,0,0,0,0,0,0,0,0,0,0
0.008604,0.004671,0.00464,0,0,0,0,0,0,0,0,0,0,0,0
0.006659,0.004861,0.004575,0,0,0,0,0,0,0,0,0,0,0,0
0.005961,0.004566,0.004771,0,0,0,0,0,0,0,0,0,0,0,0
0.006009,0.004686,0.004769,0,0,0,0,0,0,0,0,0,0,0,0
0.004501,0.00507,0.004755,0,0,0,0,0,0,0,0,0,0,0,0
0.00469,0.004599,0.004748,0,0,0,0,0,0,0,0,0,0,0,0
0.004952,0.004962,0.004492,0,0,0,0,0,0,0,0,0,0,0,0
0.004358,0.004436,0.004582,0,0,0,0,0,0,0,0,0,0,0,0
0.004672,0.004611,0.004519,0,0,0,0,0,0,0,0,0,0,0,0
0.005059,0.004506,0.004709,0,0,0,0,0,0,0,0,0,0,0,0
0.004495,0.004888,0.0046,0,0,0,0,0,0,0,0,0,0,0,0
0.004526,0.004559,0.004408,0,0,0,0,0,0,0,0,0,0,0,0
0.004889,0.004492,0.004842,0,0,0,0,0,0,0,0,0,0,0,0
0.004747,0.005122,0.004552,0,0,0,0,0,0,0,0,0,0,0,0
0.004522,0.004484,0.004415,0,0,0,0,0,0,0,0,0,0,0,0
0.004805,0.004652,0.004595,0,0,0,0,0,0,0,0,0,0,0,0
0.004366,0.004968,0.004443,0,0,0,0,0,0,0,0,0,0,0,0
0.004544,0.004563,0.00469,0,0,0,0,0,0,0,0,0,0,0,0
0.004428,0.004918,0.004422,0,0,0,0,0,0,0,0,0,0,0,0
0.004478,0.004826,0.004665,0,0,0,0,0,0,0,0,0,0,0,0
0.004478,0.004557,0.004499,0,0,0,0,0,0,0,0,0,0,0,0
0.004518,0.004732,0.004451,0,0,0,0,0,0,0,0,0,0,0,0
0.004779,0.00494,0.005282,0,0,0,0,0,0,0,0,0,0,0,0
0.004364,0.004537,0.004514,0,0,0,0,0,0,0,0,0,0,0,0
0.004553,0.004561,0.004614,0,0,0,0,0,0,0,0,0,0,0,0
0.004455,0.005048,0.005091,0,0,0,0,0,0,0,0,0,0,0,0
0.004358,0.004576,0.006795,0,0,0,0,0,0,0,0,0,0,0,0
0.004575,0.004473,0.008167,0,0,0,0,0,0,0,0,0,0,0,0
0.004587,0.005088,0.007116,0,0,0,0,0,0,0,0,0,0,0,0
0.004965,0.004522,0.005655,0,0,0,0,0,0,0,0,0,0,0,0
0.004564,0.004457,0.005328,0,0,0,0,0,0,0,0,0,0,0,0
0.004325,0.004446,0.004746,0,0,0,0,0,0,0,0,0,0,0,0
0.004363,0.004391,0.004704,0,0,0,0,0,0,0,0,0,0,0,0
0.004311,0.004357,0.006661,0,0,0,0,0,0,0,0,0,0,0,0
0.004678,0.004458,0.008725,0,0,0,0,0,0,0,0,0,0,0,0
0.004435,0.004926,0.007082,0,0,0,0,0,0,0,0,0,0,0,0
0.007091,0.004766,0.006161,0,0,0,0,0,0,0,0,0,0,0,0
0.008409,0.004659,0.005745,0,0,0,0,0,0,0,0,0,0,0,0
0.006946,0.004457,0.004897,0,0,0,0,0,0,0,0,0,0,0,0
0.005658,0.004615,0.004777,0,0,0,0,0,0,0,0,0,0,0,0
0.005473,0.005178,0.004796,0,0,0,0,0,0,0,0,0,0,0,0
0.004757,0.004274,0.004726,0,0,0,0,0,0,0,0,0,0,0,0
0.00475,0.004636,0.004645,0,0,0,0,0,0,0,0,0,0,0,0
0.004694,0.004613,0.004534,0,0,0,0,0,0,0,0,0,0,0,0
0.004456,0.0046,0.004472,0,0,0,0,0,0,0,0,0,0,0,0
0.00464,0.004616,0.004295,0,0,0,0,0,0,0,0,0,0,0,0
0.004578,0.004531,0.004337,0,0,0,0,0,0,0,0,0,0,0,0
0.004503,0.004748,0.004484,0,0,0,0,0,0,0,0,0,0,0,0
0.004452,0.004405,0.004418,0,0,0,0,0,0,0,0,0,0,0,0
0.004634,0.00441,0.006761,0,0,0,0,0,0,0,0,0,0,0,0
0.004467,0.00441,0.008191,0,0,0,0,0,0,0,0,0,0,0,0
0.004437,0.00457,0.007339,0,0,0,0,0,0,0,0,0,0,0,0
0.004417,0.004472,0.005745,0,0,0,0,0,0,0,0,0,0,0,0
0.004423,0.004361,0.005231,0,0,0,0,0,0,0,0,0,0,0,0
0.004386,0.004919,0.004686,0,0,0,0,0,0,0,0,0,0,0,0
0.004473,0.004285,0.004633,0,0,0,0,0,0,0,0,0,0,0,0
0.004482,0.004529,0.004531,0,0,0,0,0,0,0,0,0,0,0,0
0.004453,0.004564,0.004417,0,0,0,0,0,0,0,0,0,0,0,0
0.004531,0.006971,0.00449,0,0,0,0,0,0,0,0,0,0,0,0
0.004539,0.00807,0.00465,0,0,0,0,0,0,0,0,0,0,0,0
0.004359,0.007102,0.004354,0,0,0,0,0,0,0,0,0,0,0,0
0.005412,0.006437,0.004872,0,0,0,0,0,0,0,0,0,0,0,0
0.004514,0.005787,0.004264,0,0,0,0,0,0,0,0,0,0,0,0
0.004373,0.0049,0.004362,0,0,0,0,0,0,0,0,0,0,0,0
0.004576,0.004584,0.005153,0,0,0,0,0,0,0,0,0,0,0,0
0.004565,0.004409,0.004183,0,0,0,0,0,0,0,0,0,0,0,0
0.004473,0.004171,0.004244,0,0,0,0,0,0,0,0,0,0,0,0
0.00437,0.004226,0.004199,0,0,0,0,0,0,0,0,0,0,0,0
0.004192,0.004465,0.004909,0,0,0,0,0,0,0,0,0,0,0,0
0.004224,0.004725,0.004195,0,0,0,0,0,0,0,0,0,0,0,0
0.004325,0.004227,0.004256,0,0,0,0,0,0,0,0,0,0,0,0
0.004214,0.00425,0.004109,0,0,0,0,0,0,0,0,0,0,0,0
0.00458,0.004315,0.004193,0,0,0,0,0,0,0,0,0,0,0,0
0.00438,0.004793,0.004111,0,0,0,0,0,0,0,0,0,0,0,0
NaN,NaN,NaN,0,0,0,0,0,0,0,0,0,0,0,0
NaN,NaN,NaN,0,0,0,0,0,0,0,0,0,0,0,0
NaN,NaN,NaN,0,0,0,0,0,0,0,0,0,0,0,0
NaN,NaN,NaN,0,0,0,0,0,0,0,0,0,0,0,0
3.3e-05,4.5e-05,4.7e-05,0,0,0,0,0,0,0,0,0,0,0,0
0.22147,0.22675,0.22927,0,0,0,0,0,0,0,0,0,0,0,0
0.004372,0.00458,0.004354,0,0,0,0,0,0,0,0,0,0,0,0
0.004634,0.00406,0.004049,0,0,0,0,0,0,0,0,0,0,0,0
0.004056,0.004249,0.004605,0,0,0,0,0,0,0,0,0,0,0,0
0.004497,0.00795,0.004093,0,0,0,0,0,0,0,0,0,0,0,0
0.004264,0.007106,0.004165,0,0,0,0,0,0,0,0,0,0,0,0
0.004735,0.006948,0.004159,0,0,0,0,0,0,0,0,0,0,0,0
0.004141,0.005317,0.004838,0,0,0,0,0,0,0,0,0,0,0,0
0.00419,0.004747,0.004134,0,0,0,0,0,0,0,0,0,0,0,0
0.004145,0.004563,0.004242,0,0,0,0,0,0,0,0,0,0,0,0
0.00438,0.004436,0.004472,0,0,0,0,0,0,0,0,0,0,0,0
0.004234,0.004689,0.00468,0,0,0,0,0,0,0,0,0,0,0,0
0.004308,0.004263,0.004198,0,0,0,0,0,0,0,0,0,0,0,0
0.004294,0.004204,0.00427,0,0,0,0,0,0,0,0,0,0,0,0
0.004955,0.004408,0.004491,0,0,0,0,0,0,0,0,0,0,0,0
0.004518,0.004682,0.004374,0,0,0,0,0,0,0,0,0,0,0,0
0.004403,0.004519,0.00432,0,0,0,0,0,0,0,0,0,0,0,0
NaN,NaN,NaN,0,0,0,0,0,0,0,0,0,0,0,0
NaN,NaN,NaN,0,0,0,0,0,0,0,0,0,0,0,0
NaN,NaN,NaN,0,0,0,0,0,0,0,0,0,0,0,0
NaN,NaN,NaN,0,0,0,0,0,0,0,0,0,0,0,0
0.000174,0.000297,0.000109,0,0,0,0,0,0,0,0,0,0,0,0
0.22757,0.2163,0.22559,0,0,0,0,0,0,0,0,0,0,0,0
0.004778,0.005283,0.004767,0,0,0,0,0,0,0,0,0,0,0,0
0.00454,0.004912,0.004526,0,0,0,0,0,0,0,0,0,0,0,0
0.004528,0.006322,0.004463,0,0,0,0,0,0,0,0,0,0,0,0
0.004552,0.004572,0.004666,0,0,0,0,0,0,0,0,0,0,0,0
0.004849,0.004546,0.005074,0,0,0,0,0,0,0,0,0,0,0,0
0.004565,0.004514,0.004584,0,0,0,0,0,0,0,0,0,0,0,0
0.004648,0.004573,0.0046,0,0,0,0,0,0,0,0,0,0,0,0
0.004856,0.004822,0.004829,0,0,0,0,0,0,0,0,0,0,0,0
0.00456,0.005755,0.004977,0,0,0,0,0,0,0,0,0,0,0,0
NaN,NaN,NaN,0,0,0,0,0,0,0,0,0,0,0,0
NaN,NaN,NaN,0,0,0,0,0,0,0,0,0,0,0,0
NaN,NaN,NaN,0,0,0,0,0,0,0,0,0,0,0,0
NaN,NaN,NaN,0,0,0,0,0,0,0,0,0,0,0,0
0.000171,0.000176,0.000163,0,0,0,0,0,0,0,0,0,0,0,0
0.21813,0.23601,0.22131,0,0,0,0,0,0,0,0,0,0,0,0
0.004916,0.00486,0.005102,0,0,0,0,0,0,0,0,0,0,0,0
0.004713,0.004689,0.00475,0,0,0,0,0,0,0,0,0,0,0,0
0.004532,0.00463,0.004652,0,0,0,0,0,0,0,0,0,0,0,0
0.007386,0.005387,0.004523,0,0,0,0,0,0,0,0,0,0,0,0
0.008906,0.004668,0.004702,0,0,0,0,0,0,0,0,0,0,0,0
0.007052,0.004819,0.004585,0,0,0,0,0,0,0,0,0,0,0,0
0.006468,0.004963,0.004647,0,0,0,0,0,0,0,0,0,0,0,0
0.005846,0.004724,0.004847,0,0,0,0,0,0,0,0,0,0,0,0
0.005167,0.004857,0.004834,0,0,0,0,0,0,0,0,0,0,0,0
0.004971,0.004687,0.004546,0,0,0,0,0,0,0,0,0,0,0,0
0.005046,0.005374,0.004812,0,0,0,0,0,0,0,0,0,0,0,0
0.005059,0.00514,0.005235,0,0,0,0,0,0,0,0,0,0,0,0
0.004757,0.004806,0.004863,0,0,0,0,0,0,0,0,0,0,0,0
0.005395,0.005349,0.005025,0,0,0,0,0,0,0,0,0,0,0,0
0.004861,0.005144,0.005816,0,0,0,0,0,0,0,0,0,0,0,0
0.005425,0.005113,0.00517,0,0,0,0,0,0,0,0,0,0,0,0
0.004866,0.00512,0.004993,0,0,0,0,0,0,0,0,0,0,0,0
0.004673,0.005145,0.004862,0,0,0,0,0,0,0,0,0,0,0,0
0.004669,0.004869,0.004651,0,0,0,0,0,0,0,0,0,0,0,0
0.00471,0.00486,0.004861,0,0,0,0,0,0,0,0,0,0,0,0
0.004766,0.004738,0.00494,0,0,0,0,0,0,0,0,0,0,0,0
0.004687,0.005142,0.004832,0,0,0,0,0,0,0,0,0,0,0,0
0.004867,0.004711,0.004622,0,0,0,0,0,0,0,0,0,0,0,0
0.005312,0.00482,0.005212,0,0,0,0,0,0,0,0,0,0,0,0
0.004899,0.004754,0.004693,0,0,0,0,0,0,0,0,0,0,0,0
0.00542,0.005391,0.004991,0,0,0,0,0,0,0,0,0,0,0,0
0.00474,0.004875,0.004786,0,0,0,0,0,0,0,0,0,0,0,0
0.004683,0.005239,0.004858,0,0,0,0,0,0,0,0,0,0,0,0
0.004786,0.005118,0.005231,0,0,0,0,0,0,0,0,0,0,0,0
0.004758,0.004805,0.004854,0,0,0,0,0,0,0,0,0,0,0,0
0.004742,0.004635,0.004686,0,0,0,0,0,0,0,0,0,0,0,0
0.006028,0.004709,0.004663,0,0,0,0,0,0,0,0,0,0,0,0
0.004924,0.004934,0.005659,0,0,0,0,0,0,0,0,0,0,0,0
0.005483,0.004708,0.005067,0,0,0,0,0,0,0,0,0,0,0,0
0.005484,0.004753,0.004877,0,0,0,0,0,0,0,0,0,0,0,0
0.00498,0.005481,0.004786,0,0,0,0,0,0,0,0,0,0,0,0
0.004724,0.004837,0.004682,0,0,0,0,0,0,0,0,0,0,0,0
0.005474,0.004657,0.004768,0,0,0,0,0,0,0,0,0,0,0,0
0.00484,0.004588,0.005137,0,0,0,0,0,0,0,0,0,0,0,0
0.005047,0.004804,0.004803,0,0,0,0,0,0,0,0,0,0,0,0
0.005058,0.00475,0.00471,0,0,0,0,0,0,0,0,0,0,0,0
0.004567,0.004642,0.007414,0,0,0,0,0,0,0,0,0,0,0,0
0.004684,0.004751,0.00868,0,0,0,0,0,0,0,0,0,0,0,0
0.004985,0.004786,0.007434,0,0,0,0,0,0,0,0,0,0,0,0
0.004763,0.004717,0.006517,0,0,0,0,0,0,0,0,0,0,0,0
0.004585,0.00481,0.005544,0,0,0,0,0,0,0,0,0,0,0,0
0.00487,0.005479,0.00529,0,0,0,0,0,0,0,0,0,0,0,0
0.00466,0.004816,0.004806,0,0,0,0,0,0,0,0,0,0,0,0
0.004685,0.004705,0.004851,0,0,0,0,0,0,0,0,0,0,0,0
0.004751,0.004932,0.005269,0,0,0,0,0,0,0,0,0,0,0,0
NaN,NaN,NaN,0,0,0,0,0,0,0,0,0,0,0,0
NaN,NaN,NaN,0,0,0,0,0,0,0,0,0,0,0,0
NaN,NaN,NaN,0,0,0,0,0,0,0,0,0,0,0,0
NaN,NaN,NaN,0,0,0,0,0,0,0,0,0,0,0,0
0.000166,0.000304,0.00016,0,0,0,0,0,0,0,0,0,0,0,0
0.22955,0.57658,0.23021,0,0,0,0,0,0,0,0,0,0,0,0
0.004744,0.006089,0.004678,0,0,0,0,0,0,0,0,0,0,0,0
0.004192,0.004859,0.004239,0,0,0,0,0,0,0,0,0,0,0,0
0.004254,0.004467,0.004198,0,0,0,0,0,0,0,0,0,0,0,0
0.004253,0.004672,0.004196,0,0,0,0,0,0,0,0,0,0,0,0
0.006429,0.004538,0.004472,0,0,0,0,0,0,0,0,0,0,0,0
0.008047,0.004176,0.004212,0,0,0,0,0,0,0,0,0,0,0,0
0.007286,0.005488,0.004302,0,0,0,0,0,0,0,0,0,0,0,0
0.006383,0.004475,0.004179,0,0,0,0,0,0,0,0,0,0,0,0
0.005152,0.004161,0.004302,0,0,0,0,0,0,0,0,0,0,0,0
0.004966,0.005304,0.004165,0,0,0,0,0,0,0,0,0,0,0,0
0.004464,0.004873,0.004191,0,0,0,0,0,0,0,0,0,0,0,0
0.004377,0.004294,0.004175,0,0,0,0,0,0,0,0,0,0,0,0
0.004503,0.004488,0.004174,0,0,0,0,0,0,0,0,0,0,0,0
0.005966,0.004612,0.006465,0,0,0,0,0,0,0,0,0,0,0,0
0.007693,0.004086,0.008133,0,0,0,0,0,0,0,0,0,0,0,0
0.006742,0.004327,0.006893,0,0,0,0,0,0,0,0,0,0,0,0
0.005726,0.004959,0.006025,0,0,0,0,0,0,0,0,0,0,0,0
0.00526,0.004286,0.005073,0,0,0,0,0,0,0,0,0,0,0,0
0.004659,0.004359,0.004876,0,0,0,0,0,0,0,0,0,0,0,0
0.004581,0.004534,0.004637,0,0,0,0,0,0,0,0,0,0,0,0
0.004269,0.004283,0.004508,0,0,0,0,0,0,0,0,0,0,0,0
0.004253,0.004453,0.004731,0,0,0,0,0,0,0,0,0,0,0,0
0.004429,0.005276,0.004286,0,0,0,0,0,0,0,0,0,0,0,0
0.004525,0.004916,0.004223,0,0,0,0,0,0,0,0,0,0,0,0
0.004198,0.004186,0.004296,0,0,0,0,0,0,0,0,0,0,0,0
0.00468,0.004452,0.00463,0,0,0,0,0,0,0,0,0,0,0,0
0.004241,0.00504,0.004252,0,0,0,0,0,0,0,0,0,0,0,0
0.004338,0.004281,0.004779,0,0,0,0,0,0,0,0,0,0,0,0
0.006899,0.004559,0.006508,0,0,0,0,0,0,0,0,0,0,0,0
0.008409,0.005596,0.007806,0,0,0,0,0,0,0,0,0,0,0,0
0.007052,0.005444,0.007013,0,0,0,0,0,0,0,0,0,0,0,0
0.006007,0.004994,0.005962,0,0,0,0,0,0,0,0,0,0,0,0
0.005306,0.004286,0.005334,0,0,0,0,0,0,0,0,0,0,0,0
0.004766,0.004302,0.004964,0,0,0,0,0,0,0,0,0,0,0,0
0.004611,0.004809,0.004539,0,0,0,0,0,0,0,0,0,0,0,0
NaN,NaN,NaN,0,0,0,0,0,0,0,0,0,0,0,0
NaN,NaN,NaN,0,0,0,0,0,0,0,0,0,0,0,0
NaN,NaN,NaN,0,0,0,0,0,0,0,0,0,0,0,0
NaN,NaN,NaN,0,0,0,0,0,0,0,0,0,0,0,0
0.000183,0.00022,0.000106,0,0,0,0,0,0,0,0,0,0,0,0
0.2234,0.24526,0.22056,0,0,0,0,0,0,0,0,0,0,0,0
0.004552,0.004625,0.004529,0,0,0,0,0,0,0,0,0,0,0,0
0.004285,0.004306,0.004384,0,0,0,0,0,0,0,0,0,0,0,0
0.004801,0.004656,0.004521,0,0,0,0,0,0,0,0,0,0,0,0
0.004096,0.004284,0.004886,0,0,0,0,0,0,0,0,0,0,0,0
0.004338,0.004322,0.005019,0,0,0,0,0,0,0,0,0,0,0,0
0.004524,0.004325,0.004764,0,0,0,0,0,0,0,0,0,0,0,0
NaN,NaN,NaN,0,0,0,0,0,0,0,0,0,0,0,0
NaN,NaN,NaN,0,0,0,0,0,0,0,0,0,0,0,0
NaN,NaN,NaN,0,0,0,0,0,0,0,0,0,0,0,0
NaN,NaN,NaN,0,0,0,0,0,0,0,0,0,0,0,0
0.000183,0.000152,0.000158,0,0,0,0,0,0,0,0,0,0,0,0
0.22325,0.22639,0.22037,0,0,0,0,0,0,0,0,0,0,0,0
0.004237,0.004278,0.004194,0,0,0,0,0,0,0,0,0,0,0,0
0.003858,0.003747,0.004131,0,0,0,0,0,0,0,0,0,0,0,0
0.004033,0.003876,0.003913,0,0,0,0,0,0,0,0,0,0,0,0
0.003891,0.004312,0.005622,0,0,0,0,0,0,0,0,0,0,0,0
0.003855,0.0039,0.007549,0,0,0,0,0,0,0,0,0,0,0,0
0.003903,0.00391,0.006671,0,0,0,0,0,0,0,0,0,0,0,0
0.004038,0.004014,0.005966,0,0,0,0,0,0,0,0,0,0,0,0
0.004036,0.003892,0.004527,0,0,0,0,0,0,0,0,0,0,0,0
0.003955,0.00399,0.004675,0,0,0,0,0,0,0,0,0,0,0,0
0.004546,0.004284,0.004093,0,0,0,0,0,0,0,0,0,0,0,0
0.00406,0.003864,0.004659,0,0,0,0,0,0,0,0,0,0,0,0
0.003962,0.004186,0.00416,0,0,0,0,0,0,0,0,0,0,0,0
0.003905,0.003951,0.004287,0,0,0,0,0,0,0,0,0,0,0,0
0.004592,0.004118,0.00385,0,0,0,0,0,0,0,0,0,0,0,0
0.004058,0.003867,0.003831,0,0,0,0,0,0,0,0,0,0,0,0
0.004022,0.0044,0.004057,0,0,0,0,0,0,0,0,0,0,0,0
0.003912,0.004054,0.004003,0,0,0,0,0,0,0,0,0,0,0,0
0.005267,0.00385,0.00388,0,0,0,0,0,0,0,0,0,0,0,0
0.007402,0.004337,0.00403,0,0,0,0,0,0,0,0,0,0,0,0
0.006592,0.007739,0.003951,0,0,0,0,0,0,0,0,0,0,0,0
0.005925,0.007576,0.004267,0,0,0,0,0,0,0,0,0,0,0,0
0.005046,0.00715,0.004776,0,0,0,0,0,0,0,0,0,0,0,0
0.004915,0.006209,0.004694,0,0,0,0,0,0,0,0,0,0,0,0
0.004362,0.005101,0.004601,0,0,0,0,0,0,0,0,0,0,0,0
0.004481,0.004856,0.004604,0,0,0,0,0,0,0,0,0,0,0,0
0.004018,0.004514,0.004293,0,0,0,0,0,0,0,0,0,0,0,0
0.004713,0.004239,0.003955,0,0,0,0,0,0,0,0,0,0,0,0
0.003961,0.004325,0.004282,0,0,0,0,0,0,0,0,0,0,0,0
0.003879,0.004038,0.003932,0,0,0,0,0,0,0,0,0,0,0,0
0.003945,0.003795,0.004417,0,0,0,0,0,0,0,0,0,0,0,0
0.003978,0.004011,0.003929,0,0,0,0,0,0,0,0,0,0,0,0
0.004162,0.003857,0.004012,0,0,0,0,0,0,0,0,0,0,0,0
0.003752,0.004797,0.004045,0,0,0,0,0,0,0,0,0,0,0,0
0.004051,0.005529,0.003988,0,0,0,0,0,0,0,0,0,0,0,0
0.004799,0.00395,0.004689,0,0,0,0,0,0,0,0,0,0,0,0
0.004012,0.004244,0.00386,0,0,0,0,0,0,0,0,0,0,0,0
0.00444,0.004119,0.00453,0,0,0,0,0,0,0,0,0,0,0,0
0.004366,0.003919,0.004288,0,0,0,0,0,0,0,0,0,0,0,0
0.004317,0.003836,0.00455,0,0,0,0,0,0,0,0,0,0,0,0
0.00424,0.004097,0.00402,0,0,0,0,0,0,0,0,0,0,0,0
0.006464,0.004136,0.008212,0,0,0,0,0,0,0,0,0,0,0,0
0.007514,0.004097,0.00773,0,0,0,0,0,0,0,0,0,0,0,0
0.006321,0.003924,0.006759,0,0,0,0,0,0,0,0,0,0,0,0
0.006068,0.003871,0.005274,0,0,0,0,0,0,0,0,0,0,0,0
0.00495,0.003887,0.004179,0,0,0,0,0,0,0,0,0,0,0,0
0.004629,0.003979,0.004299,0,0,0,0,0,0,0,0,0,0,0,0
NaN,NaN,NaN,0,0,0,0,0,0,0,0,0,0,0,0
NaN,NaN,NaN,0,0,0,0,0,0,0,0,0,0,0,0
NaN,NaN,NaN,0,0,0,0,0,0,0,0,0,0,0,0
NaN,NaN,NaN,0,0,0,0,0,0,0,0,0,0,0,0
0.000195,0.000256,0.000173,0,0,0,0,0,0,0,0,0,0,0,0
0.23527,0.24602,0.22184,0,0,0,0,0,0,0,0,0,0,0,0
0.003671,0.004935,0.003941,0,0,0,0,0,0,0,0,0,0,0,0
0.003418,0.0071,0.003612,0,0,0,0,0,0,0,0,0,0,0,0
0.003466,0.005558,0.003337,0,0,0,0,0,0,0,0,0,0,0,0
0.00345,0.005025,0.003312,0,0,0,0,0,0,0,0,0,0,0,0
0.003512,0.004468,0.003423,0,0,0,0,0,0,0,0,0,0,0,0
0.003475,0.004269,0.003466,0,0,0,0,0,0,0,0,0,0,0,0
0.003516,0.003843,0.00333,0,0,0,0,0,0,0,0,0,0,0,0
0.003585,0.004299,0.003513,0,0,0,0,0,0,0,0,0,0,0,0
0.003409,0.003575,0.003476,0,0,0,0,0,0,0,0,0,0,0,0
0.003551,0.003493,0.003437,0,0,0,0,0,0,0,0,0,0,0,0
0.004079,0.003536,0.003353,0,0,0,0,0,0,0,0,0,0,0,0
0.003491,0.003561,0.003367,0,0,0,0,0,0,0,0,0,0,0,0
0.003494,0.003508,0.003502,0,0,0,0,0,0,0,0,0,0,0,0
0.003301,0.003407,0.003471,0,0,0,0,0,0,0,0,0,0,0,0
0.003447,0.003552,0.003453,0,0,0,0,0,0,0,0,0,0,0,0
0.003446,0.003481,0.003361,0,0,0,0,0,0,0,0,0,0,0,0
0.00344,0.003505,0.003422,0,0,0,0,0,0,0,0,0,0,0,0
0.003394,0.003518,0.003407,0,0,0,0,0,0,0,0,0,0,0,0
0.003456,0.004909,0.003481,0,0,0,0,0,0,0,0,0,0,0,0
0.003476,0.005299,0.00339,0,0,0,0,0,0,0,0,0,0,0,0
0.003418,0.006603,0.003401,0,0,0,0,0,0,0,0,0,0,0,0
0.003419,0.005936,0.003443,0,0,0,0,0,0,0,0,0,0,0,0
0.003312,0.004852,0.003522,0,0,0,0,0,0,0,0,0,0,0,0
0.003522,0.00486,0.003498,0,0,0,0,0,0,0,0,0,0,0,0
0.003747,0.004429,0.003489,0,0,0,0,0,0,0,0,0,0,0,0
0.003602,0.005204,0.003567,0,0,0,0,0,0,0,0,0,0,0,0
0.003931,0.005558,0.003769,0,0,0,0,0,0,0,0,0,0,0,0
0.004398,0.004179,0.003695,0,0,0,0,0,0,0,0,0,0,0,0
0.004316,0.003642,0.00354,0,0,0,0,0,0,0,0,0,0,0,0
0.003699,0.004702,0.003761,0,0,0,0,0,0,0,0,0,0,0,0
0.003839,0.003876,0.003751,0,0,0,0,0,0,0,0,0,0,0,0
0.003769,0.004383,0.003873,0,0,0,0,0,0,0,0,0,0,0,0
0.003365,0.006284,0.003651,0,0,0,0,0,0,0,0,0,0,0,0
0.003454,0.005745,0.003737,0,0,0,0,0,0,0,0,0,0,0,0
0.003415,0.00523,0.00388,0,0,0,0,0,0,0,0,0,0,0,0
0.003377,0.005042,0.003361,0,0,0,0,0,0,0,0,0,0,0,0
0.003279,0.004182,0.003372,0,0,0,0,0,0,0,0,0,0,0,0
0.003385,0.003745,0.003407,0,0,0,0,0,0,0,0,0,0,0,0
0.003552,0.003631,0.003335,0,0,0,0,0,0,0,0,0,0,0,0
0.003354,0.003692,0.003527,0,0,0,0,0,0,0,0,0,0,0,0
0.003276,0.003421,0.006484,0,0,0,0,0,0,0,0,0,0,0,0
0.003283,0.003338,0.006178,0,0,0,0,0,0,0,0,0,0,0,0
0.003381,0.003308,0.005609,0,0,0,0,0,0,0,0,0,0,0,0
