0.995
0.15762
0.09033
0.073289
0.11006
NaN
NaN
0.090138
0.060411
NaN
0.059169
0.058714
0.037498
0.035722
0.035484
0.037777
0.036779
0.062046
0.034615
0.03387
0.034069
0.03336
0.034251
0.052607
0.038721
0.034811
0.035227
0.039267
0.033857
0.050574
0.046446
0.03636
0.034694
0.043225
0.039673
0.074685
NaN
0.037673
0.040978
0.033797
0.035409
0.033672
0.05152
0.04205
0.044063
0.040195
0.035783
0.040121
0.056652
0.037366
0.035489
0.038552
0.037291
0.034964
0.055497
0.035207
0.034314
0.03579
0.043115
0.035828
0.058942
0.039446
0.035692
0.036016
0.042969
0.033568
0.052168
0.034871
0.03401
0.033877
0.034524
0.034056
0.053582
0.035927
0.036408
0.033818
0.03569
0.039122
0.060606
NaN
0.033823
0.035097
0.035061
0.035056
0.034247
0.053719
0.035525
0.035282
0.035604
0.035205
0.034972
0.049317
0.036442
0.034462
0.034346
0.034515
0.035286
0.049497
0.03353
0.034417
0.034821
0.036295
0.03512
0.051206
0.035797
0.042641
0.035107
0.034201
0.034296
0.050958
0.037985
0.034584
0.033755
0.034781
0.034801
0.051528
0.035795
0.035544
0.03516
0.032585
0.034315
0.058958
0.047788
0.035206
0.035297
0.0349
0.03505
0.057344
0.046169
0.035714
0.035929
0.03491
0.035717
0.050657
0.033439
0.034155
0.036486
0.035004
0.037648
0.060385
0.034038
0.033803
0.037643
0.033913
0.034951
0.055758
0.035339
0.034957
0.034952
0.034869
0.034521
0.055503
NaN
NaN
NaN
NaN
NaN
1.0383
0.15365
0.089127
0.075834
NaN
0.10322
NaN
0.083203
0.06156
0.058053
NaN
0.056635
0.038728
0.037073
0.034579
0.034516
0.034819
0.055843
0.042398
0.034687
0.039757
0.047591
0.034338
0.054926
0.034084
0.046058
0.036668
0.035476
0.035466
0.059825
0.034898
0.039539
0.052662
0.052499
0.040503
0.063955
NaN
0.041885
0.040291
0.03536
0.039642
0.035244
0.053795
0.034576
0.036139
0.033628
0.034258
0.036174
0.059938
0.035545
0.040515
0.03849
0.034834
0.036046
0.056672
0.03508
0.034311
0.039326
0.03618
0.046419
0.067923
0.043194
0.039612
0.035139
0.035215
0.035308
0.056765
0.039838
0.036293
0.034659
0.033995
0.035242
0.061126
NaN
0.035387
0.034508
0.039505
0.035072
0.050458
0.05827
0.034831
0.034906
0.034157
0.033558
0.034987
0.052734
0.035136
0.035353
0.035565
0.035034
0.042771
0.053242
0.03457
0.05133
0.041806
0.034076
0.033882
0.051966
0.03491
0.034332
0.033351
0.034538
0.033306
0.067176
0.039147
0.034991
0.034047
0.049498
0.038106
0.052939
0.03459
0.050633
0.034418
0.033862
0.034755
0.052594
NaN
0.04019
0.034796
0.034845
0.035887
0.034598
0.052919
0.034704
0.034426
0.034206
0.033775
NaN
NaN
NaN
NaN
1.1092
0.15619
0.093567
0.079124
NaN
0.10195
NaN
0.084938
0.056906
0.059048
NaN
0.055113
0.034915
0.034991
0.035291
0.036118
0.040012
0.054944
0.036258
0.034389
0.035058
0.03462
0.049315
0.053936
0.034524
0.034277
0.034816
0.035042
0.041221
0.053757
0.043397
0.034709
0.036299
0.058234
0.050715
0.062991
0.037649
