0.000121
0.224
0.011418
0.010636
0.007946
0.006061
0.006291
0.005396
0.00533
0.005607
0.005389
0.005932
0.005494
0.005435
0.005248
0.005697
0.005465
0.005507
0.005464
0.005676
0.005192
0.005592
0.005731
0.005682
0.005302
0.005278
0.005307
0.005794
0.005315
0.006169
0.011462
0.008903
0.006957
0.00621
0.005566
0.005602
0.005628
0.005733
0.005403
0.005373
0.005475
0.005503
0.005318
0.005847
0.005842
0.005074
0.005557
0.005428
0.005551
0.005264
0.005266
0.005638
0.00561
0.005674
0.005236
0.005867
0.005188
0.005885
0.005278
0.00592
0.005398
0.00556
0.005275
0.005882
0.005296
0.005901
0.005346
0.005641
0.005323
0.005777
0.005273
0.005892
0.005198
0.005814
0.005351
0.005781
0.005222
0.005818
0.005352
0.007588
0.006285
0.006211
0.011724
0.009004
0.006909
0.005813
0.005816
0.005696
0.005607
0.005767
0.005563
0.00556
0.005404
0.005546
0.005275
0.005827
0.005482
0.005526
0.005262
0.005703
0.00537
0.005585
0.005237
0.005248
0.005153
