0.000123
0.21581
0.00386
0.003677
0.003631
0.003382
0.003742
0.00331
0.003453
0.003779
0.003244
0.003624
0.00353
0.003488
0.003937
0.003352
0.003323
0.003463
0.003537
0.003462
0.003623
0.003311
0.003614
0.003465
0.004094
0.003919
0.00392
0.00357
0.003544
0.003929
0.003488
0.003422
0.003229
0.003277
0.003589
0.003209
0.003718
0.007056
0.005604
0.005113
0.004185
0.004137
0.00364
0.003747
0.003489
0.003152
0.003364
0.003395
0.003268
0.0033
0.003361
0.003538
0.003603
0.003208
0.003033
0.003368
0.003854
0.003215
0.00363
0.003328
0.0039
0.00315
0.00381
0.003394
0.004245
0.006369
0.005892
0.004887
0.00456
0.003877
0.003845
0.003409
0.003493
0.003434
0.003174
0.003183
0.004466
0.006648
0.005893
0.005203
0.004709
0.004153
0.003731
0.003623
0.003079
0.003142
0.003357
0.005481
0.003054
0.002948
0.002993
0.003209
0.003285
0.003282
0.003256
0.003213
0.003461
0.003314
0.003408
0.003644
0.003443
0.003537
0.003443
0.003666
0.003456
0.003714
0.006254
0.00628
0.005591
0.007443
0.006167
0.005279
0.005128
0.004422
0.004508
0.004652
0.006389
0.006364
0.005495
0.004872
0.003899
0.00418
0.00354
0.003413
0.003531
0.003314
0.00315
0.003179
0.003301
0.004443
0.004416
0.004221
0.003648
0.003301
0.003634
0.003542
0.003715
0.003463
0.003575
0.003309
0.003437
0.003767
0.003589
0.00331
0.003376
0.003893
0.003302
0.003621
0.003575
0.003595
0.003736
0.003232
0.003667
0.003857
0.003812
0.003554
0.003481
0.003273
0.003226
0.003625
0.003475
0.003533
0.004093
0.006396
0.005814
0.006371
0.004678
0.004758
0.006428
0.005897
0.005414
0.005168
0.004734
0.003972
0.0037
0.003451
0.003489
0.00317
0.003265
0.003322
0.003283
0.003467
0.003352
0.003433
0.003222
0.003329
0.003974
0.006601
0.005794
0.005457
0.004278
0.003803
0.003797
0.003318
0.003273
0.003899
0.006759
0.006429
0.005921
0.00596
0.004261
0.005494
0.003786
0.004154
0.00438
0.006236
0.005937
0.006296
0.005035
0.00426
0.003949
0.004516
0.003289
0.004415
0.006477
0.005393
0.0052
0.004328
0.003943
0.003736
0.003359
0.003428
0.003255
0.003718
0.003351
0.003564
0.003734
0.003327
0.003429
0.003682
0.003488
0.003648
0.003444
0.003434
0.003583
0.003643
0.004297
0.003266
0.003258
0.003224
0.004337
0.00656
0.006264
0.005163
0.005038
0.003933
0.003903
0.003716
0.003527
0.003482
0.003139
0.003256
0.003235
0.003357
0.003307
0.003329
0.003349
0.003303
0.003215
0.003295
0.003291
0.003707
0.003466
0.003639
0.004066
0.00384
0.004501
0.006237
0.006226
0.005269
0.004921
0.004708
0.004552
0.005527
0.005379
0.005435
0.00424
0.003952
0.003742
0.003559
0.003453
0.00344
0.003776
0.003251
0.003707
0.00364
0.003331
0.004149
0.006312
0.005996
0.006575
0.006237
0.005825
0.005
0.004614
0.004758
0.003831
0.003664
0.003673
0.00375
0.003311
0.003196
0.003177
0.003089
0.003328
0.003114
0.00347
0.003666
0.003589
0.003403
0.00324
0.003246
0.004591
0.006979
0.007712
0.005578
0.004954
0.004044
0.004445
0.004871
0.004503
0.003539
0.003056
0.00376
0.003476
0.003424
0.003444
0.003679
0.003612
0.003649
0.003466
0.003926
0.006378
0.006302
0.005583
0.005186
0.004274
0.004796
0.003733
0.003634
0.003727
0.003221
0.003552
0.003687
0.003418
0.004165
0.006487
0.0056
0.005915
0.004737
0.004481
0.003666
0.003691
0.003491
0.003284
0.003389
0.003226
0.003268
0.003344
0.003333
0.00347
0.0036
0.003541
0.003419
0.003267
