0.000149
0.21981
0.001042
0.000933
0.000913
0.000907
0.001144
0.000915
0.00085
0.000854
0.000905
0.000852
0.000926
0.000903
0.000952
0.000962
0.001026
0.000932
0.000985
0.001012
0.000984
0.000969
0.001008
0.000977
0.00103
0.000964
0.000879
0.000894
0.0009
0.000858
0.000952
0.001004
0.000976
0.000981
0.001062
0.00097
0.001041
0.001186
0.001009
0.001045
0.001089
0.000915
0.001114
0.001592
0.001398
0.001017
0.000999
0.001064
0.000981
0.001005
0.001047
0.001001
0.001012
0.0012
0.001018
0.000992
0.001053
0.001038
0.001022
0.001054
0.001038
0.000975
0.001047
0.001119
0.001023
0.001165
0.001058
0.000964
0.001021
0.000945
0.000968
0.001107
0.000996
0.000939
0.00105
0.001088
0.00105
0.001065
0.001088
0.001174
0.000972
0.001066
0.00106
0.000975
0.001046
0.001146
0.001003
0.001
0.001038
0.001061
0.001049
0.001244
0.000971
0.000977
0.001002
0.00098
0.001125
0.001078
0.001035
0.001149
0.001024
0.001067
0.000928
0.000894
0.000897
0.001053
0.001034
0.00098
0.001104
0.000915
0.000949
0.000917
0.000952
0.001064
0.00094
0.001049
0.001015
0.001028
0.001014
0.000994
0.001025
0.000965
0.000973
0.000945
0.000956
0.000949
0.000934
0.00117
0.000913
0.000966
0.001087
0.001031
0.001332
0.001093
0.00101
0.001242
0.000958
0.000948
0.001178
0.001092
