0.99241
0.13623
0.061583
0.048844
0.078734
0.071382
0.036864
0.033602
0.044888
0.016077
0.020276
0.016097
0.014603
0.015048
0.035397
0.015439
0.024776
0.013922
0.014768
0.015283
0.032028
0.021397
0.013645
0.015075
0.014156
0.013949
0.033449
0.020376
0.014493
0.020941
0.022458
0.025439
0.039996
0.019516
0.026134
0.016006
0.016504
0.016004
0.035246
0.014352
0.015515
0.025143
0.015488
0.015934
0.037412
0.015403
0.015069
0.014874
0.01532
0.023912
0.038163
0.015638
0.017394
0.026533
0.02228
0.019757
0.043136
0.023734
0.015202
0.015779
0.015417
0.02828
0.042997
0.025201
0.042258
0.014226
0.013725
0.015434
0.034833
0.019973
0.016366
0.015488
0.014672
0.016416
0.035686
0.017267
0.015989
0.015567
0.015788
0.016228
0.03621
0.015244
0.03041
0.016057
0.015603
0.013928
0.03091
0.015224
0.014467
0.014144
0.014061
0.014459
0.037835
0.02706
0.015654
0.016452
0.017207
0.016101
0.038249
0.013986
0.019552
0.015013
0.014769
0.015072
0.030239
0.014701
0.015712
0.015524
0.014174
0.016592
0.03088
0.015992
0.015504
0.015506
0.015438
0.014895
0.030357
0.013894
0.014984
0.014014
0.018142
0.014557
0.029581
0.017188
0.01625
0.016162
0.014197
0.022653
0.029756
0.014464
0.014193
0.013831
0.013773
0.014974
0.028094
0.018847
0.014122
0.013459
0.012869
0.014418
0.029656
0.026902
0.014453
0.014679
0.013325
0.018512
0.032079
0.0153
0.015293
0.024031
0.014859
0.015333
0.041411
0.014409
0.014278
0.013504
0.014858
0.014943
0.03254
0.021016
0.024256
0.013839
0.014978
0.020005
0.031504
0.014884
0.014703
0.016301
0.015384
0.013915
0.033706
0.012694
0.015251
0.014742
0.014869
0.02237
0.035745
0.020935
0.01432
0.014544
0.014999
0.022061
0.03494
0.025966
0.014191
0.014772
0.015775
0.01522
0.030034
0.021245
0.0156
0.015365
0.014082
0.014006
0.030547
0.015654
0.01518
0.01537
0.018163
0.014244
0.030025
0.014715
0.0162
0.015512
0.015354
0.015433
0.030107
0.016084
0.015695
0.014516
0.014371
0.013722
0.029713
0.018767
0.014927
0.026337
0.014461
0.020948
0.028804
0.013034
0.014152
0.014381
0.014384
0.014473
0.030178
0.013539
0.01439
0.015538
0.01527
0.014005
0.034223
0.015049
0.014453
0.014352
0.014583
0.014932
0.028892
0.014559
0.014674
0.014421
0.013667
0.014881
0.029215
0.014418
0.014586
0.01502
0.016918
0.014283
0.029579
0.014115
0.014908
0.023292
0.015203
0.015773
0.030833
0.022929
0.014575
0.014688
0.017156
0.014902
0.029288
0.014243
0.014317
0.01446
0.013935
0.014888
0.029341
0.01477
0.015254
0.015122
0.015676
0.025459
0.037099
0.014974
0.01504
0.015696
0.015278
0.014801
0.036097
0.015544
0.016288
0.015094
0.014784
0.015347
0.045012
0.023974
0.014407
0.015664
0.013328
0.014408
0.029461
0.013612
0.013747
0.014
0.0142
0.014684
0.028878
0.020455
0.013648
0.015016
0.013265
0.01506
0.036649
0.017574
0.013657
0.014647
0.014198
0.015312
0.041774
0.014092
0.014947
0.023096
0.014733
0.014872
0.029597
0.014615
0.013961
0.024375
0.013663
0.013646
0.028843
0.014604
0.014034
0.01503
0.021252
0.015704
0.039006
0.015358
0.014146
0.013952
0.0135
0.01561
0.02926
0.014299
0.015013
0.014218
0.014154
0.014601
0.030925
0.021622
0.014517
0.013492
0.013457
0.012446
0.028577
0.013207
0.014488
0.014128
0.014654
0.015104
0.035776
0.016765
0.023358
0.024045
0.015739
0.015941
0.036663
0.015079
0.015761
0.014941
0.015811
0.014041
0.037909
0.014651
0.027621
0.018234
0.01481
0.015524
0.035355
0.015691
0.014497
0.014283
0.015144
0.014274
0.031687
0.013581
0.015208
