1
387.0000,473.0000,446.0000,473.0000,446.0000,536.0000,387.0000,536.0000
393.0000,469.0000,451.0000,469.0000,451.0000,530.0000,393.0000,530.0000
403.0000,462.0000,459.0000,462.0000,459.0000,523.0000,403.0000,523.0000
407.0000,457.0000,463.0000,457.0000,463.0000,518.0000,407.0000,518.0000
398.0000,459.0000,455.0000,459.0000,455.0000,519.0000,398.0000,519.0000
389.0000,462.0000,445.0000,462.0000,445.0000,523.0000,389.0000,523.0000
382.0000,467.0000,440.0000,467.0000,440.0000,528.0000,382.0000,528.0000
368.0000,477.0000,427.0000,477.0000,427.0000,540.0000,368.0000,540.0000
364.0000,488.0000,423.0000,488.0000,423.0000,551.0000,364.0000,551.0000
354.0000,531.0000,415.0000,531.0000,415.0000,597.0000,354.0000,597.0000
359.0000,530.0000,421.0000,530.0000,421.0000,595.0000,359.0000,595.0000
2
0
0
0
0
1
784.0000,421.0000,862.0000,421.0000,862.0000,462.0000,784.0000,462.0000
862.0000,403.0000,943.0000,403.0000,943.0000,444.0000,862.0000,444.0000
923.0000,384.0000,1003.0000,384.0000,1003.0000,425.0000,923.0000,425.0000
985.0000,376.0000,1065.0000,376.0000,1065.0000,418.0000,985.0000,418.0000
1038.0000,373.0000,1118.0000,373.0000,1118.0000,415.0000,1038.0000,415.0000
1096.0000,363.0000,1176.0000,363.0000,1176.0000,405.0000,1096.0000,405.0000
1149.0000,353.0000,1229.0000,353.0000,1229.0000,394.0000,1149.0000,394.0000
1205.0000,343.0000,1284.0000,343.0000,1284.0000,384.0000,1205.0000,384.0000
1254.0000,333.0000,1334.0000,333.0000,1334.0000,374.0000,1254.0000,374.0000
1304.0000,325.0000,1382.0000,325.0000,1382.0000,365.0000,1304.0000,365.0000
1350.0000,316.0000,1426.0000,316.0000,1426.0000,356.0000,1350.0000,356.0000
1392.0000,309.0000,1465.0000,309.0000,1465.0000,347.0000,1392.0000,347.0000
1433.0000,300.0000,1506.0000,300.0000,1506.0000,338.0000,1433.0000,338.0000
1470.0000,291.0000,1541.0000,291.0000,1541.0000,328.0000,1470.0000,328.0000
1499.0000,287.0000,1569.0000,287.0000,1569.0000,323.0000,1499.0000,323.0000
1491.0000,291.0000,1559.0000,291.0000,1559.0000,327.0000,1491.0000,327.0000
1494.0000,293.0000,1563.0000,293.0000,1563.0000,329.0000,1494.0000,329.0000
1521.0000,294.0000,1589.0000,294.0000,1589.0000,330.0000,1521.0000,330.0000
1515.0000,284.0000,1583.0000,284.0000,1583.0000,319.0000,1515.0000,319.0000
1515.0000,296.0000,1583.0000,296.0000,1583.0000,331.0000,1515.0000,331.0000
1571.0000,312.0000,1638.0000,312.0000,1638.0000,346.0000,1571.0000,346.0000
1563.0000,325.0000,1629.0000,325.0000,1629.0000,359.0000,1563.0000,359.0000
1589.0000,315.0000,1655.0000,315.0000,1655.0000,350.0000,1589.0000,350.0000
1596.0000,316.0000,1660.0000,316.0000,1660.0000,349.0000,1596.0000,349.0000
1600.0000,309.0000,1664.0000,309.0000,1664.0000,342.0000,1600.0000,342.0000
1603.0000,304.0000,1668.0000,304.0000,1668.0000,338.0000,1603.0000,338.0000
1602.0000,302.0000,1667.0000,302.0000,1667.0000,335.0000,1602.0000,335.0000
1600.0000,295.0000,1664.0000,295.0000,1664.0000,328.0000,1600.0000,328.0000
1603.0000,287.0000,1666.0000,287.0000,1666.0000,320.0000,1603.0000,320.0000
1607.0000,281.0000,1669.0000,281.0000,1669.0000,313.0000,1607.0000,313.0000
1596.0000,281.0000,1657.0000,281.0000,1657.0000,313.0000,1596.0000,313.0000
1589.0000,277.0000,1651.0000,277.0000,1651.0000,309.0000,1589.0000,309.0000
1584.0000,269.0000,1645.0000,269.0000,1645.0000,301.0000,1584.0000,301.0000
1583.0000,259.0000,1644.0000,259.0000,1644.0000,291.0000,1583.0000,291.0000
1584.0000,245.0000,1645.0000,245.0000,1645.0000,277.0000,1584.0000,277.0000
1580.0000,237.0000,1642.0000,237.0000,1642.0000,269.0000,1580.0000,269.0000
1581.0000,229.0000,1642.0000,229.0000,1642.0000,261.0000,1581.0000,261.0000
1585.0000,226.0000,1645.0000,226.0000,1645.0000,258.0000,1585.0000,258.0000
1578.0000,219.0000,1638.0000,219.0000,1638.0000,250.0000,1578.0000,250.0000
1612.0000,229.0000,1671.0000,229.0000,1671.0000,260.0000,1612.0000,260.0000
2
0
0
0
0
1
1565.0000,196.0000,1611.0000,196.0000,1611.0000,236.0000,1565.0000,236.0000
1564.0000,197.0000,1610.0000,197.0000,1610.0000,237.0000,1564.0000,237.0000
1553.0000,202.0000,1597.0000,202.0000,1597.0000,240.0000,1553.0000,240.0000
1548.0000,205.0000,1592.0000,205.0000,1592.0000,244.0000,1548.0000,244.0000
1532.0000,206.0000,1576.0000,206.0000,1576.0000,244.0000,1532.0000,244.0000
1512.0000,204.0000,1554.0000,204.0000,1554.0000,241.0000,1512.0000,241.0000
1472.0000,199.0000,1515.0000,199.0000,1515.0000,236.0000,1472.0000,236.0000
2
0
0
0
0
1
1081.0000,280.0000,1150.0000,280.0000,1150.0000,338.0000,1081.0000,338.0000
1034.0000,290.0000,1104.0000,290.0000,1104.0000,348.0000,1034.0000,348.0000
988.0000,301.0000,1058.0000,301.0000,1058.0000,360.0000,988.0000,360.0000
940.0000,316.0000,1010.0000,316.0000,1010.0000,375.0000,940.0000,375.0000
890.0000,328.0000,963.0000,328.0000,963.0000,390.0000,890.0000,390.0000
843.0000,345.0000,915.0000,345.0000,915.0000,406.0000,843.0000,406.0000
796.0000,360.0000,869.0000,360.0000,869.0000,421.0000,796.0000,421.0000
748.0000,377.0000,822.0000,377.0000,822.0000,440.0000,748.0000,440.0000
702.0000,398.0000,775.0000,398.0000,775.0000,459.0000,702.0000,459.0000
658.0000,414.0000,732.0000,414.0000,732.0000,476.0000,658.0000,476.0000
614.0000,433.0000,689.0000,433.0000,689.0000,497.0000,614.0000,497.0000
568.0000,452.0000,644.0000,452.0000,644.0000,516.0000,568.0000,516.0000
523.0000,473.0000,600.0000,473.0000,600.0000,538.0000,523.0000,538.0000
481.0000,493.0000,558.0000,493.0000,558.0000,557.0000,481.0000,557.0000
441.0000,514.0000,518.0000,514.0000,518.0000,580.0000,441.0000,580.0000
433.0000,509.0000,512.0000,509.0000,512.0000,576.0000,433.0000,576.0000
414.0000,510.0000,492.0000,510.0000,492.0000,576.0000,414.0000,576.0000
415.0000,513.0000,493.0000,513.0000,493.0000,578.0000,415.0000,578.0000
412.0000,524.0000,490.0000,524.0000,490.0000,590.0000,412.0000,590.0000
412.0000,535.0000,489.0000,535.0000,489.0000,600.0000,412.0000,600.0000
410.0000,547.0000,486.0000,547.0000,486.0000,611.0000,410.0000,611.0000
400.0000,572.0000,476.0000,572.0000,476.0000,636.0000,400.0000,636.0000
400.0000,573.0000,477.0000,573.0000,477.0000,637.0000,400.0000,637.0000
402.0000,575.0000,479.0000,575.0000,479.0000,641.0000,402.0000,641.0000
410.0000,529.0000,485.0000,529.0000,485.0000,592.0000,410.0000,592.0000
404.0000,521.0000,480.0000,521.0000,480.0000,585.0000,404.0000,585.0000
410.0000,532.0000,485.0000,532.0000,485.0000,596.0000,410.0000,596.0000
415.0000,531.0000,491.0000,531.0000,491.0000,595.0000,415.0000,595.0000
398.0000,542.0000,474.0000,542.0000,474.0000,605.0000,398.0000,605.0000
406.0000,537.0000,480.0000,537.0000,480.0000,599.0000,406.0000,599.0000
412.0000,532.0000,485.0000,532.0000,485.0000,594.0000,412.0000,594.0000
422.0000,532.0000,494.0000,532.0000,494.0000,593.0000,422.0000,593.0000
423.0000,530.0000,494.0000,530.0000,494.0000,590.0000,423.0000,590.0000
418.0000,531.0000,488.0000,531.0000,488.0000,590.0000,418.0000,590.0000
421.0000,536.0000,492.0000,536.0000,492.0000,596.0000,421.0000,596.0000
421.0000,535.0000,491.0000,535.0000,491.0000,594.0000,421.0000,594.0000
418.0000,533.0000,489.0000,533.0000,489.0000,592.0000,418.0000,592.0000
418.0000,530.0000,489.0000,530.0000,489.0000,589.0000,418.0000,589.0000
419.0000,529.0000,488.0000,529.0000,488.0000,588.0000,419.0000,588.0000
419.0000,529.0000,488.0000,529.0000,488.0000,587.0000,419.0000,587.0000
418.0000,521.0000,487.0000,521.0000,487.0000,579.0000,418.0000,579.0000
419.0000,522.0000,489.0000,522.0000,489.0000,581.0000,419.0000,581.0000
423.0000,526.0000,492.0000,526.0000,492.0000,585.0000,423.0000,585.0000
419.0000,527.0000,488.0000,527.0000,488.0000,585.0000,419.0000,585.0000
421.0000,527.0000,489.0000,527.0000,489.0000,584.0000,421.0000,584.0000
419.0000,527.0000,487.0000,527.0000,487.0000,584.0000,419.0000,584.0000
431.0000,506.0000,499.0000,506.0000,499.0000,563.0000,431.0000,563.0000
395.0000,509.0000,462.0000,509.0000,462.0000,565.0000,395.0000,565.0000
389.0000,521.0000,456.0000,521.0000,456.0000,578.0000,389.0000,578.0000
396.0000,515.0000,463.0000,515.0000,463.0000,571.0000,396.0000,571.0000
401.0000,515.0000,467.0000,515.0000,467.0000,570.0000,401.0000,570.0000
408.0000,510.0000,475.0000,510.0000,475.0000,565.0000,408.0000,565.0000
415.0000,513.0000,482.0000,513.0000,482.0000,570.0000,415.0000,570.0000
2
0
0
0
0
1
946.0000,383.0000,1028.0000,383.0000,1028.0000,423.0000,946.0000,423.0000
1015.0000,373.0000,1097.0000,373.0000,1097.0000,413.0000,1015.0000,413.0000
1087.0000,363.0000,1167.0000,363.0000,1167.0000,402.0000,1087.0000,402.0000
1154.0000,355.0000,1232.0000,355.0000,1232.0000,394.0000,1154.0000,394.0000
1216.0000,350.0000,1293.0000,350.0000,1293.0000,389.0000,1216.0000,389.0000
1280.0000,343.0000,1356.0000,343.0000,1356.0000,381.0000,1280.0000,381.0000
1341.0000,330.0000,1418.0000,330.0000,1418.0000,368.0000,1341.0000,368.0000
1402.0000,320.0000,1478.0000,320.0000,1478.0000,357.0000,1402.0000,357.0000
1457.0000,310.0000,1532.0000,310.0000,1532.0000,347.0000,1457.0000,347.0000
1513.0000,297.0000,1590.0000,297.0000,1590.0000,335.0000,1513.0000,335.0000
1572.0000,289.0000,1647.0000,289.0000,1647.0000,326.0000,1572.0000,326.0000
1597.0000,284.0000,1673.0000,284.0000,1673.0000,321.0000,1597.0000,321.0000
1604.0000,286.0000,1682.0000,286.0000,1682.0000,325.0000,1604.0000,325.0000
1639.0000,265.0000,1717.0000,265.0000,1717.0000,303.0000,1639.0000,303.0000
1620.0000,270.0000,1697.0000,270.0000,1697.0000,308.0000,1620.0000,308.0000
1623.0000,261.0000,1702.0000,261.0000,1702.0000,300.0000,1623.0000,300.0000
1624.0000,255.0000,1703.0000,255.0000,1703.0000,294.0000,1624.0000,294.0000
1629.0000,248.0000,1709.0000,248.0000,1709.0000,287.0000,1629.0000,287.0000
1646.0000,262.0000,1725.0000,262.0000,1725.0000,301.0000,1646.0000,301.0000
1644.0000,266.0000,1722.0000,266.0000,1722.0000,304.0000,1644.0000,304.0000
2
0
0
0
0
1
1559.0000,266.0000,1592.0000,266.0000,1592.0000,287.0000,1559.0000,287.0000
1566.0000,271.0000,1598.0000,271.0000,1598.0000,292.0000,1566.0000,292.0000
1554.0000,270.0000,1587.0000,270.0000,1587.0000,291.0000,1554.0000,291.0000
1558.0000,274.0000,1590.0000,274.0000,1590.0000,295.0000,1558.0000,295.0000
2
0
0
0
0
1
1548.0000,237.0000,1599.0000,237.0000,1599.0000,283.0000,1548.0000,283.0000
1540.0000,245.0000,1590.0000,245.0000,1590.0000,290.0000,1540.0000,290.0000
1533.0000,254.0000,1581.0000,254.0000,1581.0000,298.0000,1533.0000,298.0000
1523.0000,261.0000,1571.0000,261.0000,1571.0000,305.0000,1523.0000,305.0000
1506.0000,269.0000,1555.0000,269.0000,1555.0000,313.0000,1506.0000,313.0000
1479.0000,271.0000,1527.0000,271.0000,1527.0000,315.0000,1479.0000,315.0000
1467.0000,285.0000,1514.0000,285.0000,1514.0000,328.0000,1467.0000,328.0000
2
0
0
0
0
1
1069.0000,355.0000,1146.0000,355.0000,1146.0000,403.0000,1069.0000,403.0000
1024.0000,363.0000,1102.0000,363.0000,1102.0000,412.0000,1024.0000,412.0000
977.0000,374.0000,1055.0000,374.0000,1055.0000,423.0000,977.0000,423.0000
931.0000,383.0000,1010.0000,383.0000,1010.0000,433.0000,931.0000,433.0000
887.0000,394.0000,967.0000,394.0000,967.0000,444.0000,887.0000,444.0000
844.0000,404.0000,924.0000,404.0000,924.0000,453.0000,844.0000,453.0000
802.0000,412.0000,883.0000,412.0000,883.0000,463.0000,802.0000,463.0000
760.0000,423.0000,840.0000,423.0000,840.0000,474.0000,760.0000,474.0000
715.0000,433.0000,795.0000,433.0000,795.0000,483.0000,715.0000,483.0000
677.0000,441.0000,756.0000,441.0000,756.0000,491.0000,677.0000,491.0000
637.0000,450.0000,717.0000,450.0000,717.0000,501.0000,637.0000,501.0000
599.0000,456.0000,680.0000,456.0000,680.0000,507.0000,599.0000,507.0000
564.0000,463.0000,644.0000,463.0000,644.0000,514.0000,564.0000,514.0000
527.0000,475.0000,607.0000,475.0000,607.0000,525.0000,527.0000,525.0000
489.0000,482.0000,568.0000,482.0000,568.0000,531.0000,489.0000,531.0000
457.0000,489.0000,536.0000,489.0000,536.0000,539.0000,457.0000,539.0000
426.0000,495.0000,503.0000,495.0000,503.0000,543.0000,426.0000,543.0000
395.0000,500.0000,471.0000,500.0000,471.0000,548.0000,395.0000,548.0000
367.0000,500.0000,445.0000,500.0000,445.0000,549.0000,367.0000,549.0000
338.0000,502.0000,416.0000,502.0000,416.0000,552.0000,338.0000,552.0000
322.0000,500.0000,399.0000,500.0000,399.0000,548.0000,322.0000,548.0000
315.0000,496.0000,392.0000,496.0000,392.0000,545.0000,315.0000,545.0000
307.0000,494.0000,385.0000,494.0000,385.0000,543.0000,307.0000,543.0000
298.0000,493.0000,376.0000,493.0000,376.0000,542.0000,298.0000,542.0000
290.0000,495.0000,368.0000,495.0000,368.0000,544.0000,290.0000,544.0000
277.0000,493.0000,355.0000,493.0000,355.0000,542.0000,277.0000,542.0000
277.0000,497.0000,355.0000,497.0000,355.0000,547.0000,277.0000,547.0000
272.0000,504.0000,350.0000,504.0000,350.0000,553.0000,272.0000,553.0000
252.0000,517.0000,332.0000,517.0000,332.0000,567.0000,252.0000,567.0000
257.0000,501.0000,339.0000,501.0000,339.0000,553.0000,257.0000,553.0000
267.0000,507.0000,348.0000,507.0000,348.0000,557.0000,267.0000,557.0000
268.0000,507.0000,351.0000,507.0000,351.0000,559.0000,268.0000,559.0000
287.0000,527.0000,369.0000,527.0000,369.0000,578.0000,287.0000,578.0000
286.0000,541.0000,369.0000,541.0000,369.0000,593.0000,286.0000,593.0000
287.0000,553.0000,371.0000,553.0000,371.0000,606.0000,287.0000,606.0000
288.0000,565.0000,371.0000,565.0000,371.0000,617.0000,288.0000,617.0000
288.0000,566.0000,370.0000,566.0000,370.0000,617.0000,288.0000,617.0000
286.0000,586.0000,367.0000,586.0000,367.0000,637.0000,286.0000,637.0000
300.0000,587.0000,380.0000,587.0000,380.0000,637.0000,300.0000,637.0000
315.0000,584.0000,394.0000,584.0000,394.0000,633.0000,315.0000,633.0000
358.0000,569.0000,436.0000,569.0000,436.0000,619.0000,358.0000,619.0000
2
0
0
0
0
1
858.0000,506.0000,950.0000,506.0000,950.0000,550.0000,858.0000,550.0000
927.0000,502.0000,1019.0000,502.0000,1019.0000,545.0000,927.0000,545.0000
994.0000,498.0000,1083.0000,498.0000,1083.0000,540.0000,994.0000,540.0000
1058.0000,496.0000,1146.0000,496.0000,1146.0000,538.0000,1058.0000,538.0000
1121.0000,496.0000,1208.0000,496.0000,1208.0000,537.0000,1121.0000,537.0000
1180.0000,493.0000,1266.0000,493.0000,1266.0000,534.0000,1180.0000,534.0000
1242.0000,487.0000,1327.0000,487.0000,1327.0000,528.0000,1242.0000,528.0000
1298.0000,484.0000,1385.0000,484.0000,1385.0000,525.0000,1298.0000,525.0000
1354.0000,481.0000,1440.0000,481.0000,1440.0000,522.0000,1354.0000,522.0000
1407.0000,479.0000,1492.0000,479.0000,1492.0000,519.0000,1407.0000,519.0000
1460.0000,478.0000,1543.0000,478.0000,1543.0000,517.0000,1460.0000,517.0000
1510.0000,474.0000,1593.0000,474.0000,1593.0000,513.0000,1510.0000,513.0000
1552.0000,471.0000,1634.0000,471.0000,1634.0000,510.0000,1552.0000,510.0000
1559.0000,481.0000,1640.0000,481.0000,1640.0000,520.0000,1559.0000,520.0000
1567.0000,494.0000,1649.0000,494.0000,1649.0000,533.0000,1567.0000,533.0000
1594.0000,492.0000,1676.0000,492.0000,1676.0000,531.0000,1594.0000,531.0000
