0.000239
0.25715
0.003596
0.003605
0.003084
0.003311
0.00481
0.006178
0.003321
0.003806
0.003537
0.003426
0.003734
0.004404
0.003731
0.003345
0.004155
0.005396
0.004119
0.004102
0.006065
0.005524
0.005989
0.004633
0.004544
0.004169
0.006122
0.005898
0.00569
0.004552
0.004994
0.004714
0.005155
0.003862
0.003506
0.003792
0.003126
0.003037
0.003107
0.003018
0.003144
0.002954
0.004418
0.003324
0.003138
0.003159
0.003284
0.002994
0.003542
0.003489
0.003779
0.003126
0.005879
0.005333
0.004958
0.004336
0.004584
0.003748
0.003358
0.003386
0.004326
0.003185
0.003031
0.003074
NaN
NaN
NaN
NaN
0.000215
0.2188
0.005296
0.004006
0.006227
0.004751
0.006199
0.003799
0.004975
0.003169
0.003178
0.003659
0.003944
0.003137
0.003081
0.003014
0.00317
0.003141
0.00301
0.002834
0.003002
0.003152
0.003074
0.003615
0.003335
0.004044
0.005875
0.005379
0.00499
0.00452
0.003988
0.004191
0.003601
0.004288
0.004199
0.004747
0.002944
0.003394
0.003444
0.003371
0.00355
0.003183
0.003736
0.003298
0.004218
0.003038
0.002983
NaN
NaN
NaN
NaN
0.000149
0.22939
0.003131
0.003057
0.002933
0.003647
0.003192
0.003389
0.003574
0.003177
0.003333
0.002931
0.002975
0.002838
0.00301
0.003072
0.003126
0.003224
0.003061
0.003043
0.003109
0.0033
0.003477
0.003435
0.003411
0.003303
0.003995
0.005928
0.005553
0.005284
0.00504
0.003985
0.003996
0.003655
0.003498
0.003586
0.003156
0.003077
0.00301
0.0031
0.003127
0.003117
0.003441
0.003449
0.003497
0.003579
0.003444
0.003372
0.003423
0.003456
0.003343
0.003463
0.003504
0.005746
0.00552
0.004966
0.004771
0.004109
0.004006
0.00388
0.003673
0.003601
0.003203
0.003522
0.003223
0.003263
0.003074
0.003413
0.003304
0.003241
0.003029
0.003676
0.003386
0.003365
0.003538
0.003397
0.00351
0.003478
0.003286
0.003606
0.003899
0.004802
0.005803
0.005538
0.00497
0.004364
0.004133
0.003758
0.003565
0.003585
0.003031
0.003375
0.003118
0.002925
0.003036
0.002963
0.002932
0.003295
0.003486
0.003316
0.003906
0.003006
0.003496
0.00327
0.00413
0.007233
0.005883
0.005017
0.005743
0.005741
0.005774
0.005331
0.004826
0.00509
0.005786
0.005437
0.005243
0.004919
0.004098
0.003497
0.003369
0.003143
0.002975
0.004466
0.003067
0.003046
0.00333
0.003308
0.002906
0.002797
NaN
NaN
NaN
NaN
0.000104
0.23286
0.003035
0.002726
0.00504
0.004615
0.003937
0.005635
0.007144
0.006197
0.005676
0.004061
0.00392
0.004187
0.00388
0.003388
0.003845
0.003778
0.003415
0.003716
0.00374
0.003301
0.003596
0.003406
0.002985
0.003167
0.002771
0.002899
0.002726
0.003138
0.003104
0.00532
0.004912
0.004498
0.004237
0.003923
0.004482
0.005385
0.005215
0.004436
0.004775
0.004748
0.004697
0.004419
0.006268
0.003879
0.002843
0.002826
0.002886
0.003222
0.003343
0.00362
0.003532
0.003138
0.003239
0.002702
0.002687
NaN
NaN
NaN
NaN
0.000197
0.2559
0.005844
0.008193
0.006002
0.006624
0.005714
0.004376
0.004697
0.006627
0.006616
0.007198
0.004838
0.004313
0.004075
0.004011
0.003105
0.004146
0.006485
0.006837
0.007264
0.005825
0.005898
0.005222
0.003931
0.004929
0.003419
0.003248
0.003338
0.003207
0.003275
0.0034
0.003366
0.003284
0.00307
0.003131
0.003414
0.003508
0.003731
0.002977
0.00376
0.003172
0.003419
0.0034
0.003402
0.003591
0.003353
0.003454
0.003127
0.003529
0.003442
0.003859
0.004053
0.00296
0.003056
0.004257
0.003407
0.003709
0.00411
0.003314
0.003165
0.003296
0.003117
0.003119
0.003003
0.004257
0.003118
0.003082
0.003161
0.003363
0.004371
0.003473
0.003449
0.003417
0.003168
0.003534
0.003107
0.003412
0.00325
0.003468
0.004133
0.003274
0.003971
0.003049
0.003047
0.003505
0.003328
0.003462
0.00294
0.003356
0.003962
0.003905
0.003118
0.003226
0.003281
0.003279
0.003495
0.004034
0.003111
0.003245
0.003277
0.003319
0.003504
0.003453
0.003633
0.003571
0.003187
0.003751
0.003061
0.003463
0.003912
0.003108
0.003649
0.0034
0.00382
0.00431
0.003252
0.003582
0.003094
0.003612
0.003027
0.004412
0.003284
0.004036
0.003636
0.003583
0.003553
0.004348
0.003791
0.003506
0.003118
0.003258
0.003539
0.003393
0.003627
0.003303
0.00378
0.003455
0.003517
0.003808
0.003196
0.003326
0.003323
0.00316
0.003435
0.003422
0.003271
0.00349
0.003701
0.003356
0.003787
0.003938
0.003682
0.004357
0.003156
0.003147
0.003159
0.00317
0.003563
0.003274
0.003398
0.003836
0.003994
0.00374
0.00411
NaN
NaN
NaN
NaN
0.000211
0.25209
0.002969
0.004194
0.005329
0.006833
0.003118
0.004561
0.004883
0.005176
0.004324
0.003673
0.003599
0.003417
0.003833
0.005579
0.003131
0.003846
0.004337
0.003352
0.004642
0.003239
0.00431
0.002801
0.003605
0.003075
0.004643
0.004184
0.003936
0.004449
0.004665
0.003636
0.004238
0.003897
0.0045
0.004688
