0.000144
0.21891
0.002912
0.002951
0.002742
0.002577
0.002713
0.002765
0.002778
0.002927
0.002633
0.002697
0.002657
0.002862
0.003088
0.002632
0.002593
0.003083
0.004981
0.004966
0.004936
0.00449
0.004754
0.003636
0.003675
0.003048
0.003651
0.003443
0.00334
0.003013
0.002883
0.002687
0.002909
0.002691
0.003082
0.003014
0.003247
0.004952
0.004689
0.00474
0.004691
0.003881
0.003715
0.003234
0.003302
0.003442
0.004577
0.006068
0.003763
0.003496
0.003613
0.004024
0.005
0.004842
0.004633
0.004267
0.00367
0.003508
0.00325
0.003319
0.003065
0.002617
0.002603
0.002889
0.002811
0.003042
0.002699
0.002674
0.002617
0.002709
0.003014
0.002744
0.002553
0.002627
0.003288
0.005311
0.004763
0.004767
0.004016
0.004032
0.003459
0.004054
0.005184
0.004862
0.004476
0.004743
0.004919
0.006043
0.005253
0.005406
0.004729
0.004283
0.004108
0.004115
0.003815
0.004451
0.002833
0.003541
0.00343
0.003349
0.0031
0.002778
0.002611
0.002859
0.002735
0.00327
0.002927
0.002796
0.002795
0.00264
0.002882
0.003112
0.003038
0.003315
0.002679
0.002641
0.002624
0.002663
0.003256
0.003239
0.002667
0.00275
0.002716
0.002832
0.002693
0.003386
0.003059
0.003057
0.003146
0.003139
0.003086
0.002778
0.002811
0.003457
0.00297
0.002856
0.002834
0.002722
0.002682
0.002932
0.003218
0.002852
0.002724
0.002717
0.002834
0.002711
0.0029
0.002796
0.002706
0.002753
0.00269
0.003175
0.002925
0.002801
0.002665
0.002952
0.002882
0.003024
0.003046
0.002888
0.00279
0.002914
0.003032
0.002948
0.003217
0.00351
0.003413
0.002678
0.00274
0.002661
0.00272
0.003135
0.003053
0.002811
0.002704
0.002735
0.002857
0.002878
0.002795
0.003016
0.0034
0.005136
0.005102
0.004694
0.004721
0.00374
0.003641
0.003525
0.003072
0.003321
0.003664
0.003238
0.002884
0.00277
0.002594
0.002619
0.002905
0.00265
0.002718
0.002633
0.002699
0.002935
0.002717
0.002668
0.002717
0.002743
0.002696
0.002809
0.002804
0.003662
0.00555
0.004966
0.005664
0.004236
0.004083
0.003429
0.003417
0.003159
0.003001
0.00317
0.003098
0.003402
0.003209
0.003006
0.002624
0.00303
0.002758
0.002701
0.002817
0.003243
0.003109
0.002777
0.002629
0.002722
0.002761
0.002838
0.002932
0.002888
0.002869
0.002885
0.002861
0.002686
0.002884
0.002728
0.002865
0.002921
0.002906
0.003001
0.003073
0.002871
0.002598
0.002719
0.002679
0.003332
0.003648
0.003494
0.003614
0.003474
0.003513
0.003581
0.003512
0.003479
0.003165
0.002825
0.002872
0.00279
0.002771
0.002801
0.003033
0.00285
0.002624
0.002591
0.002747
0.003786
0.004858
0.004928
0.00478
0.004141
0.004169
0.003735
0.003673
0.003409
0.003378
0.003259
0.002991
0.003006
0.002913
0.003373
0.003017
0.002837
0.002686
0.00265
0.002781
0.003142
0.002787
0.002641
0.002629
0.002657
0.003605
0.00467
0.004774
0.003966
0.004775
0.003112
0.003542
0.003431
0.002942
0.002896
0.002721
0.002742
0.002785
0.002976
0.002778
0.002745
0.002539
0.002719
0.003045
0.00343
0.003176
0.003797
0.003643
0.003735
0.003375
0.003293
0.003718
0.003476
0.002987
0.002672
0.002505
0.002637
0.002639
0.002597
0.002558
0.002732
0.002571
0.00299
0.002746
0.002573
0.002637
0.002665
0.002651
0.002756
0.0028
0.002883
0.00274
0.003287
0.003553
0.003428
0.003315
0.002977
0.002886
0.00319
0.005337
0.004854
0.005278
0.004593
0.003809
0.004078
0.003573
0.003268
0.003195
0.00279
0.00363
0.003182
0.002734
