1.2352
0.15376
0.08684
0.067364
0.094491
0.080552
0.055278
0.049448
0.049587
0.023332
0.02741
0.027319
0.033054
0.031212
0.055201
0.024036
0.022975
0.022723
0.022316
0.02349
0.047489
0.023637
0.031058
0.039817
0.023773
0.023661
0.059124
0.02413
0.02362
0.025373
0.036054
0.036446
0.060668
0.03379
0.030253
0.033013
0.026483
0.024986
0.05382
0.028479
0.036024
0.023447
0.023984
0.030764
0.056033
0.024713
0.023919
0.025412
0.023739
0.02684
0.048012
0.034481
0.023268
0.026159
0.024955
0.02471
0.059793
0.03594
0.030737
0.024157
0.023751
0.023206
0.047066
0.023679
0.022876
0.024061
0.021901
0.02262
0.049903
0.023723
0.023392
0.026892
0.022868
0.022889
0.063589
0.025404
0.035757
0.024319
0.024267
0.023589
0.048396
0.025607
0.024982
0.023948
0.024048
0.022521
0.048523
0.02389
0.024337
0.023861
0.022836
0.023262
0.048414
0.023569
0.023411
0.024793
0.027279
0.025896
0.047674
0.028582
0.03618
0.036183
0.022961
0.036196
0.047453
0.032466
0.022499
0.022794
0.021853
0.028085
0.04979
0.024472
0.02661
0.024963
0.026057
0.025257
0.060564
0.025223
0.022551
0.023359
0.024361
0.036546
0.048796
0.024177
0.030997
0.023038
0.024718
0.022671
0.053187
0.027508
0.024063
0.024644
0.024334
0.023025
0.052211
0.023839
0.025706
0.028866
0.023944
0.027134
0.046869
0.024008
0.02399
0.023749
0.02356
0.029269
0.049327
0.023508
0.023525
0.023444
0.024934
