0.00013
0.22012
0.00487
0.004493
0.004341
0.004751
0.003045
0.004266
0.004503
0.004431
0.006187
0.003038
0.003106
0.004198
0.004093
0.00481
0.004534
0.004148
0.004825
0.003971
0.003982
0.003957
0.00415
0.004389
0.003965
0.004029
0.004023
0.004081
0.006094
0.004558
0.004753
0.003995
0.004183
0.004035
0.003004
0.00284
0.002915
0.003944
0.003888
0.004123
0.004494
0.004035
0.003905
0.005037
0.0045
0.004454
0.005343
0.005202
0.005111
0.004595
0.004179
0.004288
0.004554
0.004438
0.004482
0.003908
0.004683
0.004077
0.004181
0.005273
0.00459
0.004318
0.004446
0.005311
0.004664
0.005181
0.004196
0.004272
0.005246
0.004145
0.004218
0.005228
0.004391
0.004339
0.003953
0.003521
0.004052
0.00392
0.00409
0.003964
0.003983
0.003925
0.004517
0.004051
0.003968
0.004025
0.004139
0.004406
0.004522
0.004147
0.004299
0.004406
0.00438
0.004286
0.004302
0.004344
0.008181
0.004861
0.005139
0.004303
0.004167
0.004653
0.005334
0.004602
0.005194
0.004399
0.004372
0.005149
0.004496
0.004346
0.004701
0.004075
0.004069
0.004021
0.003171
0.00294
0.003308
0.002996
0.00265
0.002818
0.002723
0.003261
0.004339
0.003966
0.003931
0.003963
0.004077
0.004128
0.004579
0.003961
0.004135
0.004125
0.004029
0.004711
0.003942
0.004229
0.0033
0.003379
0.004256
0.004534
0.004138
0.004795
0.005177
0.004248
0.005013
0.002973
0.003512
0.002925
0.002906
0.002742
0.003001
0.004233
0.00459
0.004047
0.004623
0.004044
0.004127
0.003971
0.004054
0.004561
0.004178
0.004026
0.0042
0.004165
0.004193
0.004119
0.004346
0.004118
0.004356
0.003993
0.004029
0.004115
0.004106
0.004524
0.004268
0.004102
0.004035
0.004274
0.004073
0.004964
0.005221
0.004387
0.004152
0.004477
0.004689
0.004141
0.004215
0.004133
0.004636
0.007353
0.007346
0.005806
0.005349
0.004768
0.004453
0.004295
