0.000127
0.21343
0.006537
0.0063
0.005697
0.00553
0.005498
0.005441
0.005658
0.005638
0.005534
0.005573
0.005471
0.005534
0.005422
0.005626
0.005571
0.005614
0.005629
0.006462
0.005622
0.005539
0.005983
0.005712
0.005646
0.005845
0.005846
0.00558
0.005617
0.005528
0.005498
0.005767
0.005833
0.005553
0.005671
0.006715
0.005768
0.005544
0.00555
0.005769
0.005933
0.00583
0.006348
0.007037
0.0059
0.005811
0.00572
0.005594
0.008848
0.010217
0.008461
0.006756
0.005633
0.005639
0.005984
0.005865
0.005699
0.005945
0.006764
0.005729
0.006083
0.006027
0.005968
0.006032
0.005761
0.006405
0.008746
0.006228
0.006224
0.006137
0.006614
0.005962
0.005817
0.005612
0.005836
0.005857
0.006346
0.005736
0.005673
0.005731
0.005811
0.005979
0.005738
0.005574
0.006055
0.006077
0.006055
0.005848
0.005849
0.005736
0.005778
0.006107
0.005791
0.005807
0.005743
0.005772
0.005744
0.006068
0.005778
0.00576
0.005709
0.005837
0.005554
0.005521
0.005437
0.005451
0.00545
0.005424
0.005378
0.005413
0.005613
0.00543
0.005583
0.005407
0.005477
0.005383
0.005302
0.005385
0.008213
0.009139
0.007617
0.006108
0.005342
0.00527
0.005284
0.005331
0.005367
0.0058
0.005802
0.005762
0.005789
0.00569
0.005371
0.005576
0.005512
0.005398
0.005192
0.005386
0.00524
0.005115
0.005109
0.005377
0.005246
0.0052
0.005757
0.005516
0.005693
0.005452
0.005106
0.005761
0.005858
0.005182
0.005252
0.00492
0.004871
0.005248
0.005075
0.005259
0.005432
0.005287
0.005158
0.005151
0.004933
0.004996
0.005206
0.005184
0.005118
0.005055
0.005006
0.005286
0.005247
0.005473
0.005778
0.00571
0.00568
0.005293
0.005237
0.00579
0.005215
0.005823
0.005376
0.005887
0.006081
0.006024
0.005637
0.005492
0.006084
0.005508
0.005441
0.005538
0.00532
0.005251
0.005743
0.005313
0.008108
0.010229
0.00735
0.007082
0.005838
0.005305
0.005398
0.005481
0.005184
0.005263
0.005211
0.005553
0.005453
0.005916
0.005344
0.005963
0.005475
0.005599
0.005628
0.005792
0.005973
0.005954
0.005466
0.005724
0.005404
0.008593
0.01038
0.008495
0.006672
0.005908
0.005475
0.005837
0.005705
0.005271
0.005329
0.006978
0.005749
0.005379
0.005189
0.005095
0.005311
0.005619
0.005224
0.005724
0.005235
0.005256
0.005071
0.004982
0.005048
0.004955
0.005482
0.005174
0.005226
0.004959
0.005006
0.005478
0.005006
0.005012
0.004924
0.005114
0.00558
0.005143
0.005423
0.005444
0.005805
0.005223
0.005652
0.005357
0.005738
0.005561
0.005624
0.005459
0.005475
0.005655
0.005666
0.005775
0.005495
0.005532
0.008565
0.009704
0.007555
0.006315
0.005678
0.005583
0.00562
0.005685
0.005464
0.008525
0.009879
0.00801
0.0068
0.006073
0.005442
0.005508
0.005567
0.005626
0.00539
0.005471
0.005561
0.00574
0.005708
0.005568
0.005497
0.005529
0.00554
0.005816
0.006031
0.005037
0.004804
0.004563
0.004622
0.004729
0.00454
0.0045
0.004872
0.005018
0.005167
0.006531
0.004408
0.005146
0.004419
0.005056
0.004964
0.004993
0.005114
0.005326
0.005112
0.00496
0.004914
0.005049
0.005423
0.00508
0.004937
0.005243
0.005177
0.008354
0.009664
0.007547
0.007051
0.006183
0.005504
0.005073
0.005227
0.005478
0.008272
0.009405
0.00777
0.006799
0.007987
0.010095
0.007843
0.006912
0.005798
0.005245
0.005249
0.005716
0.005295
0.005678
0.005099
0.00551
0.005114
0.00513
0.005127
0.005158
0.005624
0.005422
0.005709
0.005141
0.008171
0.008629
0.007129
0.006298
0.005402
0.005215
0.00513
0.004955
0.004861
0.004973
0.004774
0.004698
0.005178
0.004596
0.005522
0.004438
0.005226
0.005016
0.005062
0.005043
0.00563
0.005142
0.005629
0.005491
0.005854
0.005502
0.005581
0.005284
0.005641
0.005323
0.00552
0.005476
0.005286
0.00535
0.005048
0.005346
0.005689
0.0052
0.005315
0.005176
0.005176
0.005114
0.005102
0.005298
0.00519
0.005775
0.005323
0.005599
0.005281
0.005821
0.005337
0.00563
0.005168
0.005351
0.005355
0.005118
0.005093
0.005312
0.005537
0.00522
0.008096
0.00971
0.007837
0.006593
0.005913
0.005252
0.005358
0.005189
0.005343
0.005051
0.005157
0.005646
0.005056
0.005118
0.005144
0.005065
0.004971
0.004895
0.004946
0.004932
0.00494
0.00542
0.00516
0.005075
0.004967
0.004956
0.005538
0.005032
0.004873
0.004823
0.005407
0.005511
0.00508
0.005036
0.005434
0.005425
0.005195
0.005178
0.005569
0.005066
0.005574
0.005493
0.005945
0.005267
0.005586
0.005205
0.005497
0.005372
0.00592
0.005639
0.005526
0.005391
0.005587
0.00529
0.005148
0.005107
0.005571
0.005659
0.006327
0.00527
0.005176
0.005043
0.007945
0.00877
0.007353
0.00619
0.005438
0.005212
0.00573
0.005153
0.005719
0.005165
0.005052
0.005286
0.005244
0.005115
0.004992
0.005643
0.005086
0.005193
0.00498
0.005041
0.005248
0.005121
0.005873
0.005573
0.005277
0.005013
0.005049
0.0051
0.007701
0.009349
0.007743
0.006045
0.005798
0.005368
0.005563
0.005596
0.006862
0.005869
0.005563
0.005358
0.005113
0.005516
0.0051
0.005119
0.005282
0.005285
0.005114
0.00517
0.005478
0.005196
0.005064
0.005071
0.005122
0.005559
0.005112
0.005862
0.005471
0.005407
0.00533
0.008133
0.00894
0.007393
0.005858
0.005533
0.005172
0.005631
0.006596
0.005856
0.005658
0.005121
0.006054
0.005922
0.005048
0.005408
0.005231
0.005471
0.005053
0.005372
0.005545
0.00525
0.00572
0.005143
0.005212
0.007653
0.009716
0.007254
0.006154
0.005232
0.005472
0.005181
0.005183
0.005054
0.005011
0.005043
0.005307
0.005573
0.005238
0.005376
0.005079
0.005014
0.004933
0.005155
0.005048
0.005058
0.005132
0.007831
0.009786
0.007455
0.006684
0.005613
0.005597
0.005178
0.005499
0.00517
0.004951
0.00501
0.005194
0.0056
0.005396
0.005436
0.005181
0.005483
0.007343
0.009673
0.007773
0.006631
0.006172
0.005129
0.00563
0.00509
0.005327
0.005019
0.005026
0.004985
0.005168
0.005504
0.00446
0.005025
0.005279
0.004719
0.004695
0.004401
0.00446
0.004889
0.005191
0.004559
0.004967
0.010285
0.006352
0.005636
0.00686
0.012523
0.006433
0.00557
0.004729
0.004824
0.004567
0.004255
0.004345
0.005392
0.00685
0.005026
0.004667
0.004152
0.004221
0.004438
0.004455
0.004488
0.00463
0.005121
0.005398
0.004034
0.00472
0.005401
0.005301
0.005233
0.005244
0.005348
0.005614
0.005437
0.00527
0.005801
0.005239
0.005681
0.005261
0.005629
0.005275
0.005661
0.005284
0.005476
0.005554
0.005534
0.005508
0.005452
0.005652
0.006142
0.005598
0.005098
0.005414
0.005541
0.005399
0.00552
0.005189
0.008076
0.010278
0.007578
0.006611
0.005888
0.005499
0.005852
0.006989
0.005686
0.005472
0.00498
0.00502
0.007725
0.009858
0.007909
0.005804
0.005198
0.004694
0.004613
0.004609
0.004587
