1
127.0000,467.0000,27.0000,69.0000
130.0000,502.0000,28.0000,71.0000
136.0000,487.0000,28.0000,71.0000
2
0
0
0
0
1
155.0000,580.0000,43.0000,69.0000
156.0000,581.0000,42.0000,67.0000
156.0000,582.0000,42.0000,66.0000
159.0000,581.0000,42.0000,67.0000
157.0000,583.0000,43.0000,67.0000
156.0000,583.0000,44.0000,69.0000
159.0000,591.0000,44.0000,69.0000
158.0000,590.0000,44.0000,69.0000
158.0000,593.0000,44.0000,69.0000
158.0000,602.0000,43.0000,67.0000
155.0000,621.0000,43.0000,69.0000
155.0000,631.0000,42.0000,67.0000
162.0000,650.0000,42.0000,67.0000
173.0000,669.0000,42.0000,66.0000
192.0000,700.0000,41.0000,65.0000
213.0000,723.0000,41.0000,65.0000
238.0000,743.0000,40.0000,64.0000
272.0000,772.0000,39.0000,62.0000
295.0000,748.0000,38.0000,61.0000
2
0
0
0
0
1
407.0000,841.0000,70.0000,57.0000
415.0000,842.0000,68.0000,55.0000
445.0000,845.0000,68.0000,56.0000
481.0000,843.0000,68.0000,55.0000
519.0000,832.0000,70.0000,57.0000
554.0000,831.0000,70.0000,58.0000
584.0000,831.0000,68.0000,56.0000
591.0000,826.0000,69.0000,57.0000
594.0000,799.0000,70.0000,58.0000
604.0000,762.0000,69.0000,57.0000
2
0
0
0
0
1
559.0000,739.0000,42.0000,63.0000
558.0000,738.0000,42.0000,64.0000
559.0000,737.0000,43.0000,65.0000
564.0000,742.0000,42.0000,63.0000
562.0000,740.0000,43.0000,65.0000
560.0000,739.0000,44.0000,67.0000
560.0000,735.0000,44.0000,67.0000
558.0000,729.0000,43.0000,66.0000
558.0000,728.0000,43.0000,65.0000
556.0000,727.0000,44.0000,67.0000
555.0000,726.0000,44.0000,67.0000
554.0000,723.0000,44.0000,67.0000
552.0000,720.0000,45.0000,68.0000
552.0000,723.0000,43.0000,66.0000
552.0000,725.0000,43.0000,65.0000
551.0000,727.0000,41.0000,63.0000
551.0000,727.0000,41.0000,63.0000
549.0000,728.0000,42.0000,64.0000
547.0000,730.0000,41.0000,63.0000
548.0000,729.0000,40.0000,61.0000
548.0000,727.0000,41.0000,63.0000
553.0000,727.0000,40.0000,61.0000
554.0000,729.0000,39.0000,59.0000
552.0000,730.0000,39.0000,59.0000
551.0000,732.0000,38.0000,57.0000
550.0000,729.0000,37.0000,57.0000
548.0000,725.0000,37.0000,57.0000
546.0000,720.0000,37.0000,57.0000
540.0000,715.0000,39.0000,59.0000
539.0000,710.0000,37.0000,57.0000
535.0000,698.0000,38.0000,58.0000
531.0000,677.0000,38.0000,58.0000
531.0000,648.0000,39.0000,59.0000
539.0000,630.0000,39.0000,59.0000
532.0000,609.0000,37.0000,57.0000
549.0000,615.0000,37.0000,56.0000
2
0
0
0
0
1
706.0000,681.0000,69.0000,62.0000
706.0000,683.0000,67.0000,60.0000
704.0000,690.0000,67.0000,61.0000
706.0000,692.0000,66.0000,59.0000
706.0000,696.0000,65.0000,59.0000
706.0000,699.0000,67.0000,60.0000
705.0000,708.0000,68.0000,61.0000
698.0000,716.0000,67.0000,60.0000
692.0000,720.0000,69.0000,62.0000
725.0000,728.0000,67.0000,61.0000
713.0000,713.0000,66.0000,59.0000
2
0
0
0
0
1
603.0000,788.0000,60.0000,62.0000
589.0000,800.0000,58.0000,60.0000
574.0000,809.0000,60.0000,62.0000
550.0000,820.0000,60.0000,62.0000
520.0000,824.0000,61.0000,63.0000
496.0000,831.0000,59.0000,61.0000
489.0000,836.0000,59.0000,61.0000
483.0000,846.0000,58.0000,60.0000
476.0000,850.0000,59.0000,61.0000
474.0000,848.0000,60.0000,62.0000
474.0000,845.0000,62.0000,64.0000
471.0000,840.0000,61.0000,63.0000
465.0000,837.0000,62.0000,63.0000
453.0000,835.0000,60.0000,62.0000
439.0000,826.0000,59.0000,61.0000
418.0000,827.0000,58.0000,60.0000
367.0000,829.0000,58.0000,60.0000
377.0000,828.0000,58.0000,60.0000
348.0000,798.0000,59.0000,61.0000
343.0000,785.0000,59.0000,60.0000
336.0000,776.0000,60.0000,62.0000
337.0000,759.0000,62.0000,63.0000
328.0000,759.0000,62.0000,63.0000
344.0000,757.0000,64.0000,65.0000
2
0
0
0
0
1
403.0000,701.0000,59.0000,62.0000
417.0000,694.0000,61.0000,63.0000
417.0000,690.0000,60.0000,63.0000
434.0000,690.0000,61.0000,63.0000
450.0000,689.0000,63.0000,65.0000
466.0000,671.0000,63.0000,65.0000
472.0000,648.0000,61.0000,63.0000
2
0
0
0
0
1
305.0000,466.0000,73.0000,34.0000
290.0000,459.0000,73.0000,34.0000
284.0000,454.0000,75.0000,35.0000
306.0000,463.0000,75.0000,35.0000
2
0
0
0
0
1
282.0000,231.0000,21.0000,68.0000
288.0000,226.0000,21.0000,67.0000
315.0000,228.0000,21.0000,68.0000
322.0000,226.0000,21.0000,70.0000
326.0000,240.0000,21.0000,69.0000
338.0000,235.0000,22.0000,70.0000
337.0000,199.0000,22.0000,73.0000
323.0000,210.0000,23.0000,73.0000
312.0000,235.0000,22.0000,72.0000
303.0000,212.0000,22.0000,71.0000
2
0
0
0
0
1
193.0000,317.0000,74.0000,46.0000
194.0000,319.0000,76.0000,47.0000
2
0
0
0
0
1
216.0000,498.0000,48.0000,70.0000
198.0000,506.0000,47.0000,68.0000
204.0000,462.0000,46.0000,68.0000
2
0
0
0
0
1
131.0000,508.0000,74.0000,43.0000
131.0000,508.0000,73.0000,42.0000
131.0000,508.0000,72.0000,42.0000
131.0000,507.0000,74.0000,43.0000
132.0000,508.0000,72.0000,42.0000
130.0000,508.0000,74.0000,43.0000
131.0000,508.0000,71.0000,41.0000
130.0000,506.0000,71.0000,41.0000
130.0000,505.0000,72.0000,42.0000
134.0000,506.0000,70.0000,41.0000
132.0000,504.0000,71.0000,41.0000
130.0000,507.0000,71.0000,41.0000
129.0000,507.0000,72.0000,42.0000
126.0000,508.0000,74.0000,43.0000
125.0000,512.0000,74.0000,43.0000
125.0000,515.0000,71.0000,41.0000
125.0000,516.0000,71.0000,41.0000
127.0000,517.0000,69.0000,40.0000
129.0000,522.0000,67.0000,39.0000
141.0000,508.0000,65.0000,38.0000
146.0000,525.0000,63.0000,37.0000
139.0000,508.0000,65.0000,38.0000
137.0000,509.0000,67.0000,39.0000
136.0000,509.0000,66.0000,38.0000
2
0
0
0
0
1
166.0000,509.0000,38.0000,68.0000
172.0000,513.0000,37.0000,66.0000
175.0000,513.0000,35.0000,64.0000
179.0000,514.0000,35.0000,64.0000
185.0000,524.0000,37.0000,66.0000
189.0000,538.0000,36.0000,66.0000
192.0000,553.0000,37.0000,68.0000
193.0000,555.0000,38.0000,69.0000
193.0000,556.0000,38.0000,70.0000
190.0000,559.0000,39.0000,70.0000
182.0000,581.0000,39.0000,71.0000
175.0000,610.0000,40.0000,73.0000
167.0000,626.0000,41.0000,74.0000
167.0000,621.0000,42.0000,76.0000
167.0000,621.0000,42.0000,76.0000
168.0000,622.0000,43.0000,78.0000
168.0000,618.0000,44.0000,80.0000
168.0000,617.0000,45.0000,82.0000
166.0000,618.0000,45.0000,82.0000
165.0000,613.0000,44.0000,79.0000
163.0000,614.0000,44.0000,79.0000
162.0000,617.0000,45.0000,82.0000
166.0000,619.0000,45.0000,82.0000
165.0000,624.0000,45.0000,82.0000
161.0000,624.0000,44.0000,79.0000
157.0000,628.0000,42.0000,77.0000
158.0000,627.0000,43.0000,79.0000
162.0000,626.0000,43.0000,78.0000
162.0000,624.0000,44.0000,80.0000
161.0000,625.0000,44.0000,79.0000
161.0000,626.0000,44.0000,79.0000
163.0000,626.0000,42.0000,77.0000
163.0000,625.0000,43.0000,79.0000
162.0000,628.0000,42.0000,76.0000
163.0000,629.0000,42.0000,75.0000
163.0000,631.0000,41.0000,75.0000
165.0000,630.0000,42.0000,75.0000
165.0000,628.0000,42.0000,77.0000
164.0000,622.0000,44.0000,79.0000
167.0000,622.0000,42.0000,77.0000
169.0000,621.0000,42.0000,76.0000
176.0000,621.0000,41.0000,74.0000
184.0000,624.0000,40.0000,73.0000
182.0000,629.0000,39.0000,70.0000
186.0000,624.0000,38.0000,70.0000
185.0000,621.0000,39.0000,70.0000
193.0000,626.0000,40.0000,73.0000
193.0000,629.0000,41.0000,74.0000
194.0000,632.0000,40.0000,72.0000
224.0000,634.0000,40.0000,73.0000
229.0000,633.0000,40.0000,73.0000
205.0000,645.0000,39.0000,71.0000
210.0000,648.0000,38.0000,69.0000
217.0000,658.0000,38.0000,69.0000
226.0000,671.0000,37.0000,68.0000
239.0000,672.0000,36.0000,66.0000
262.0000,698.0000,36.0000,66.0000
2
0
0
0
0
1
362.0000,764.0000,65.0000,63.0000
370.0000,768.0000,63.0000,61.0000
371.0000,770.0000,63.0000,61.0000
366.0000,770.0000,61.0000,59.0000
361.0000,774.0000,61.0000,58.0000
326.0000,731.0000,61.0000,58.0000
2
0
0
0
0
1
438.0000,718.0000,70.0000,44.0000
459.0000,710.0000,72.0000,46.0000
477.0000,713.0000,73.0000,46.0000
2
0
0
0
0
1
572.0000,809.0000,39.0000,70.0000
543.0000,808.0000,38.0000,68.0000
535.0000,813.0000,38.0000,68.0000
514.0000,820.0000,38.0000,68.0000
521.0000,808.0000,39.0000,70.0000
505.0000,833.0000,40.0000,71.0000
2
0
0
0
0
1
275.0000,707.0000,54.0000,68.0000
256.0000,683.0000,52.0000,66.0000
252.0000,683.0000,53.0000,67.0000
