1
127.0000,467.0000,27.0000,69.0000
130.0000,502.0000,28.0000,71.0000
136.0000,487.0000,28.0000,71.0000
2
0
0
0
0
1
155.0000,580.0000,43.0000,69.0000
156.0000,581.0000,42.0000,67.0000
156.0000,582.0000,42.0000,66.0000
159.0000,581.0000,42.0000,67.0000
157.0000,583.0000,43.0000,67.0000
156.0000,583.0000,44.0000,69.0000
159.0000,591.0000,44.0000,69.0000
158.0000,590.0000,44.0000,69.0000
158.0000,593.0000,44.0000,69.0000
158.0000,602.0000,43.0000,67.0000
155.0000,621.0000,43.0000,69.0000
155.0000,631.0000,42.0000,67.0000
162.0000,650.0000,42.0000,67.0000
173.0000,669.0000,42.0000,66.0000
192.0000,700.0000,41.0000,65.0000
213.0000,723.0000,41.0000,65.0000
238.0000,743.0000,40.0000,64.0000
272.0000,772.0000,39.0000,62.0000
295.0000,748.0000,38.0000,61.0000
2
0
0
0
0
1
407.0000,841.0000,70.0000,57.0000
415.0000,842.0000,68.0000,55.0000
445.0000,845.0000,68.0000,56.0000
481.0000,843.0000,68.0000,55.0000
519.0000,832.0000,70.0000,57.0000
554.0000,831.0000,70.0000,58.0000
584.0000,831.0000,68.0000,56.0000
591.0000,826.0000,69.0000,57.0000
594.0000,799.0000,70.0000,58.0000
604.0000,762.0000,69.0000,57.0000
2
0
0
0
0
1
559.0000,739.0000,42.0000,63.0000
558.0000,738.0000,42.0000,64.0000
559.0000,737.0000,43.0000,65.0000
564.0000,742.0000,42.0000,63.0000
562.0000,740.0000,43.0000,65.0000
560.0000,739.0000,44.0000,67.0000
560.0000,735.0000,44.0000,67.0000
558.0000,729.0000,43.0000,66.0000
558.0000,728.0000,43.0000,65.0000
556.0000,727.0000,44.0000,67.0000
555.0000,726.0000,44.0000,67.0000
554.0000,723.0000,44.0000,67.0000
552.0000,720.0000,45.0000,68.0000
552.0000,723.0000,43.0000,66.0000
552.0000,725.0000,43.0000,65.0000
551.0000,727.0000,41.0000,63.0000
551.0000,727.0000,41.0000,63.0000
549.0000,728.0000,42.0000,64.0000
547.0000,730.0000,41.0000,63.0000
548.0000,729.0000,40.0000,61.0000
548.0000,727.0000,41.0000,63.0000
553.0000,727.0000,40.0000,61.0000
554.0000,729.0000,39.0000,59.0000
552.0000,730.0000,39.0000,59.0000
551.0000,732.0000,38.0000,57.0000
550.0000,729.0000,37.0000,57.0000
548.0000,725.0000,37.0000,57.0000
546.0000,721.0000,37.0000,57.0000
540.0000,715.0000,39.0000,59.0000
539.0000,710.0000,37.0000,57.0000
535.0000,698.0000,38.0000,58.0000
531.0000,677.0000,38.0000,58.0000
531.0000,648.0000,39.0000,59.0000
539.0000,630.0000,39.0000,59.0000
532.0000,609.0000,37.0000,57.0000
549.0000,615.0000,37.0000,56.0000
2
0
0
0
0
1
706.0000,681.0000,69.0000,62.0000
706.0000,683.0000,67.0000,60.0000
704.0000,690.0000,67.0000,61.0000
706.0000,692.0000,66.0000,59.0000
706.0000,696.0000,65.0000,59.0000
706.0000,699.0000,67.0000,60.0000
705.0000,708.0000,68.0000,61.0000
698.0000,716.0000,67.0000,60.0000
692.0000,720.0000,69.0000,62.0000
725.0000,728.0000,67.0000,61.0000
713.0000,713.0000,66.0000,59.0000
2
0
0
0
0
1
603.0000,788.0000,60.0000,62.0000
589.0000,800.0000,58.0000,60.0000
574.0000,809.0000,60.0000,62.0000
550.0000,820.0000,60.0000,62.0000
520.0000,824.0000,61.0000,63.0000
496.0000,831.0000,59.0000,61.0000
489.0000,836.0000,59.0000,61.0000
483.0000,846.0000,58.0000,60.0000
476.0000,850.0000,59.0000,61.0000
474.0000,848.0000,60.0000,62.0000
474.0000,845.0000,62.0000,64.0000
471.0000,840.0000,61.0000,63.0000
465.0000,837.0000,62.0000,63.0000
453.0000,835.0000,60.0000,62.0000
439.0000,826.0000,59.0000,61.0000
418.0000,827.0000,58.0000,60.0000
367.0000,829.0000,58.0000,60.0000
377.0000,828.0000,58.0000,60.0000
348.0000,798.0000,59.0000,61.0000
343.0000,785.0000,59.0000,60.0000
336.0000,776.0000,60.0000,62.0000
338.0000,760.0000,62.0000,63.0000
322.0000,780.0000,60.0000,62.0000
314.0000,778.0000,59.0000,60.0000
302.0000,768.0000,58.0000,59.0000
316.0000,733.0000,56.0000,57.0000
310.0000,762.0000,54.0000,56.0000
335.0000,746.0000,53.0000,54.0000
354.0000,729.0000,52.0000,54.0000
382.0000,714.0000,53.0000,55.0000
405.0000,700.0000,55.0000,56.0000
416.0000,695.0000,56.0000,58.0000
431.0000,695.0000,55.0000,56.0000
452.0000,696.0000,55.0000,56.0000
467.0000,690.0000,55.0000,56.0000
467.0000,671.0000,56.0000,58.0000
470.0000,645.0000,56.0000,58.0000
459.0000,611.0000,57.0000,59.0000
477.0000,605.0000,56.0000,57.0000
2
0
0
0
0
1
292.0000,436.0000,65.0000,59.0000
290.0000,404.0000,65.0000,59.0000
271.0000,372.0000,63.0000,58.0000
262.0000,366.0000,61.0000,56.0000
2
0
0
0
0
1
311.0000,199.0000,57.0000,67.0000
321.0000,200.0000,56.0000,66.0000
332.0000,198.0000,58.0000,68.0000
332.0000,193.0000,57.0000,67.0000
319.0000,201.0000,57.0000,67.0000
307.0000,210.0000,57.0000,67.0000
265.0000,208.0000,58.0000,69.0000
270.0000,230.0000,59.0000,69.0000
288.0000,232.0000,61.0000,71.0000
242.0000,233.0000,60.0000,71.0000
234.0000,268.0000,62.0000,73.0000
201.0000,259.0000,60.0000,71.0000
223.0000,267.0000,58.0000,69.0000
197.0000,302.0000,59.0000,69.0000
205.0000,308.0000,60.0000,71.0000
216.0000,312.0000,58.0000,69.0000
224.0000,319.0000,57.0000,67.0000
232.0000,336.0000,56.0000,66.0000
226.0000,359.0000,56.0000,66.0000
248.0000,393.0000,57.0000,67.0000
247.0000,398.0000,56.0000,65.0000
261.0000,418.0000,57.0000,67.0000
2
0
0
0
0
1
132.0000,510.0000,71.0000,39.0000
133.0000,510.0000,70.0000,39.0000
133.0000,508.0000,72.0000,40.0000
134.0000,509.0000,70.0000,39.0000
134.0000,510.0000,70.0000,39.0000
133.0000,509.0000,71.0000,39.0000
133.0000,509.0000,72.0000,40.0000
131.0000,508.0000,74.0000,41.0000
130.0000,509.0000,75.0000,41.0000
131.0000,509.0000,73.0000,41.0000
131.0000,507.0000,71.0000,39.0000
132.0000,506.0000,70.0000,39.0000
132.0000,506.0000,72.0000,40.0000
133.0000,506.0000,70.0000,39.0000
135.0000,509.0000,68.0000,37.0000
133.0000,510.0000,67.0000,37.0000
131.0000,511.0000,68.0000,37.0000
128.0000,512.0000,70.0000,39.0000
129.0000,514.0000,68.0000,38.0000
128.0000,516.0000,66.0000,37.0000
131.0000,518.0000,64.0000,36.0000
135.0000,504.0000,66.0000,36.0000
141.0000,508.0000,66.0000,36.0000
149.0000,525.0000,64.0000,35.0000
138.0000,509.0000,66.0000,36.0000
110.0000,488.0000,65.0000,36.0000
109.0000,488.0000,64.0000,36.0000
111.0000,488.0000,65.0000,36.0000
2
0
0
0
0
1
171.0000,514.0000,39.0000,68.0000
175.0000,513.0000,38.0000,67.0000
179.0000,515.0000,37.0000,65.0000
184.0000,525.0000,38.0000,67.0000
186.0000,537.0000,40.0000,70.0000
189.0000,554.0000,40.0000,71.0000
191.0000,555.0000,41.0000,72.0000
191.0000,557.0000,41.0000,72.0000
187.0000,562.0000,40.0000,71.0000
185.0000,580.0000,42.0000,73.0000
180.0000,572.0000,41.0000,72.0000
163.0000,558.0000,42.0000,74.0000
174.0000,623.0000,42.0000,74.0000
171.0000,622.0000,42.0000,75.0000
178.0000,621.0000,42.0000,75.0000
173.0000,621.0000,41.0000,72.0000
173.0000,620.0000,42.0000,74.0000
198.0000,624.0000,41.0000,72.0000
187.0000,596.0000,41.0000,72.0000
164.0000,618.0000,42.0000,74.0000
165.0000,619.0000,42.0000,73.0000
167.0000,624.0000,43.0000,75.0000
167.0000,626.0000,44.0000,78.0000
164.0000,626.0000,45.0000,80.0000
162.0000,621.0000,47.0000,82.0000
165.0000,621.0000,47.0000,83.0000
161.0000,622.0000,49.0000,86.0000
165.0000,623.0000,47.0000,83.0000
164.0000,624.0000,47.0000,82.0000
162.0000,628.0000,46.0000,81.0000
165.0000,627.0000,45.0000,79.0000
165.0000,628.0000,44.0000,77.0000
166.0000,629.0000,43.0000,76.0000
165.0000,629.0000,44.0000,78.0000
167.0000,631.0000,43.0000,75.0000
168.0000,633.0000,42.0000,73.0000
168.0000,631.0000,42.0000,74.0000
166.0000,626.0000,43.0000,75.0000
168.0000,625.0000,42.0000,73.0000
171.0000,626.0000,41.0000,72.0000
176.0000,626.0000,41.0000,72.0000
183.0000,626.0000,41.0000,72.0000
180.0000,630.0000,42.0000,75.0000
186.0000,631.0000,42.0000,73.0000
174.0000,642.0000,42.0000,74.0000
187.0000,628.0000,42.0000,75.0000
187.0000,626.0000,42.0000,73.0000
163.0000,633.0000,43.0000,75.0000
161.0000,629.0000,44.0000,78.0000
161.0000,629.0000,45.0000,80.0000
200.0000,644.0000,45.0000,78.0000
209.0000,646.0000,43.0000,76.0000
217.0000,659.0000,43.0000,75.0000
229.0000,664.0000,42.0000,75.0000
236.0000,669.0000,42.0000,73.0000
257.0000,695.0000,41.0000,72.0000
302.0000,723.0000,41.0000,72.0000
329.0000,734.0000,40.0000,70.0000
346.0000,748.0000,40.0000,70.0000
355.0000,753.0000,41.0000,72.0000
360.0000,751.0000,41.0000,72.0000
365.0000,760.0000,42.0000,75.0000
373.0000,764.0000,41.0000,72.0000
385.0000,760.0000,40.0000,71.0000
382.0000,770.0000,39.0000,69.0000
401.0000,764.0000,40.0000,71.0000
400.0000,765.0000,41.0000,72.0000
405.0000,742.0000,40.0000,70.0000
405.0000,741.0000,40.0000,70.0000
403.0000,738.0000,40.0000,71.0000
403.0000,734.0000,41.0000,72.0000
405.0000,725.0000,42.0000,74.0000
420.0000,719.0000,41.0000,72.0000
445.0000,710.0000,42.0000,73.0000
432.0000,732.0000,41.0000,72.0000
426.0000,693.0000,40.0000,70.0000
2
0
0
0
0
1
596.0000,802.0000,20.0000,70.0000
593.0000,816.0000,20.0000,70.0000
591.0000,797.0000,20.0000,70.0000
573.0000,806.0000,19.0000,68.0000
574.0000,838.0000,19.0000,68.0000
2
0
0
0
0
1
297.0000,805.0000,68.0000,27.0000
292.0000,813.0000,66.0000,26.0000
2
0
0
