0.000129
0.2318
0.005333
0.004874
0.005037
0.004959
0.004811
0.00471
0.004954
0.005084
0.00517
0.004712
0.004749
0.004785
0.004771
0.004672
0.005001
0.005194
0.004541
0.004955
0.004968
0.004956
0.005063
0.005053
0.005307
0.005363
0.005132
0.005286
0.008169
0.008515
0.007055
0.006004
0.005174
0.005002
0.005065
0.004888
0.005529
0.004763
0.005406
0.004961
0.00512
0.004726
0.0049
0.005009
0.005168
0.004858
0.004763
0.005007
0.004778
0.004747
0.004896
0.004661
0.004759
0.005136
0.005378
0.00479
0.004776
0.004852
0.004935
0.004974
0.0049
0.004838
0.005462
NaN
NaN
NaN
NaN
0.000176
0.2231
0.00461
0.004446
0.004396
0.004305
0.004709
0.004462
0.006715
0.008617
0.005606
0.005965
0.005511
0.00594
0.004645
0.004823
0.004426
0.00449
0.00449
0.004387
0.004392
0.004481
NaN
NaN
NaN
NaN
0.000184
0.21783
0.00451
0.004249
0.00441
0.004256
0.004298
0.004407
0.004637
0.004349
0.004217
0.004219
0.004812
0.004247
0.004291
0.007571
0.006758
0.006031
0.004617
0.004615
0.004387
NaN
NaN
NaN
NaN
0.000164
0.22646
0.004204
0.003729
0.003877
0.00397
0.003639
0.003633
0.003671
0.003936
0.003651
0.003899
0.00368
0.003693
0.003681
0.003843
NaN
NaN
NaN
NaN
0.000149
0.20997
0.004703
0.005016
0.004336
0.004485
0.004422
0.004322
0.004464
0.005189
0.004722
0.004659
0.004531
0.004729
NaN
NaN
NaN
NaN
0.000139
0.2207
0.004948
0.004677
0.004449
0.00484
0.004645
0.004346
0.004614
0.004421
0.004436
0.004343
0.004683
0.004581
0.004393
0.004939
0.00459
0.004471
0.004794
0.004655
0.004581
0.004576
0.004527
0.004548
0.004472
0.004411
0.004343
0.004531
0.004641
0.004489
0.004876
0.00458
0.004729
0.004373
0.004514
0.004525
0.004905
0.004441
0.004541
0.004719
0.004843
0.004588
0.004992
0.00454
0.004422
0.004739
0.00448
0.004384
0.00495
0.004444
0.00445
0.004499
0.004438
0.004305
0.004256
0.006656
0.008458
0.006369
0.005704
0.005314
0.004637
0.004566
0.00448
0.004299
0.004373
0.004584
0.004425
0.004724
0.004532
0.00423
0.004309
0.004432
0.004682
0.004129
0.004335
0.004355
0.004877
0.004693
0.006317
0.008654
0.006912
0.005767
0.005081
0.005082
0.004395
0.004447
0.004301
0.004227
0.005531
0.004931
0.004428
0.004174
0.004163
0.004515
0.004222
0.004451
0.004156
0.004488
0.004315
0.004112
0.004137
0.004487
0.004061
0.004248
0.004123
0.004248
0.004239
0.004454
0.004503
0.004723
0.004461
0.004496
0.004281
0.00695
0.008786
0.007524
0.006219
0.005093
0.004802
0.004544
0.004448
0.004848
0.004534
0.004206
0.004343
0.004351
0.004296
0.004665
0.004371
0.004513
0.004484
0.004735
0.004583
0.004876
0.004606
0.00443
0.004271
0.005052
0.004752
0.00462
0.004434
0.004671
0.004317
0.004559
0.004261
0.00415
0.004311
0.00461
0.004279
0.004331
0.004319
0.004865
0.004691
0.004441
0.004296
0.004609
0.004264
0.004104
0.004568
0.004204
0.004121
0.004216
0.004629
0.004274
0.004355
0.004416
NaN
NaN
NaN
NaN
0.000143
0.21481
0.004868
0.004402
0.004623
0.004727
0.004928
0.00452
0.004984
0.004529
0.004465
0.004583
0.004514
0.004307
0.004606
0.004383
0.004373
0.004411
0.004909
0.004451
0.004304
0.004504
0.004266
0.004544
0.004431
0.004627
0.004395
0.004638
0.005087
0.00512
0.004884
0.004353
0.004328
0.004255
0.004557
0.004361
0.004223
0.004303
0.004493
0.006465
0.008278
0.006741
0.005817
0.004967
0.004629
0.004365
0.004826
0.004793
0.004256
0.004336
0.004089
0.004663
0.004142
0.004178
0.004292
0.004224
0.004168
0.004092
0.004081
0.004251
0.004233
0.004372
0.004159
0.004242
0.004447
0.004235
0.004371
0.004661
0.004641
0.004227
0.004483
0.004537
0.004329
0.004571
0.004299
0.004102
0.004153
0.004047
0.004108
0.003996
0.00407
0.006406
0.007962
0.007839
NaN
NaN
NaN
NaN
0.000141
0.22363
0.008032
0.007885
0.006159
0.00586
0.005063
0.004725
0.004896
NaN
NaN
NaN
NaN
0.000184
0.22569
0.00472
0.004841
0.004883
0.004429
0.007319
0.004543
0.004371
0.004798
0.004798
0.004725
0.00442
0.00469
0.007017
0.009107
0.00816
0.007107
0.00574
0.00698
0.005293
0.007841
0.012387
0.011038
0.007338
0.007379
0.007803
0.008725
0.009797
0.009247
0.007102
0.007797
0.008617
0.007552
0.007508
0.008483
0.012779
0.007489
NaN
NaN
NaN
NaN
0.000177
0.22229
0.005084
0.005263
0.004395
0.004926
0.004361
0.004891
0.004148
0.006179
0.007654
0.006251
0.00538
0.00565
0.004706
0.008484
0.008064
0.006847
0.005561
0.004671
0.00447
NaN
NaN
NaN
NaN
0.000167
0.21993
0.005407
0.005528
0.004513
0.004455
0.004598
0.004502
0.004478
0.005301
0.004437
0.004319
0.007108
0.008356
NaN
NaN
NaN
NaN
0.000151
0.21826
0.004723
0.007073
0.008588
0.007359
0.006021
0.006558
0.004947
NaN
NaN
NaN
NaN
0.000133
0.25184
0.00529
0.004765
0.006096
0.00585
0.004996
0.005048
NaN
NaN
NaN
NaN
0.00017
0.24562
0.006417
0.005291
0.004895
0.005431
0.004701
0.006657
0.004513
0.004699
0.004267
0.004312
0.004491
0.004924
0.004584
0.004484
0.004204
0.004339
0.004528
0.004568
0.004338
0.004362
0.004669
0.004241
NaN
NaN
NaN
NaN
0.000181
0.21559
0.00543
0.005403
0.005436
0.005243
0.005401
0.005729
0.005236
0.005059
0.005319
0.004977
0.004794
0.004921
0.004845
0.004776
0.004873
0.004963
0.004904
0.004822
0.005052
0.004881
0.004958
0.005125
0.004997
0.004928
0.007951
0.008788
0.007418
NaN
NaN
NaN
NaN
0.000558
0.23912
0.005396
0.004886
0.005056
0.00489
0.004713
0.004448
0.0044
0.00456
0.004375
0.004365
NaN
NaN
NaN
NaN
0.000177
0.26145
0.0054
0.005142
0.004992
0.004902
0.005024
0.00499
0.004985
0.005422
0.005028
NaN
NaN
NaN
NaN
0.00017
0.22676
0.004597
0.004587
0.005025
0.004704
0.004463
0.004566
0.004598
0.004514
0.004721
0.004882
0.004774
0.004777
0.004846
0.004834
0.005305
0.004935
0.004796
0.004816
0.004863
0.005282
0.004877
0.004681
0.00487
0.004906
0.00557
0.005002
0.005355
0.004924
0.006315
0.005545
0.005249
0.005927
0.004995
0.005115
0.005779
0.005308
0.004927
0.004761
0.004767
NaN
NaN
NaN
NaN
0.00018
0.22024
0.004308
0.00421
0.004438
0.004378
0.004196
0.004276
0.004414
0.006669
0.008194
0.007137
0.006301
NaN
NaN
NaN
NaN
0.000174
0.21831
0.004682
0.004533
0.004357
0.00469
0.004315
0.004345
0.004356
NaN
NaN
NaN
NaN
0.000157
0.20961
0.004649
