1.2116,1.1696,1.1652,0,0,0,0,0,0,0,0,0,0,0,0
0.16395,0.14743,0.13787,0,0,0,0,0,0,0,0,0,0,0,0
0.084572,0.083252,0.073412,0,0,0,0,0,0,0,0,0,0,0,0
0.07592,0.065081,0.06055,0,0,0,0,0,0,0,0,0,0,0,0
0.098576,0.090304,0.092004,0,0,0,0,0,0,0,0,0,0,0,0
0.093926,0.07454,0.072893,0,0,0,0,0,0,0,0,0,0,0,0
0.063738,0.05677,0.045144,0,0,0,0,0,0,0,0,0,0,0,0
0.058042,0.044734,0.054682,0,0,0,0,0,0,0,0,0,0,0,0
0.043552,0.050431,0.043386,0,0,0,0,0,0,0,0,0,0,0,0
0.023537,0.029108,0.018463,0,0,0,0,0,0,0,0,0,0,0,0
0.026944,0.018913,0.019267,0,0,0,0,0,0,0,0,0,0,0,0
0.021791,0.018837,0.019578,0,0,0,0,0,0,0,0,0,0,0,0
0.019872,0.018594,0.021224,0,0,0,0,0,0,0,0,0,0,0,0
0.035339,0.018648,0.019239,0,0,0,0,0,0,0,0,0,0,0,0
0.042929,0.05791,0.044625,0,0,0,0,0,0,0,0,0,0,0,0
0.019886,0.020233,0.019662,0,0,0,0,0,0,0,0,0,0,0,0
0.024349,0.021862,0.0183,0,0,0,0,0,0,0,0,0,0,0,0
0.018651,0.020005,0.01794,0,0,0,0,0,0,0,0,0,0,0,0
0.036804,0.01966,0.019147,0,0,0,0,0,0,0,0,0,0,0,0
0.019642,0.026696,0.018968,0,0,0,0,0,0,0,0,0,0,0,0
0.058108,0.040564,0.048057,0,0,0,0,0,0,0,0,0,0,0,0
0.019311,0.019179,0.021636,0,0,0,0,0,0,0,0,0,0,0,0
0.018972,0.018815,0.021317,0,0,0,0,0,0,0,0,0,0,0,0
0.019594,0.030413,0.028868,0,0,0,0,0,0,0,0,0,0,0,0
0.019629,0.019754,0.029982,0,0,0,0,0,0,0,0,0,0,0,0
0.022981,0.019586,0.019922,0,0,0,0,0,0,0,0,0,0,0,0
0.042428,0.053994,0.057543,0,0,0,0,0,0,0,0,0,0,0,0
0.040322,0.028582,0.019235,0,0,0,0,0,0,0,0,0,0,0,0
0.020359,0.019661,0.035323,0,0,0,0,0,0,0,0,0,0,0,0
0.038289,0.020008,0.019697,0,0,0,0,0,0,0,0,0,0,0,0
0.027245,0.028272,0.040395,0,0,0,0,0,0,0,0,0,0,0,0
0.035612,0.021717,0.02221,0,0,0,0,0,0,0,0,0,0,0,0
0.061479,0.047371,0.050339,0,0,0,0,0,0,0,0,0,0,0,0
0.020671,0.022707,0.043245,0,0,0,0,0,0,0,0,0,0,0,0
0.044372,0.033407,0.025689,0,0,0,0,0,0,0,0,0,0,0,0
0.019841,0.021096,0.020843,0,0,0,0,0,0,0,0,0,0,0,0
0.035202,0.019855,0.020119,0,0,0,0,0,0,0,0,0,0,0,0
0.026796,0.020112,0.019964,0,0,0,0,0,0,0,0,0,0,0,0
0.040778,0.040973,0.050783,0,0,0,0,0,0,0,0,0,0,0,0
0.022507,0.020568,0.022402,0,0,0,0,0,0,0,0,0,0,0,0
0.027678,0.01994,0.025988,0,0,0,0,0,0,0,0,0,0,0,0
0.026939,0.019449,0.020519,0,0,0,0,0,0,0,0,0,0,0,0
0.028698,0.019494,0.02075,0,0,0,0,0,0,0,0,0,0,0,0
0.024329,0.01987,0.019778,0,0,0,0,0,0,0,0,0,0,0,0
0.04887,0.047414,0.047569,0,0,0,0,0,0,0,0,0,0,0,0
0.028772,0.020765,0.019482,0,0,0,0,0,0,0,0,0,0,0,0
0.019743,0.025504,0.030237,0,0,0,0,0,0,0,0,0,0,0,0
0.018755,0.024459,0.018725,0,0,0,0,0,0,0,0,0,0,0,0
0.018662,0.018681,0.029862,0,0,0,0,0,0,0,0,0,0,0,0
0.018611,0.018949,0.024368,0,0,0,0,0,0,0,0,0,0,0,0
0.042099,0.041307,0.04598,0,0,0,0,0,0,0,0,0,0,0,0
0.018579,0.018939,0.02608,0,0,0,0,0,0,0,0,0,0,0,0
0.027963,0.035312,0.019074,0,0,0,0,0,0,0,0,0,0,0,0
0.026839,0.024443,0.027871,0,0,0,0,0,0,0,0,0,0,0,0
0.018629,0.018636,0.020455,0,0,0,0,0,0,0,0,0,0,0,0
0.041891,0.037171,0.028019,0,0,0,0,0,0,0,0,0,0,0,0
0.048913,0.045094,0.042961,0,0,0,0,0,0,0,0,0,0,0,0
0.024205,0.024501,0.019275,0,0,0,0,0,0,0,0,0,0,0,0
0.019926,0.02225,0.023339,0,0,0,0,0,0,0,0,0,0,0,0
0.02606,0.019064,0.019612,0,0,0,0,0,0,0,0,0,0,0,0
0.029406,0.019016,0.019404,0,0,0,0,0,0,0,0,0,0,0,0
0.02093,0.01896,0.017834,0,0,0,0,0,0,0,0,0,0,0,0
0.049543,0.043554,0.048172,0,0,0,0,0,0,0,0,0,0,0,0
0.021124,0.019382,0.022478,0,0,0,0,0,0,0,0,0,0,0,0
0.019929,0.027068,0.020752,0,0,0,0,0,0,0,0,0,0,0,0
0.021511,0.018097,0.032516,0,0,0,0,0,0,0,0,0,0,0,0
0.021017,0.02403,0.020655,0,0,0,0,0,0,0,0,0,0,0,0
0.021035,0.029099,0.020472,0,0,0,0,0,0,0,0,0,0,0,0
0.053284,0.042774,0.050036,0,0,0,0,0,0,0,0,0,0,0,0
0.024058,0.032032,0.018342,0,0,0,0,0,0,0,0,0,0,0,0
0.039175,0.019168,0.018334,0,0,0,0,0,0,0,0,0,0,0,0
0.021048,0.019864,0.01899,0,0,0,0,0,0,0,0,0,0,0,0
0.020465,0.019847,0.018227,0,0,0,0,0,0,0,0,0,0,0,0
0.019863,0.01894,0.018729,0,0,0,0,0,0,0,0,0,0,0,0
0.054441,0.042862,0.041795,0,0,0,0,0,0,0,0,0,0,0,0
0.019542,0.017681,0.01869,0,0,0,0,0,0,0,0,0,0,0,0
0.021505,0.034088,0.020563,0,0,0,0,0,0,0,0,0,0,0,0
0.019747,0.019363,0.01925,0,0,0,0,0,0,0,0,0,0,0,0
0.038062,0.020348,0.019384,0,0,0,0,0,0,0,0,0,0,0,0
0.021352,0.019443,0.018978,0,0,0,0,0,0,0,0,0,0,0,0
0.042755,0.050711,0.053117,0,0,0,0,0,0,0,0,0,0,0,0
0.021292,0.024625,0.025616,0,0,0,0,0,0,0,0,0,0,0,0
0.026339,0.023966,0.019743,0,0,0,0,0,0,0,0,0,0,0,0
0.021091,0.020541,0.022748,0,0,0,0,0,0,0,0,0,0,0,0
0.018697,0.019219,0.020874,0,0,0,0,0,0,0,0,0,0,0,0
0.019417,0.018716,0.020565,0,0,0,0,0,0,0,0,0,0,0,0
0.041403,0.040314,0.046235,0,0,0,0,0,0,0,0,0,0,0,0
0.019809,0.021932,0.019276,0,0,0,0,0,0,0,0,0,0,0,0
0.025012,0.024187,0.018364,0,0,0,0,0,0,0,0,0,0,0,0
0.018791,0.018422,0.019493,0,0,0,0,0,0,0,0,0,0,0,0
0.030136,0.029102,0.019916,0,0,0,0,0,0,0,0,0,0,0,0
0.016929,0.018161,0.022919,0,0,0,0,0,0,0,0,0,0,0,0
0.055803,0.042092,0.04865,0,0,0,0,0,0,0,0,0,0,0,0
0.024394,0.019033,0.02634,0,0,0,0,0,0,0,0,0,0,0,0
0.017237,0.017433,0.023499,0,0,0,0,0,0,0,0,0,0,0,0
0.030314,0.025043,0.021441,0,0,0,0,0,0,0,0,0,0,0,0
0.018152,0.018948,0.027126,0,0,0,0,0,0,0,0,0,0,0,0
0.017934,0.017651,0.020122,0,0,0,0,0,0,0,0,0,0,0,0
0.040747,0.03984,0.048512,0,0,0,0,0,0,0,0,0,0,0,0
0.017665,0.018573,0.020137,0,0,0,0,0,0,0,0,0,0,0,0
0.018354,0.026052,0.019258,0,0,0,0,0,0,0,0,0,0,0,0
0.017363,0.019853,0.018781,0,0,0,0,0,0,0,0,0,0,0,0
0.017841,0.017841,0.018922,0,0,0,0,0,0,0,0,0,0,0,0
0.017043,0.017985,0.024238,0,0,0,0,0,0,0,0,0,0,0,0
0.042757,0.040936,0.040684,0,0,0,0,0,0,0,0,0,0,0,0
0.018501,0.017764,0.017799,0,0,0,0,0,0,0,0,0,0,0,0
0.01734,0.018368,0.01892,0,0,0,0,0,0,0,0,0,0,0,0
0.017925,0.018972,0.019318,0,0,0,0,0,0,0,0,0,0,0,0
0.019216,0.017334,0.019289,0,0,0,0,0,0,0,0,0,0,0,0
0.024871,0.02589,0.031932,0,0,0,0,0,0,0,0,0,0,0,0
0.039821,0.048961,0.049863,0,0,0,0,0,0,0,0,0,0,0,0
0.025026,0.018009,0.0198,0,0,0,0,0,0,0,0,0,0,0,0
0.032406,0.018948,0.017329,0,0,0,0,0,0,0,0,0,0,0,0
0.018852,0.019252,0.017764,0,0,0,0,0,0,0,0,0,0,0,0
0.019709,0.023837,0.01745,0,0,0,0,0,0,0,0,0,0,0,0
0.01915,0.017471,0.017849,0,0,0,0,0,0,0,0,0,0,0,0
0.052092,0.041746,0.040183,0,0,0,0,0,0,0,0,0,0,0,0
0.024517,0.021114,0.019579,0,0,0,0,0,0,0,0,0,0,0,0
0.017725,0.019595,0.030117,0,0,0,0,0,0,0,0,0,0,0,0
0.018052,0.01838,0.018649,0,0,0,0,0,0,0,0,0,0,0,0
0.018122,0.018599,0.018587,0,0,0,0,0,0,0,0,0,0,0,0
0.027914,0.027918,0.017684,0,0,0,0,0,0,0,0,0,0,0,0
0.043476,0.040808,0.042324,0,0,0,0,0,0,0,0,0,0,0,0
0.01748,0.020605,0.020504,0,0,0,0,0,0,0,0,0,0,0,0
0.027331,0.025191,0.018737,0,0,0,0,0,0,0,0,0,0,0,0
0.019453,0.019749,0.018271,0,0,0,0,0,0,0,0,0,0,0,0
0.028692,0.019673,0.029984,0,0,0,0,0,0,0,0,0,0,0,0
0.023625,0.020529,0.024622,0,0,0,0,0,0,0,0,0,0,0,0
0.037493,0.046536,0.048862,0,0,0,0,0,0,0,0,0,0,0,0
0.018564,0.01936,0.017991,0,0,0,0,0,0,0,0,0,0,0,0
0.027868,0.032041,0.03086,0,0,0,0,0,0,0,0,0,0,0,0
0.018871,0.019646,0.019025,0,0,0,0,0,0,0,0,0,0,0,0
0.01921,0.020281,0.029881,0,0,0,0,0,0,0,0,0,0,0,0
0.023164,0.020452,0.019941,0,0,0,0,0,0,0,0,0,0,0,0
0.040332,0.047612,0.048529,0,0,0,0,0,0,0,0,0,0,0,0
0.021896,0.034526,0.028327,0,0,0,0,0,0,0,0,0,0,0,0
0.020394,0.020512,0.020834,0,0,0,0,0,0,0,0,0,0,0,0
0.019142,0.01995,0.026349,0,0,0,0,0,0,0,0,0,0,0,0
0.019164,0.020458,0.018411,0,0,0,0,0,0,0,0,0,0,0,0
0.018897,0.02122,0.019175,0,0,0,0,0,0,0,0,0,0,0,0
0.040108,0.047846,0.042388,0,0,0,0,0,0,0,0,0,0,0,0
0.023154,0.019507,0.028699,0,0,0,0,0,0,0,0,0,0,0,0
0.025935,0.020488,0.019482,0,0,0,0,0,0,0,0,0,0,0,0
0.017825,0.029813,0.028764,0,0,0,0,0,0,0,0,0,0,0,0
0.018085,0.020503,0.019046,0,0,0,0,0,0,0,0,0,0,0,0
0.018545,0.027096,0.019075,0,0,0,0,0,0,0,0,0,0,0,0
0.040499,0.040406,0.04238,0,0,0,0,0,0,0,0,0,0,0,0
0.01792,0.021362,0.019571,0,0,0,0,0,0,0,0,0,0,0,0
0.01886,0.018585,0.019495,0,0,0,0,0,0,0,0,0,0,0,0
0.031185,0.028767,0.027885,0,0,0,0,0,0,0,0,0,0,0,0
0.024181,0.018328,0.019488,0,0,0,0,0,0,0,0,0,0,0,0
0.018633,0.018742,0.018757,0,0,0,0,0,0,0,0,0,0,0,0
0.042843,0.048464,0.046853,0,0,0,0,0,0,0,0,0,0,0,0
0.019275,0.019506,0.024631,0,0,0,0,0,0,0,0,0,0,0,0
0.019339,0.019272,0.019753,0,0,0,0,0,0,0,0,0,0,0,0
0.019231,0.019709,0.019683,0,0,0,0,0,0,0,0,0,0,0,0
0.018018,0.019216,0.020412,0,0,0,0,0,0,0,0,0,0,0,0
0.017947,0.019328,0.017771,0,0,0,0,0,0,0,0,0,0,0,0
0.053802,0.042576,0.04399,0,0,0,0,0,0,0,0,0,0,0,0
0.017877,0.019558,0.01803,0,0,0,0,0,0,0,0,0,0,0,0
0.019582,0.018174,0.016993,0,0,0,0,0,0,0,0,0,0,0,0
0.018542,0.019107,0.018082,0,0,0,0,0,0,0,0,0,0,0,0
0.017852,0.018822,0.018578,0,0,0,0,0,0,0,0,0,0,0,0
0.020895,0.01853,0.024262,0,0,0,0,0,0,0,0,0,0,0,0
0.040912,0.047495,0.062333,0,0,0,0,0,0,0,0,0,0,0,0
0.018222,0.023948,0.019998,0,0,0,0,0,0,0,0,0,0,0,0
0.017288,0.018729,0.019826,0,0,0,0,0,0,0,0,0,0,0,0
0.021882,0.029712,0.019913,0,0,0,0,0,0,0,0,0,0,0,0
0.016931,0.017901,0.01972,0,0,0,0,0,0,0,0,0,0,0,0
0.018155,0.018418,0.019588,0,0,0,0,0,0,0,0,0,0,0,0
0.037664,0.041198,0.049396,0,0,0,0,0,0,0,0,0,0,0,0
0.018425,0.017229,0.020207,0,0,0,0,0,0,0,0,0,0,0,0
0.01909,0.025282,0.020092,0,0,0,0,0,0,0,0,0,0,0,0
0.018225,0.017587,0.019014,0,0,0,0,0,0,0,0,0,0,0,0
0.019127,0.018526,0.019694,0,0,0,0,0,0,0,0,0,0,0,0
0.019051,0.01784,0.019751,0,0,0,0,0,0,0,0,0,0,0,0
0.038498,0.042886,0.055989,0,0,0,0,0,0,0,0,0,0,0,0
0.018348,0.023377,0.02025,0,0,0,0,0,0,0,0,0,0,0,0
0.018871,0.023999,0.021158,0,0,0,0,0,0,0,0,0,0,0,0
0.018357,0.019921,0.021272,0,0,0,0,0,0,0,0,0,0,0,0
0.018874,0.017539,0.019819,0,0,0,0,0,0,0,0,0,0,0,0
0.017761,0.018555,0.020121,0,0,0,0,0,0,0,0,0,0,0,0
0.039942,0.040126,0.048324,0,0,0,0,0,0,0,0,0,0,0,0
0.01736,0.026026,0.0193,0,0,0,0,0,0,0,0,0,0,0,0
0.018614,0.019093,0.020259,0,0,0,0,0,0,0,0,0,0,0,0
0.019268,0.030723,0.019899,0,0,0,0,0,0,0,0,0,0,0,0
0.029811,0.023725,0.020212,0,0,0,0,0,0,0,0,0,0,0,0
0.018096,0.025002,0.02039,0,0,0,0,0,0,0,0,0,0,0,0
0.040009,0.042808,0.047971,0,0,0,0,0,0,0,0,0,0,0,0
0.017771,0.031867,0.019393,0,0,0,0,0,0,0,0,0,0,0,0
0.024722,0.023809,0.020107,0,0,0,0,0,0,0,0,0,0,0,0
0.018716,0.024307,0.020134,0,0,0,0,0,0,0,0,0,0,0,0
0.017993,0.025286,0.026861,0,0,0,0,0,0,0,0,0,0,0,0
0.018795,0.01937,0.027754,0,0,0,0,0,0,0,0,0,0,0,0
0.051202,0.055587,0.047878,0,0,0,0,0,0,0,0,0,0,0,0
0.036111,0.016821,0.019626,0,0,0,0,0,0,0,0,0,0,0,0
0.017794,0.018218,0.019621,0,0,0,0,0,0,0,0,0,0,0,0
0.017626,0.02575,0.020039,0,0,0,0,0,0,0,0,0,0,0,0
0.018217,0.024318,0.019479,0,0,0,0,0,0,0,0,0,0,0,0
0.017565,0.016556,0.019171,0,0,0,0,0,0,0,0,0,0,0,0
0.049532,0.041377,0.040959,0,0,0,0,0,0,0,0,0,0,0,0
0.024497,0.017112,0.019895,0,0,0,0,0,0,0,0,0,0,0,0
0.024971,0.021757,0.019749,0,0,0,0,0,0,0,0,0,0,0,0
0.023902,0.019011,0.028624,0,0,0,0,0,0,0,0,0,0,0,0
0.023919,0.02045,0.018622,0,0,0,0,0,0,0,0,0,0,0,0
0.017327,0.020976,0.018416,0,0,0,0,0,0,0,0,0,0,0,0
0.041436,0.039957,0.042806,0,0,0,0,0,0,0,0,0,0,0,0
0.018873,0.018451,0.017866,0,0,0,0,0,0,0,0,0,0,0,0
0.020104,0.019293,0.018305,0,0,0,0,0,0,0,0,0,0,0,0
0.023068,0.018376,0.030262,0,0,0,0,0,0,0,0,0,0,0,0
0.018694,0.020117,0.017047,0,0,0,0,0,0,0,0,0,0,0,0
0.017453,0.018972,0.018847,0,0,0,0,0,0,0,0,0,0,0,0
0.050397,0.040276,0.041792,0,0,0,0,0,0,0,0,0,0,0,0
0.019066,0.018114,0.017912,0,0,0,0,0,0,0,0,0,0,0,0
0.019427,0.017687,0.019056,0,0,0,0,0,0,0,0,0,0,0,0
0.021386,0.021347,0.018332,0,0,0,0,0,0,0,0,0,0,0,0
0.017188,0.019959,0.018951,0,0,0,0,0,0,0,0,0,0,0,0
0.026127,0.029322,0.016724,0,0,0,0,0,0,0,0,0,0,0,0
0.046855,0.042479,0.042858,0,0,0,0,0,0,0,0,0,0,0,0
0.016843,0.017945,0.018487,0,0,0,0,0,0,0,0,0,0,0,0
0.03206,0.018097,0.017386,0,0,0,0,0,0,0,0,0,0,0,0
0.018315,0.019482,0.018439,0,0,0,0,0,0,0,0,0,0,0,0
0.017618,0.018126,0.018207,0,0,0,0,0,0,0,0,0,0,0,0
0.017629,0.017888,0.017757,0,0,0,0,0,0,0,0,0,0,0,0
0.039634,0.040468,0.051252,0,0,0,0,0,0,0,0,0,0,0,0
0.017845,0.016789,0.01765,0,0,0,0,0,0,0,0,0,0,0,0
0.017021,0.018349,0.017914,0,0,0,0,0,0,0,0,0,0,0,0
0.018101,0.018461,0.024838,0,0,0,0,0,0,0,0,0,0,0,0
0.016959,0.021407,0.017905,0,0,0,0,0,0,0,0,0,0,0,0
0.018163,0.025253,0.017367,0,0,0,0,0,0,0,0,0,0,0,0
0.041203,0.045404,0.040483,0,0,0,0,0,0,0,0,0,0,0,0
0.018268,0.01963,0.017922,0,0,0,0,0,0,0,0,0,0,0,0
0.018587,0.021601,0.018323,0,0,0,0,0,0,0,0,0,0,0,0
0.01748,0.018532,0.016661,0,0,0,0,0,0,0,0,0,0,0,0
0.019074,0.019313,0.018422,0,0,0,0,0,0,0,0,0,0,0,0
0.024843,0.036067,0.01691,0,0,0,0,0,0,0,0,0,0,0,0
0.050659,0.044177,0.041792,0,0,0,0,0,0,0,0,0,0,0,0
0.03573,0.022268,0.018652,0,0,0,0,0,0,0,0,0,0,0,0
0.015872,0.025252,0.017753,0,0,0,0,0,0,0,0,0,0,0,0
0.019782,0.024194,0.023945,0,0,0,0,0,0,0,0,0,0,0,0
0.015601,0.016243,0.016619,0,0,0,0,0,0,0,0,0,0,0,0
0.01873,0.030413,0.01644,0,0,0,0,0,0,0,0,0,0,0,0
0.040026,0.036642,0.043837,0,0,0,0,0,0,0,0,0,0,0,0
0.024616,0.017733,0.019594,0,0,0,0,0,0,0,0,0,0,0,0
0.037076,0.020098,0.017199,0,0,0,0,0,0,0,0,0,0,0,0
0.024356,0.02347,0.016841,0,0,0,0,0,0,0,0,0,0,0,0
0.023483,0.023886,0.02665,0,0,0,0,0,0,0,0,0,0,0,0
0.024075,0.024231,0.020436,0,0,0,0,0,0,0,0,0,0,0,0
0.042032,0.04364,0.040595,0,0,0,0,0,0,0,0,0,0,0,0
0.019885,0.017115,0.018596,0,0,0,0,0,0,0,0,0,0,0,0
0.018861,0.017281,0.018404,0,0,0,0,0,0,0,0,0,0,0,0
0.019127,0.028071,0.01991,0,0,0,0,0,0,0,0,0,0,0,0
0.01973,0.027192,0.019027,0,0,0,0,0,0,0,0,0,0,0,0
0.019402,0.020705,0.018875,0,0,0,0,0,0,0,0,0,0,0,0
0.042909,0.04758,0.041571,0,0,0,0,0,0,0,0,0,0,0,0
0.027698,0.02934,0.018026,0,0,0,0,0,0,0,0,0,0,0,0
0.024392,0.018229,0.018702,0,0,0,0,0,0,0,0,0,0,0,0
0.020284,0.024393,0.018507,0,0,0,0,0,0,0,0,0,0,0,0
0.028409,0.018298,0.01883,0,0,0,0,0,0,0,0,0,0,0,0
0.024619,0.018083,0.017367,0,0,0,0,0,0,0,0,0,0,0,0
0.053622,0.040483,0.038985,0,0,0,0,0,0,0,0,0,0,0,0
0.017926,0.017231,0.018304,0,0,0,0,0,0,0,0,0,0,0,0
0.016718,0.018826,0.016777,0,0,0,0,0,0,0,0,0,0,0,0
0.018737,0.016117,0.018061,0,0,0,0,0,0,0,0,0,0,0,0
0.026209,0.01753,0.016468,0,0,0,0,0,0,0,0,0,0,0,0
0.024296,0.021945,0.018539,0,0,0,0,0,0,0,0,0,0,0,0
0.049539,0.03874,0.037409,0,0,0,0,0,0,0,0,0,0,0,0
0.017274,0.018111,0.017629,0,0,0,0,0,0,0,0,0,0,0,0
0.018127,0.018002,0.016862,0,0,0,0,0,0,0,0,0,0,0,0
0.017978,0.017623,0.017852,0,0,0,0,0,0,0,0,0,0,0,0
0.026104,0.027876,0.016895,0,0,0,0,0,0,0,0,0,0,0,0
0.023038,0.036292,0.018061,0,0,0,0,0,0,0,0,0,0,0,0
0.043516,0.036676,0.040406,0,0,0,0,0,0,0,0,0,0,0,0
0.035452,0.02364,0.01851,0,0,0,0,0,0,0,0,0,0,0,0
0.018806,0.022607,0.017058,0,0,0,0,0,0,0,0,0,0,0,0
0.018913,0.02432,0.01779,0,0,0,0,0,0,0,0,0,0,0,0
0.037422,0.015993,0.017173,0,0,0,0,0,0,0,0,0,0,0,0
0.019498,0.016777,0.018242,0,0,0,0,0,0,0,0,0,0,0,0
0.04939,0.037441,0.038916,0,0,0,0,0,0,0,0,0,0,0,0
0.018438,0.017123,0.018552,0,0,0,0,0,0,0,0,0,0,0,0
0.018813,0.017281,0.017743,0,0,0,0,0,0,0,0,0,0,0,0
0.018655,0.015842,0.017932,0,0,0,0,0,0,0,0,0,0,0,0
0.018965,0.017117,0.01652,0,0,0,0,0,0,0,0,0,0,0,0
0.021407,0.018088,0.017714,0,0,0,0,0,0,0,0,0,0,0,0
0.048839,0.045198,0.038593,0,0,0,0,0,0,0,0,0,0,0,0
0.018713,0.018466,0.017169,0,0,0,0,0,0,0,0,0,0,0,0
0.019871,0.017808,0.018896,0,0,0,0,0,0,0,0,0,0,0,0
0.024893,0.018466,0.01798,0,0,0,0,0,0,0,0,0,0,0,0
0.028837,0.016805,0.016734,0,0,0,0,0,0,0,0,0,0,0,0
0.021871,0.01813,0.018486,0,0,0,0,0,0,0,0,0,0,0,0
0.047128,0.041677,0.039825,0,0,0,0,0,0,0,0,0,0,0,0
0.019976,0.017922,0.016899,0,0,0,0,0,0,0,0,0,0,0,0
0.019842,0.017945,0.018349,0,0,0,0,0,0,0,0,0,0,0,0
0.025293,0.017272,0.01724,0,0,0,0,0,0,0,0,0,0,0,0
0.019825,0.026153,0.017507,0,0,0,0,0,0,0,0,0,0,0,0
0.028489,0.023352,0.024931,0,0,0,0,0,0,0,0,0,0,0,0
0.046744,0.040185,0.051765,0,0,0,0,0,0,0,0,0,0,0,0
0.027673,0.019129,0.022784,0,0,0,0,0,0,0,0,0,0,0,0
0.035845,0.028602,0.018184,0,0,0,0,0,0,0,0,0,0,0,0
0.017217,0.0182,0.017668,0,0,0,0,0,0,0,0,0,0,0,0
0.031108,0.017148,0.024562,0,0,0,0,0,0,0,0,0,0,0,0
0.017924,0.017843,0.022894,0,0,0,0,0,0,0,0,0,0,0,0
0.04008,0.042727,0.038427,0,0,0,0,0,0,0,0,0,0,0,0
0.018583,0.017157,0.017997,0,0,0,0,0,0,0,0,0,0,0,0
0.017342,0.018244,0.019575,0,0,0,0,0,0,0,0,0,0,0,0
0.018354,0.016933,0.018219,0,0,0,0,0,0,0,0,0,0,0,0
0.017855,0.01812,0.038097,0,0,0,0,0,0,0,0,0,0,0,0
0.029617,0.029147,0.016753,0,0,0,0,0,0,0,0,0,0,0,0
0.039479,0.045765,0.038222,0,0,0,0,0,0,0,0,0,0,0,0
0.01892,0.018949,0.016117,0,0,0,0,0,0,0,0,0,0,0,0
0.029023,0.019831,0.016328,0,0,0,0,0,0,0,0,0,0,0,0
0.021367,0.027101,0.023,0,0,0,0,0,0,0,0,0,0,0,0
0.019656,0.020332,0.0227,0,0,0,0,0,0,0,0,0,0,0,0
0.019664,0.019906,0.025317,0,0,0,0,0,0,0,0,0,0,0,0
0.046276,0.058646,0.04901,0,0,0,0,0,0,0,0,0,0,0,0
0.025749,0.01923,0.016518,0,0,0,0,0,0,0,0,0,0,0,0
0.024734,0.019365,0.017633,0,0,0,0,0,0,0,0,0,0,0,0
0.024536,0.016794,0.015687,0,0,0,0,0,0,0,0,0,0,0,0
0.016588,0.018695,0.01602,0,0,0,0,0,0,0,0,0,0,0,0
0.045203,0.016002,0.023629,0,0,0,0,0,0,0,0,0,0,0,0
0.037424,0.039707,0.040549,0,0,0,0,0,0,0,0,0,0,0,0
0.022819,0.018303,0.016899,0,0,0,0,0,0,0,0,0,0,0,0
0.017975,0.023719,0.021381,0,0,0,0,0,0,0,0,0,0,0,0
0.017432,0.023969,0.018611,0,0,0,0,0,0,0,0,0,0,0,0
0.018121,0.018542,0.019031,0,0,0,0,0,0,0,0,0,0,0,0
0.022468,0.016925,0.025358,0,0,0,0,0,0,0,0,0,0,0,0
0.045356,0.040093,0.048351,0,0,0,0,0,0,0,0,0,0,0,0
0.026494,0.017726,0.017069,0,0,0,0,0,0,0,0,0,0,0,0
0.01741,0.017011,0.018118,0,0,0,0,0,0,0,0,0,0,0,0
0.017079,0.023682,0.017916,0,0,0,0,0,0,0,0,0,0,0,0
0.018617,0.017669,0.017431,0,0,0,0,0,0,0,0,0,0,0,0
0.017656,0.016774,0.018333,0,0,0,0,0,0,0,0,0,0,0,0
0.051906,0.051612,0.041573,0,0,0,0,0,0,0,0,0,0,0,0
0.017767,0.018326,0.018335,0,0,0,0,0,0,0,0,0,0,0,0
0.019201,0.029728,0.018897,0,0,0,0,0,0,0,0,0,0,0,0
0.018251,0.025063,0.017515,0,0,0,0,0,0,0,0,0,0,0,0
0.018056,0.016888,0.018318,0,0,0,0,0,0,0,0,0,0,0,0
0.022385,0.018543,0.01963,0,0,0,0,0,0,0,0,0,0,0,0
0.052224,0.049856,0.060346,0,0,0,0,0,0,0,0,0,0,0,0
0.024106,0.025756,0.017879,0,0,0,0,0,0,0,0,0,0,0,0
0.018772,0.02755,0.018291,0,0,0,0,0,0,0,0,0,0,0,0
0.01877,0.024084,0.017543,0,0,0,0,0,0,0,0,0,0,0,0
0.01979,0.017626,0.017226,0,0,0,0,0,0,0,0,0,0,0,0
0.01861,0.016777,0.017219,0,0,0,0,0,0,0,0,0,0,0,0
0.063199,0.038761,0.041753,0,0,0,0,0,0,0,0,0,0,0,0
0.031714,0.016515,0.015259,0,0,0,0,0,0,0,0,0,0,0,0
0.01818,0.020146,0.023844,0,0,0,0,0,0,0,0,0,0,0,0
0.016134,0.016877,0.024132,0,0,0,0,0,0,0,0,0,0,0,0
0.018926,0.017743,0.017841,0,0,0,0,0,0,0,0,0,0,0,0
0.016437,0.026314,0.018564,0,0,0,0,0,0,0,0,0,0,0,0
0.04015,0.055654,0.042568,0,0,0,0,0,0,0,0,0,0,0,0
0.021939,0.018837,0.019909,0,0,0,0,0,0,0,0,0,0,0,0
0.01957,0.023001,0.017141,0,0,0,0,0,0,0,0,0,0,0,0
0.018867,0.016294,0.01843,0,0,0,0,0,0,0,0,0,0,0,0
0.019282,0.016017,0.023288,0,0,0,0,0,0,0,0,0,0,0,0
0.019229,0.017066,0.016971,0,0,0,0,0,0,0,0,0,0,0,0
0.045781,0.040959,0.045501,0,0,0,0,0,0,0,0,0,0,0,0
0.025663,0.016711,0.018915,0,0,0,0,0,0,0,0,0,0,0,0
0.018853,0.017183,0.030014,0,0,0,0,0,0,0,0,0,0,0,0
0.019182,0.017188,0.017659,0,0,0,0,0,0,0,0,0,0,0,0
0.01672,0.01768,0.015884,0,0,0,0,0,0,0,0,0,0,0,0
0.017985,0.0172,0.029925,0,0,0,0,0,0,0,0,0,0,0,0
0.039611,0.038424,0.036797,0,0,0,0,0,0,0,0,0,0,0,0
0.015966,0.016013,0.019347,0,0,0,0,0,0,0,0,0,0,0,0
0.026806,0.022956,0.023424,0,0,0,0,0,0,0,0,0,0,0,0
0.0252,0.017905,0.024716,0,0,0,0,0,0,0,0,0,0,0,0
0.019655,0.017188,0.016178,0,0,0,0,0,0,0,0,0,0,0,0
0.037687,0.01775,0.01612,0,0,0,0,0,0,0,0,0,0,0,0
0.046326,0.037635,0.036441,0,0,0,0,0,0,0,0,0,0,0,0
0.019457,0.01755,0.016226,0,0,0,0,0,0,0,0,0,0,0,0
0.025547,0.016606,0.024793,0,0,0,0,0,0,0,0,0,0,0,0
0.017952,0.020559,0.017437,0,0,0,0,0,0,0,0,0,0,0,0
0.019209,0.017635,0.0184,0,0,0,0,0,0,0,0,0,0,0,0
0.024145,0.016158,0.016991,0,0,0,0,0,0,0,0,0,0,0,0
0.048674,0.04238,0.039806,0,0,0,0,0,0,0,0,0,0,0,0
0.018025,0.016981,0.019409,0,0,0,0,0,0,0,0,0,0,0,0
0.017105,0.018296,0.017497,0,0,0,0,0,0,0,0,0,0,0,0
0.018012,0.021464,0.016858,0,0,0,0,0,0,0,0,0,0,0,0
0.020305,0.017072,0.01801,0,0,0,0,0,0,0,0,0,0,0,0
0.018377,0.029841,0.026456,0,0,0,0,0,0,0,0,0,0,0,0
0.041355,0.038552,0.038818,0,0,0,0,0,0,0,0,0,0,0,0
0.017193,0.017115,0.016522,0,0,0,0,0,0,0,0,0,0,0,0
0.020562,0.028631,0.016648,0,0,0,0,0,0,0,0,0,0,0,0
0.02419,0.017889,0.018103,0,0,0,0,0,0,0,0,0,0,0,0
0.018279,0.0171,0.016483,0,0,0,0,0,0,0,0,0,0,0,0
0.017532,0.017694,0.018037,0,0,0,0,0,0,0,0,0,0,0,0
0.039882,0.03757,0.039319,0,0,0,0,0,0,0,0,0,0,0,0
0.020895,0.017254,0.017028,0,0,0,0,0,0,0,0,0,0,0,0
0.017605,0.016741,0.027787,0,0,0,0,0,0,0,0,0,0,0,0
0.019771,0.017547,0.024687,0,0,0,0,0,0,0,0,0,0,0,0
0.016988,0.01666,0.017596,0,0,0,0,0,0,0,0,0,0,0,0
0.018281,0.023,0.017877,0,0,0,0,0,0,0,0,0,0,0,0
0.050805,0.040097,0.039466,0,0,0,0,0,0,0,0,0,0,0,0
0.027622,0.018203,0.017168,0,0,0,0,0,0,0,0,0,0,0,0
0.018829,0.01962,0.018013,0,0,0,0,0,0,0,0,0,0,0,0
0.016994,0.01704,0.01722,0,0,0,0,0,0,0,0,0,0,0,0
0.017535,0.017576,0.016718,0,0,0,0,0,0,0,0,0,0,0,0
0.017306,0.016842,0.017283,0,0,0,0,0,0,0,0,0,0,0,0
0.042738,0.056122,0.04483,0,0,0,0,0,0,0,0,0,0,0,0
0.028574,0.017269,0.016755,0,0,0,0,0,0,0,0,0,0,0,0
0.024342,0.018772,0.017389,0,0,0,0,0,0,0,0,0,0,0,0
0.018509,0.016842,0.01721,0,0,0,0,0,0,0,0,0,0,0,0
0.017119,0.017971,0.016637,0,0,0,0,0,0,0,0,0,0,0,0
0.024558,0.016621,0.017606,0,0,0,0,0,0,0,0,0,0,0,0
0.041516,0.038966,0.047952,0,0,0,0,0,0,0,0,0,0,0,0
0.029431,0.018778,0.018121,0,0,0,0,0,0,0,0,0,0,0,0
0.027712,0.017051,0.017168,0,0,0,0,0,0,0,0,0,0,0,0
0.018294,0.017955,0.018728,0,0,0,0,0,0,0,0,0,0,0,0
0.021484,0.016892,0.016689,0,0,0,0,0,0,0,0,0,0,0,0
0.017915,0.018312,0.017692,0,0,0,0,0,0,0,0,0,0,0,0
0.040518,0.037631,0.038702,0,0,0,0,0,0,0,0,0,0,0,0
0.017605,0.017204,0.016799,0,0,0,0,0,0,0,0,0,0,0,0
0.016692,0.016664,0.017006,0,0,0,0,0,0,0,0,0,0,0,0
0.03521,0.02923,0.017468,0,0,0,0,0,0,0,0,0,0,0,0
0.017042,0.016549,0.026412,0,0,0,0,0,0,0,0,0,0,0,0
0.017575,0.016326,0.017036,0,0,0,0,0,0,0,0,0,0,0,0
0.043247,0.03927,0.044827,0,0,0,0,0,0,0,0,0,0,0,0
0.025515,0.016621,0.016539,0,0,0,0,0,0,0,0,0,0,0,0
0.024677,0.018757,0.018868,0,0,0,0,0,0,0,0,0,0,0,0
0.024446,0.018596,0.025213,0,0,0,0,0,0,0,0,0,0,0,0
0.017183,0.018329,0.017915,0,0,0,0,0,0,0,0,0,0,0,0
0.021749,0.017606,0.017029,0,0,0,0,0,0,0,0,0,0,0,0
0.042424,0.038707,0.050927,0,0,0,0,0,0,0,0,0,0,0,0
0.018035,0.017737,0.018175,0,0,0,0,0,0,0,0,0,0,0,0
0.023236,0.016897,0.018759,0,0,0,0,0,0,0,0,0,0,0,0
0.01866,0.018144,0.017268,0,0,0,0,0,0,0,0,0,0,0,0
0.017395,0.016497,0.017891,0,0,0,0,0,0,0,0,0,0,0,0
0.029348,0.01772,0.023991,0,0,0,0,0,0,0,0,0,0,0,0
0.046295,0.039642,0.042133,0,0,0,0,0,0,0,0,0,0,0,0
0.02372,0.016614,0.016974,0,0,0,0,0,0,0,0,0,0,0,0
0.016881,0.018492,0.018797,0,0,0,0,0,0,0,0,0,0,0,0
0.034217,0.018055,0.018897,0,0,0,0,0,0,0,0,0,0,0,0
0.019395,0.016393,0.019617,0,0,0,0,0,0,0,0,0,0,0,0
0.026108,0.019222,0.018076,0,0,0,0,0,0,0,0,0,0,0,0
0.044876,0.039069,0.03828,0,0,0,0,0,0,0,0,0,0,0,0
0.01834,0.02399,0.017795,0,0,0,0,0,0,0,0,0,0,0,0
0.01786,0.016267,0.016308,0,0,0,0,0,0,0,0,0,0,0,0
0.029157,0.019978,0.018686,0,0,0,0,0,0,0,0,0,0,0,0
0.037562,0.018287,0.017792,0,0,0,0,0,0,0,0,0,0,0,0
0.018116,0.01804,0.017352,0,0,0,0,0,0,0,0,0,0,0,0
0.043938,0.038744,0.039009,0,0,0,0,0,0,0,0,0,0,0,0
0.036994,0.0172,0.0196,0,0,0,0,0,0,0,0,0,0,0,0
0.018693,0.017485,0.018649,0,0,0,0,0,0,0,0,0,0,0,0
0.017579,0.024661,0.016716,0,0,0,0,0,0,0,0,0,0,0,0
0.017565,0.023032,0.018263,0,0,0,0,0,0,0,0,0,0,0,0
0.016651,0.018723,0.019054,0,0,0,0,0,0,0,0,0,0,0,0
0.049826,0.039898,0.039478,0,0,0,0,0,0,0,0,0,0,0,0
0.016939,0.016603,0.017031,0,0,0,0,0,0,0,0,0,0,0,0
0.018441,0.019019,0.018086,0,0,0,0,0,0,0,0,0,0,0,0
0.024039,0.016854,0.01761,0,0,0,0,0,0,0,0,0,0,0,0
0.025354,0.017762,0.016955,0,0,0,0,0,0,0,0,0,0,0,0
0.024513,0.015888,0.016435,0,0,0,0,0,0,0,0,0,0,0,0
0.040747,0.038722,0.03967,0,0,0,0,0,0,0,0,0,0,0,0
0.016055,0.017022,0.017966,0,0,0,0,0,0,0,0,0,0,0,0
0.01656,0.017956,0.016678,0,0,0,0,0,0,0,0,0,0,0,0
0.023342,0.017285,0.018076,0,0,0,0,0,0,0,0,0,0,0,0
0.018567,0.017653,0.016857,0,0,0,0,0,0,0,0,0,0,0,0
0.017439,0.016339,0.017725,0,0,0,0,0,0,0,0,0,0,0,0
0.040844,0.041183,0.040381,0,0,0,0,0,0,0,0,0,0,0,0
0.020358,0.018732,0.018991,0,0,0,0,0,0,0,0,0,0,0,0
0.037147,0.018217,0.017516,0,0,0,0,0,0,0,0,0,0,0,0
0.018018,0.018578,0.017562,0,0,0,0,0,0,0,0,0,0,0,0
0.018274,0.019076,0.018365,0,0,0,0,0,0,0,0,0,0,0,0
0.017822,0.016894,0.023954,0,0,0,0,0,0,0,0,0,0,0,0
0.047208,0.041387,0.039997,0,0,0,0,0,0,0,0,0,0,0,0
0.021337,0.022398,0.022182,0,0,0,0,0,0,0,0,0,0,0,0
0.020395,0.020771,0.018103,0,0,0,0,0,0,0,0,0,0,0,0
0.019882,0.024389,0.017248,0,0,0,0,0,0,0,0,0,0,0,0
0.018958,0.018368,0.017928,0,0,0,0,0,0,0,0,0,0,0,0
0.018994,0.029513,0.018742,0,0,0,0,0,0,0,0,0,0,0,0
0.047308,0.03811,0.037831,0,0,0,0,0,0,0,0,0,0,0,0
0.01905,0.018165,0.017463,0,0,0,0,0,0,0,0,0,0,0,0
0.019335,0.021675,0.016047,0,0,0,0,0,0,0,0,0,0,0,0
0.019969,0.021704,0.017433,0,0,0,0,0,0,0,0,0,0,0,0
0.019138,0.018017,0.017589,0,0,0,0,0,0,0,0,0,0,0,0
0.019335,0.017408,0.016567,0,0,0,0,0,0,0,0,0,0,0,0
0.050336,0.03822,0.047463,0,0,0,0,0,0,0,0,0,0,0,0
0.021171,0.017072,0.018169,0,0,0,0,0,0,0,0,0,0,0,0
0.024658,0.017219,0.016837,0,0,0,0,0,0,0,0,0,0,0,0
0.022226,0.017997,0.018093,0,0,0,0,0,0,0,0,0,0,0,0
0.019434,0.017264,0.016624,0,0,0,0,0,0,0,0,0,0,0,0
0.037891,0.017539,0.018359,0,0,0,0,0,0,0,0,0,0,0,0
0.047286,0.044149,0.039324,0,0,0,0,0,0,0,0,0,0,0,0
0.019508,0.016926,0.01725,0,0,0,0,0,0,0,0,0,0,0,0
0.019351,0.01796,0.025404,0,0,0,0,0,0,0,0,0,0,0,0
0.019274,0.017588,0.01755,0,0,0,0,0,0,0,0,0,0,0,0
0.019251,0.016817,0.020298,0,0,0,0,0,0,0,0,0,0,0,0
0.020627,0.027451,0.035183,0,0,0,0,0,0,0,0,0,0,0,0
0.046194,0.048984,0.048604,0,0,0,0,0,0,0,0,0,0,0,0
0.020079,0.025539,0.026121,0,0,0,0,0,0,0,0,0,0,0,0
0.020449,0.0172,0.01729,0,0,0,0,0,0,0,0,0,0,0,0
0.0187,0.017942,0.0195,0,0,0,0,0,0,0,0,0,0,0,0
0.030213,0.018156,0.02445,0,0,0,0,0,0,0,0,0,0,0,0
0.016671,0.017467,0.024289,0,0,0,0,0,0,0,0,0,0,0,0
0.053117,0.04025,0.038016,0,0,0,0,0,0,0,0,0,0,0,0
0.018291,0.016788,0.01611,0,0,0,0,0,0,0,0,0,0,0,0
0.021911,0.016721,0.017955,0,0,0,0,0,0,0,0,0,0,0,0
0.022718,0.017774,0.030579,0,0,0,0,0,0,0,0,0,0,0,0
0.017167,0.016251,0.021074,0,0,0,0,0,0,0,0,0,0,0,0
0.018484,0.0177,0.018162,0,0,0,0,0,0,0,0,0,0,0,0
0.052917,0.050044,0.043232,0,0,0,0,0,0,0,0,0,0,0,0
0.018832,0.024723,0.029779,0,0,0,0,0,0,0,0,0,0,0,0
0.019154,0.036048,0.017703,0,0,0,0,0,0,0,0,0,0,0,0
0.019238,0.017878,0.020093,0,0,0,0,0,0,0,0,0,0,0,0
0.027544,0.017848,0.024587,0,0,0,0,0,0,0,0,0,0,0,0
0.01903,0.018025,0.024467,0,0,0,0,0,0,0,0,0,0,0,0
0.040993,0.041288,0.044002,0,0,0,0,0,0,0,0,0,0,0,0
0.018889,0.018225,0.020804,0,0,0,0,0,0,0,0,0,0,0,0
0.019721,0.018866,0.020419,0,0,0,0,0,0,0,0,0,0,0,0
0.018384,0.017263,0.024175,0,0,0,0,0,0,0,0,0,0,0,0
0.028634,0.017955,0.023953,0,0,0,0,0,0,0,0,0,0,0,0
0.018281,0.019078,0.027574,0,0,0,0,0,0,0,0,0,0,0,0
0.042316,0.046421,0.056805,0,0,0,0,0,0,0,0,0,0,0,0
0.025565,0.017,0.024612,0,0,0,0,0,0,0,0,0,0,0,0
0.024247,0.029704,0.019021,0,0,0,0,0,0,0,0,0,0,0,0
0.023371,0.016846,0.018305,0,0,0,0,0,0,0,0,0,0,0,0
0.018051,0.017573,0.017889,0,0,0,0,0,0,0,0,0,0,0,0
0.018712,0.025717,0.017611,0,0,0,0,0,0,0,0,0,0,0,0
0.042565,0.039523,0.040341,0,0,0,0,0,0,0,0,0,0,0,0
0.028075,0.023621,0.033509,0,0,0,0,0,0,0,0,0,0,0,0
0.01653,0.024878,0.017376,0,0,0,0,0,0,0,0,0,0,0,0
0.020688,0.016857,0.01924,0,0,0,0,0,0,0,0,0,0,0,0
0.016138,0.018229,0.016429,0,0,0,0,0,0,0,0,0,0,0,0
0.020518,0.016804,0.017099,0,0,0,0,0,0,0,0,0,0,0,0
0.062073,0.04273,0.04395,0,0,0,0,0,0,0,0,0,0,0,0
0.024348,0.016667,0.01792,0,0,0,0,0,0,0,0,0,0,0,0
0.024344,0.024041,0.025863,0,0,0,0,0,0,0,0,0,0,0,0
0.038182,0.024993,0.018807,0,0,0,0,0,0,0,0,0,0,0,0
0.018875,0.023961,0.0173,0,0,0,0,0,0,0,0,0,0,0,0
0.017811,0.016859,0.023963,0,0,0,0,0,0,0,0,0,0,0,0
0.042292,0.038769,0.041794,0,0,0,0,0,0,0,0,0,0,0,0
0.018286,0.018268,0.020531,0,0,0,0,0,0,0,0,0,0,0,0
0.023128,0.017388,0.024868,0,0,0,0,0,0,0,0,0,0,0,0
0.027351,0.017722,0.024243,0,0,0,0,0,0,0,0,0,0,0,0
0.018725,0.017123,0.016791,0,0,0,0,0,0,0,0,0,0,0,0
0.016655,0.019778,0.019237,0,0,0,0,0,0,0,0,0,0,0,0
0.039,0.049113,0.040354,0,0,0,0,0,0,0,0,0,0,0,0
0.018083,0.025172,0.017389,0,0,0,0,0,0,0,0,0,0,0,0
0.017554,0.016584,0.017919,0,0,0,0,0,0,0,0,0,0,0,0
0.018874,0.015953,0.016863,0,0,0,0,0,0,0,0,0,0,0,0
0.019004,0.027855,0.029979,0,0,0,0,0,0,0,0,0,0,0,0
0.019335,0.01844,0.017917,0,0,0,0,0,0,0,0,0,0,0,0
0.062406,0.040399,0.045252,0,0,0,0,0,0,0,0,0,0,0,0
0.016944,0.027357,0.01729,0,0,0,0,0,0,0,0,0,0,0,0
0.01824,0.018468,0.01798,0,0,0,0,0,0,0,0,0,0,0,0
0.016238,0.018638,0.018508,0,0,0,0,0,0,0,0,0,0,0,0
0.017288,0.019009,0.020813,0,0,0,0,0,0,0,0,0,0,0,0
0.017465,0.028151,0.017612,0,0,0,0,0,0,0,0,0,0,0,0
0.0382,0.0468,0.039788,0,0,0,0,0,0,0,0,0,0,0,0
0.016837,0.02723,0.016669,0,0,0,0,0,0,0,0,0,0,0,0
0.016827,0.016726,0.018198,0,0,0,0,0,0,0,0,0,0,0,0
0.018004,0.01731,0.017261,0,0,0,0,0,0,0,0,0,0,0,0
0.016488,0.020288,0.018015,0,0,0,0,0,0,0,0,0,0,0,0
0.024913,0.019156,0.017064,0,0,0,0,0,0,0,0,0,0,0,0
0.039246,0.045662,0.04602,0,0,0,0,0,0,0,0,0,0,0,0
0.017099,0.01707,0.016777,0,0,0,0,0,0,0,0,0,0,0,0
0.018527,0.023927,0.017173,0,0,0,0,0,0,0,0,0,0,0,0
0.017583,0.020073,0.028531,0,0,0,0,0,0,0,0,0,0,0,0
0.017358,0.017778,0.024667,0,0,0,0,0,0,0,0,0,0,0,0
0.018411,0.01636,0.018696,0,0,0,0,0,0,0,0,0,0,0,0
0.037727,0.04007,0.039486,0,0,0,0,0,0,0,0,0,0,0,0
0.018096,0.026228,0.01611,0,0,0,0,0,0,0,0,0,0,0,0
0.018056,0.016324,0.017701,0,0,0,0,0,0,0,0,0,0,0,0
0.017632,0.019101,0.01687,0,0,0,0,0,0,0,0,0,0,0,0
0.027525,0.01624,0.016322,0,0,0,0,0,0,0,0,0,0,0,0
0.017981,0.018024,0.020145,0,0,0,0,0,0,0,0,0,0,0,0
0.041727,0.054253,0.049301,0,0,0,0,0,0,0,0,0,0,0,0
