0.000134,0.000279,0.000136,0,0,0,0,0,0,0,0,0,0,0,0
0.22518,0.22335,0.26437,0,0,0,0,0,0,0,0,0,0,0,0
0.003336,0.003232,0.003694,0,0,0,0,0,0,0,0,0,0,0,0
0.003546,0.003378,0.008585,0,0,0,0,0,0,0,0,0,0,0,0
0.003733,0.003466,0.007971,0,0,0,0,0,0,0,0,0,0,0,0
0.003658,0.003471,0.008993,0,0,0,0,0,0,0,0,0,0,0,0
0.003437,0.003376,0.003322,0,0,0,0,0,0,0,0,0,0,0,0
0.003552,0.006558,0.003923,0,0,0,0,0,0,0,0,0,0,0,0
0.003461,0.006475,0.003914,0,0,0,0,0,0,0,0,0,0,0,0
0.003215,0.005605,0.004013,0,0,0,0,0,0,0,0,0,0,0,0
0.003205,0.00517,0.00394,0,0,0,0,0,0,0,0,0,0,0,0
0.003602,0.005109,0.004058,0,0,0,0,0,0,0,0,0,0,0,0
0.003242,0.004644,0.003537,0,0,0,0,0,0,0,0,0,0,0,0
0.003611,0.003979,0.004941,0,0,0,0,0,0,0,0,0,0,0,0
0.00322,0.003852,0.004129,0,0,0,0,0,0,0,0,0,0,0,0
0.003371,0.003679,0.00341,0,0,0,0,0,0,0,0,0,0,0,0
0.003324,0.00383,0.003391,0,0,0,0,0,0,0,0,0,0,0,0
0.003478,0.003944,0.00334,0,0,0,0,0,0,0,0,0,0,0,0
0.003265,0.00318,0.003578,0,0,0,0,0,0,0,0,0,0,0,0
0.003394,0.004778,0.006904,0,0,0,0,0,0,0,0,0,0,0,0
0.003463,0.003305,0.004216,0,0,0,0,0,0,0,0,0,0,0,0
0.003486,0.003134,0.004892,0,0,0,0,0,0,0,0,0,0,0,0
0.003399,0.003151,0.004222,0,0,0,0,0,0,0,0,0,0,0,0
0.003443,0.003118,0.003476,0,0,0,0,0,0,0,0,0,0,0,0
0.003215,0.003607,0.004063,0,0,0,0,0,0,0,0,0,0,0,0
0.003328,0.003199,0.003587,0,0,0,0,0,0,0,0,0,0,0,0
0.003362,0.00315,0.003314,0,0,0,0,0,0,0,0,0,0,0,0
0.00335,0.003185,0.002059,0,0,0,0,0,0,0,0,0,0,0,0
0.004049,0.003479,0.003191,0,0,0,0,0,0,0,0,0,0,0,0
0.006043,0.003322,0.003097,0,0,0,0,0,0,0,0,0,0,0,0
0.00558,0.003064,0.003089,0,0,0,0,0,0,0,0,0,0,0,0
0.004964,0.003065,0.003166,0,0,0,0,0,0,0,0,0,0,0,0
0.004442,0.003586,0.003213,0,0,0,0,0,0,0,0,0,0,0,0
0.004245,0.003609,0.003581,0,0,0,0,0,0,0,0,0,0,0,0
0.003939,0.00317,0.003522,0,0,0,0,0,0,0,0,0,0,0,0
NaN,NaN,NaN,0,0,0,0,0,0,0,0,0,0,0,0
NaN,NaN,NaN,0,0,0,0,0,0,0,0,0,0,0,0
NaN,NaN,NaN,0,0,0,0,0,0,0,0,0,0,0,0
NaN,NaN,NaN,0,0,0,0,0,0,0,0,0,0,0,0
0.000193,0.000207,0.000154,0,0,0,0,0,0,0,0,0,0,0,0
0.21603,0.22269,0.22773,0,0,0,0,0,0,0,0,0,0,0,0
0.003607,0.005011,0.003799,0,0,0,0,0,0,0,0,0,0,0,0
0.003164,0.006506,0.003298,0,0,0,0,0,0,0,0,0,0,0,0
0.003378,0.006238,0.003275,0,0,0,0,0,0,0,0,0,0,0,0
0.003287,0.003393,0.003474,0,0,0,0,0,0,0,0,0,0,0,0
0.00326,0.004664,0.003308,0,0,0,0,0,0,0,0,0,0,0,0
0.003216,0.003554,0.00346,0,0,0,0,0,0,0,0,0,0,0,0
0.003423,0.003301,0.003471,0,0,0,0,0,0,0,0,0,0,0,0
0.003282,0.004079,0.004145,0,0,0,0,0,0,0,0,0,0,0,0
0.003301,0.003373,0.004226,0,0,0,0,0,0,0,0,0,0,0,0
0.003172,0.003661,0.003152,0,0,0,0,0,0,0,0,0,0,0,0
0.003511,0.003865,0.00321,0,0,0,0,0,0,0,0,0,0,0,0
0.00333,0.003486,0.003445,0,0,0,0,0,0,0,0,0,0,0,0
0.003133,0.003425,0.003569,0,0,0,0,0,0,0,0,0,0,0,0
0.003145,0.004176,0.003852,0,0,0,0,0,0,0,0,0,0,0,0
0.003634,0.004037,0.005005,0,0,0,0,0,0,0,0,0,0,0,0
0.003103,0.004925,0.004606,0,0,0,0,0,0,0,0,0,0,0,0
0.003454,0.003985,0.003526,0,0,0,0,0,0,0,0,0,0,0,0
0.003386,0.003589,0.003451,0,0,0,0,0,0,0,0,0,0,0,0
0.003383,0.003306,0.00328,0,0,0,0,0,0,0,0,0,0,0,0
0.003269,0.003759,0.003434,0,0,0,0,0,0,0,0,0,0,0,0
0.003547,0.003991,0.003589,0,0,0,0,0,0,0,0,0,0,0,0
0.003035,0.003583,0.003538,0,0,0,0,0,0,0,0,0,0,0,0
0.003569,0.004078,0.003702,0,0,0,0,0,0,0,0,0,0,0,0
0.003383,0.003357,0.003684,0,0,0,0,0,0,0,0,0,0,0,0
0.003343,0.003357,0.004046,0,0,0,0,0,0,0,0,0,0,0,0
0.003459,0.003688,0.006671,0,0,0,0,0,0,0,0,0,0,0,0
0.003276,0.003577,0.004378,0,0,0,0,0,0,0,0,0,0,0,0
0.004044,0.003924,0.004304,0,0,0,0,0,0,0,0,0,0,0,0
0.005928,0.003644,0.004779,0,0,0,0,0,0,0,0,0,0,0,0
0.005501,0.003191,0.006187,0,0,0,0,0,0,0,0,0,0,0,0
0.005375,0.003387,0.006364,0,0,0,0,0,0,0,0,0,0,0,0
0.004746,0.003642,0.00641,0,0,0,0,0,0,0,0,0,0,0,0
0.004545,0.003813,0.004917,0,0,0,0,0,0,0,0,0,0,0,0
NaN,NaN,NaN,0,0,0,0,0,0,0,0,0,0,0,0
NaN,NaN,NaN,0,0,0,0,0,0,0,0,0,0,0,0
NaN,NaN,NaN,0,0,0,0,0,0,0,0,0,0,0,0
NaN,NaN,NaN,0,0,0,0,0,0,0,0,0,0,0,0
0.000193,0.000401,0.000138,0,0,0,0,0,0,0,0,0,0,0,0
0.22496,0.23194,0.22324,0,0,0,0,0,0,0,0,0,0,0,0
0.00264,0.002726,0.002706,0,0,0,0,0,0,0,0,0,0,0,0
0.002596,0.002472,0.002844,0,0,0,0,0,0,0,0,0,0,0,0
0.002734,0.002883,0.002935,0,0,0,0,0,0,0,0,0,0,0,0
0.002539,0.002813,0.00331,0,0,0,0,0,0,0,0,0,0,0,0
0.002542,0.002519,0.002625,0,0,0,0,0,0,0,0,0,0,0,0
0.002765,0.002841,0.002602,0,0,0,0,0,0,0,0,0,0,0,0
0.002686,0.002647,0.002701,0,0,0,0,0,0,0,0,0,0,0,0
0.002635,0.002695,0.002942,0,0,0,0,0,0,0,0,0,0,0,0
0.002644,0.002996,0.003693,0,0,0,0,0,0,0,0,0,0,0,0
0.002772,0.003008,0.003694,0,0,0,0,0,0,0,0,0,0,0,0
0.005077,0.003002,0.003097,0,0,0,0,0,0,0,0,0,0,0,0
0.004866,0.002646,0.003356,0,0,0,0,0,0,0,0,0,0,0,0
0.004986,0.002715,0.003113,0,0,0,0,0,0,0,0,0,0,0,0
0.00448,0.002883,0.002817,0,0,0,0,0,0,0,0,0,0,0,0
0.003933,0.002675,0.002701,0,0,0,0,0,0,0,0,0,0,0,0
0.003458,0.003002,0.003638,0,0,0,0,0,0,0,0,0,0,0,0
0.003322,0.002989,0.002766,0,0,0,0,0,0,0,0,0,0,0,0
0.003392,0.004844,0.00284,0,0,0,0,0,0,0,0,0,0,0,0
0.002978,0.004673,0.00261,0,0,0,0,0,0,0,0,0,0,0,0
0.003543,0.005244,0.002895,0,0,0,0,0,0,0,0,0,0,0,0
0.003436,0.004381,0.003009,0,0,0,0,0,0,0,0,0,0,0,0
0.003344,0.004151,0.003635,0,0,0,0,0,0,0,0,0,0,0,0
0.003141,0.003908,0.002661,0,0,0,0,0,0,0,0,0,0,0,0
0.00276,0.003508,0.002742,0,0,0,0,0,0,0,0,0,0,0,0
0.00248,0.003459,0.002662,0,0,0,0,0,0,0,0,0,0,0,0
0.002721,0.00383,0.002833,0,0,0,0,0,0,0,0,0,0,0,0
0.002768,0.003042,0.002847,0,0,0,0,0,0,0,0,0,0,0,0
0.002941,0.003133,0.004972,0,0,0,0,0,0,0,0,0,0,0,0
0.003042,0.003756,0.005148,0,0,0,0,0,0,0,0,0,0,0,0
0.00267,0.002932,0.004976,0,0,0,0,0,0,0,0,0,0,0,0
0.002587,0.003629,0.004301,0,0,0,0,0,0,0,0,0,0,0,0
0.002678,0.002615,0.004281,0,0,0,0,0,0,0,0,0,0,0,0
0.003011,0.002614,0.003439,0,0,0,0,0,0,0,0,0,0,0,0
0.003106,0.003836,0.00337,0,0,0,0,0,0,0,0,0,0,0,0
0.003229,0.003319,0.00435,0,0,0,0,0,0,0,0,0,0,0,0
0.003403,0.003225,0.003355,0,0,0,0,0,0,0,0,0,0,0,0
0.003531,0.002706,0.003168,0,0,0,0,0,0,0,0,0,0,0,0
0.004956,0.003168,0.003046,0,0,0,0,0,0,0,0,0,0,0,0
0.00528,0.002587,0.002961,0,0,0,0,0,0,0,0,0,0,0,0
0.00599,0.002651,0.002827,0,0,0,0,0,0,0,0,0,0,0,0
0.004423,0.002683,0.002785,0,0,0,0,0,0,0,0,0,0,0,0
0.004115,0.00347,0.002946,0,0,0,0,0,0,0,0,0,0,0,0
0.004335,0.002577,0.00284,0,0,0,0,0,0,0,0,0,0,0,0
NaN,NaN,NaN,0,0,0,0,0,0,0,0,0,0,0,0
NaN,NaN,NaN,0,0,0,0,0,0,0,0,0,0,0,0
NaN,NaN,NaN,0,0,0,0,0,0,0,0,0,0,0,0
NaN,NaN,NaN,0,0,0,0,0,0,0,0,0,0,0,0
0.000158,0.000172,0.000154,0,0,0,0,0,0,0,0,0,0,0,0
0.21483,0.21487,0.24634,0,0,0,0,0,0,0,0,0,0,0,0
0.002817,0.002871,0.003215,0,0,0,0,0,0,0,0,0,0,0,0
0.002563,0.002638,0.004052,0,0,0,0,0,0,0,0,0,0,0,0
0.003217,0.003266,0.003433,0,0,0,0,0,0,0,0,0,0,0,0
0.002705,0.00512,0.003338,0,0,0,0,0,0,0,0,0,0,0,0
0.002712,0.005575,0.003009,0,0,0,0,0,0,0,0,0,0,0,0
0.002701,0.004092,0.002736,0,0,0,0,0,0,0,0,0,0,0,0
0.003554,0.004021,0.00336,0,0,0,0,0,0,0,0,0,0,0,0
0.003989,0.003605,0.003552,0,0,0,0,0,0,0,0,0,0,0,0
0.003259,0.003391,0.005038,0,0,0,0,0,0,0,0,0,0,0,0
0.003542,0.003395,0.004752,0,0,0,0,0,0,0,0,0,0,0,0
NaN,NaN,NaN,0,0,0,0,0,0,0,0,0,0,0,0
NaN,NaN,NaN,0,0,0,0,0,0,0,0,0,0,0,0
NaN,NaN,NaN,0,0,0,0,0,0,0,0,0,0,0,0
NaN,NaN,NaN,0,0,0,0,0,0,0,0,0,0,0,0
0.000185,0.000184,0.000153,0,0,0,0,0,0,0,0,0,0,0,0
0.23435,0.22903,0.23049,0,0,0,0,0,0,0,0,0,0,0,0
0.002777,0.002847,0.002923,0,0,0,0,0,0,0,0,0,0,0,0
0.002733,0.002948,0.002901,0,0,0,0,0,0,0,0,0,0,0,0
0.003169,0.003058,0.002513,0,0,0,0,0,0,0,0,0,0,0,0
0.004003,0.00276,0.002514,0,0,0,0,0,0,0,0,0,0,0,0
0.002695,0.002866,0.003687,0,0,0,0,0,0,0,0,0,0,0,0
0.002702,0.002784,0.003036,0,0,0,0,0,0,0,0,0,0,0,0
0.002859,0.002822,0.002602,0,0,0,0,0,0,0,0,0,0,0,0
0.003852,0.002813,0.002722,0,0,0,0,0,0,0,0,0,0,0,0
0.002974,0.003137,0.002607,0,0,0,0,0,0,0,0,0,0,0,0
0.00292,0.003033,0.002609,0,0,0,0,0,0,0,0,0,0,0,0
0.002908,0.003191,0.002662,0,0,0,0,0,0,0,0,0,0,0,0
0.003047,0.005059,0.002602,0,0,0,0,0,0,0,0,0,0,0,0
0.002896,0.005028,0.002954,0,0,0,0,0,0,0,0,0,0,0,0
NaN,NaN,NaN,0,0,0,0,0,0,0,0,0,0,0,0
NaN,NaN,NaN,0,0,0,0,0,0,0,0,0,0,0,0
NaN,NaN,NaN,0,0,0,0,0,0,0,0,0,0,0,0
NaN,NaN,NaN,0,0,0,0,0,0,0,0,0,0,0,0
0.000144,0.000168,0.000249,0,0,0,0,0,0,0,0,0,0,0,0
0.21839,0.22164,0.21134,0,0,0,0,0,0,0,0,0,0,0,0
0.003124,0.003173,0.003635,0,0,0,0,0,0,0,0,0,0,0,0
0.002983,0.003144,0.003207,0,0,0,0,0,0,0,0,0,0,0,0
0.003112,0.002976,0.003255,0,0,0,0,0,0,0,0,0,0,0,0
0.002999,0.003024,0.003299,0,0,0,0,0,0,0,0,0,0,0,0
0.003039,0.003056,0.003226,0,0,0,0,0,0,0,0,0,0,0,0
0.00347,0.003069,0.003146,0,0,0,0,0,0,0,0,0,0,0,0
0.003471,0.003087,0.003624,0,0,0,0,0,0,0,0,0,0,0,0
0.003562,0.003072,0.003491,0,0,0,0,0,0,0,0,0,0,0,0
0.003567,0.003239,0.003488,0,0,0,0,0,0,0,0,0,0,0,0
0.003305,0.003507,0.003657,0,0,0,0,0,0,0,0,0,0,0,0
0.003466,0.003476,0.004184,0,0,0,0,0,0,0,0,0,0,0,0
0.003489,0.003461,0.00326,0,0,0,0,0,0,0,0,0,0,0,0
0.004103,0.003978,0.003303,0,0,0,0,0,0,0,0,0,0,0,0
0.00568,0.005693,0.003718,0,0,0,0,0,0,0,0,0,0,0,0
0.005802,0.005678,0.003304,0,0,0,0,0,0,0,0,0,0,0,0
0.005199,0.00474,0.003156,0,0,0,0,0,0,0,0,0,0,0,0
0.004632,0.004989,0.003073,0,0,0,0,0,0,0,0,0,0,0,0
0.004119,0.004027,0.003092,0,0,0,0,0,0,0,0,0,0,0,0
NaN,NaN,NaN,0,0,0,0,0,0,0,0,0,0,0,0
NaN,NaN,NaN,0,0,0,0,0,0,0,0,0,0,0,0
NaN,NaN,NaN,0,0,0,0,0,0,0,0,0,0,0,0
NaN,NaN,NaN,0,0,0,0,0,0,0,0,0,0,0,0
0.00063,0.000289,0.000157,0,0,0,0,0,0,0,0,0,0,0,0
0.27029,0.25742,0.22187,0,0,0,0,0,0,0,0,0,0,0,0
0.004962,0.003765,0.003117,0,0,0,0,0,0,0,0,0,0,0,0
0.003881,0.003372,0.003068,0,0,0,0,0,0,0,0,0,0,0,0
0.003724,0.003289,0.003046,0,0,0,0,0,0,0,0,0,0,0,0
0.006263,0.00316,0.003348,0,0,0,0,0,0,0,0,0,0,0,0
0.004985,0.003185,0.003455,0,0,0,0,0,0,0,0,0,0,0,0
0.004602,0.00351,0.004246,0,0,0,0,0,0,0,0,0,0,0,0
0.007015,0.003638,0.005818,0,0,0,0,0,0,0,0,0,0,0,0
0.003677,0.004707,0.005525,0,0,0,0,0,0,0,0,0,0,0,0
0.004453,0.006424,0.004358,0,0,0,0,0,0,0,0,0,0,0,0
0.007879,0.005791,0.004424,0,0,0,0,0,0,0,0,0,0,0,0
0.00514,0.005825,0.003558,0,0,0,0,0,0,0,0,0,0,0,0
0.004167,0.005892,0.003646,0,0,0,0,0,0,0,0,0,0,0,0
0.005833,0.005485,0.003548,0,0,0,0,0,0,0,0,0,0,0,0
0.005539,0.005822,0.003045,0,0,0,0,0,0,0,0,0,0,0,0
0.004231,0.004458,0.003067,0,0,0,0,0,0,0,0,0,0,0,0
0.004355,0.005533,0.002791,0,0,0,0,0,0,0,0,0,0,0,0
0.004345,0.005442,0.002754,0,0,0,0,0,0,0,0,0,0,0,0
0.003401,0.005281,0.002909,0,0,0,0,0,0,0,0,0,0,0,0
0.004636,0.005363,0.002851,0,0,0,0,0,0,0,0,0,0,0,0
NaN,NaN,NaN,0,0,0,0,0,0,0,0,0,0,0,0
NaN,NaN,NaN,0,0,0,0,0,0,0,0,0,0,0,0
NaN,NaN,NaN,0,0,0,0,0,0,0,0,0,0,0,0
NaN,NaN,NaN,0,0,0,0,0,0,0,0,0,0,0,0
0.000175,0.000154,0.000179,0,0,0,0,0,0,0,0,0,0,0,0
0.22415,0.22786,0.21119,0,0,0,0,0,0,0,0,0,0,0,0
0.004012,0.003014,0.00325,0,0,0,0,0,0,0,0,0,0,0,0
0.00569,0.003375,0.002947,0,0,0,0,0,0,0,0,0,0,0,0
0.005534,0.003368,0.002857,0,0,0,0,0,0,0,0,0,0,0,0
0.005354,0.003285,0.002987,0,0,0,0,0,0,0,0,0,0,0,0
0.005023,0.003109,0.002887,0,0,0,0,0,0,0,0,0,0,0,0
0.005665,0.003083,0.00292,0,0,0,0,0,0,0,0,0,0,0,0
0.00555,0.003067,0.003214,0,0,0,0,0,0,0,0,0,0,0,0
0.004914,0.003329,0.003347,0,0,0,0,0,0,0,0,0,0,0,0
0.005005,0.002993,0.003362,0,0,0,0,0,0,0,0,0,0,0,0
0.003961,0.003554,0.003483,0,0,0,0,0,0,0,0,0,0,0,0
0.003834,0.003769,0.003555,0,0,0,0,0,0,0,0,0,0,0,0
0.003429,0.004,0.003417,0,0,0,0,0,0,0,0,0,0,0,0
0.003553,0.003397,0.003577,0,0,0,0,0,0,0,0,0,0,0,0
0.003443,0.003218,0.004132,0,0,0,0,0,0,0,0,0,0,0,0
0.003451,0.003176,0.006195,0,0,0,0,0,0,0,0,0,0,0,0
0.00329,0.004058,0.005772,0,0,0,0,0,0,0,0,0,0,0,0
0.003238,0.003862,0.005894,0,0,0,0,0,0,0,0,0,0,0,0
0.003275,0.0034,0.005194,0,0,0,0,0,0,0,0,0,0,0,0
0.003196,0.003024,0.00419,0,0,0,0,0,0,0,0,0,0,0,0
0.00313,0.003156,0.004543,0,0,0,0,0,0,0,0,0,0,0,0
0.003896,0.002982,0.003447,0,0,0,0,0,0,0,0,0,0,0,0
0.005781,0.00318,0.00342,0,0,0,0,0,0,0,0,0,0,0,0
0.005921,0.00439,0.003459,0,0,0,0,0,0,0,0,0,0,0,0
0.004733,0.005916,0.003254,0,0,0,0,0,0,0,0,0,0,0,0
0.004898,0.005552,0.003327,0,0,0,0,0,0,0,0,0,0,0,0
0.003823,0.004898,0.003643,0,0,0,0,0,0,0,0,0,0,0,0
0.004363,0.004311,0.00322,0,0,0,0,0,0,0,0,0,0,0,0
0.003445,0.003895,0.003294,0,0,0,0,0,0,0,0,0,0,0,0
0.003303,0.003711,0.003502,0,0,0,0,0,0,0,0,0,0,0,0
0.003236,0.003244,0.003468,0,0,0,0,0,0,0,0,0,0,0,0
0.003242,0.003264,0.003547,0,0,0,0,0,0,0,0,0,0,0,0
0.003679,0.00322,0.003568,0,0,0,0,0,0,0,0,0,0,0,0
0.00282,0.003016,0.003208,0,0,0,0,0,0,0,0,0,0,0,0
0.003004,0.004058,0.003573,0,0,0,0,0,0,0,0,0,0,0,0
NaN,NaN,NaN,0,0,0,0,0,0,0,0,0,0,0,0
NaN,NaN,NaN,0,0,0,0,0,0,0,0,0,0,0,0
NaN,NaN,NaN,0,0,0,0,0,0,0,0,0,0,0,0
NaN,NaN,NaN,0,0,0,0,0,0,0,0,0,0,0,0
0.000184,0.000148,0.000162,0,0,0,0,0,0,0,0,0,0,0,0
0.22071,0.21913,0.23075,0,0,0,0,0,0,0,0,0,0,0,0
0.003625,0.003076,0.002906,0,0,0,0,0,0,0,0,0,0,0,0
0.003127,0.00262,0.003034,0,0,0,0,0,0,0,0,0,0,0,0
0.002897,0.002856,0.003317,0,0,0,0,0,0,0,0,0,0,0,0
0.002692,0.002681,0.002658,0,0,0,0,0,0,0,0,0,0,0,0
0.002745,0.002599,0.002743,0,0,0,0,0,0,0,0,0,0,0,0
0.002876,0.002684,0.002624,0,0,0,0,0,0,0,0,0,0,0,0
0.002878,0.002926,0.002771,0,0,0,0,0,0,0,0,0,0,0,0
0.002902,0.003036,0.002792,0,0,0,0,0,0,0,0,0,0,0,0
0.003165,0.002803,0.00326,0,0,0,0,0,0,0,0,0,0,0,0
0.003286,0.003051,0.003343,0,0,0,0,0,0,0,0,0,0,0,0
0.003591,0.003217,0.003142,0,0,0,0,0,0,0,0,0,0,0,0
0.003241,0.002755,0.003421,0,0,0,0,0,0,0,0,0,0,0,0
NaN,NaN,NaN,0,0,0,0,0,0,0,0,0,0,0,0
NaN,NaN,NaN,0,0,0,0,0,0,0,0,0,0,0,0
NaN,NaN,NaN,0,0,0,0,0,0,0,0,0,0,0,0
NaN,NaN,NaN,0,0,0,0,0,0,0,0,0,0,0,0
0.000226,0.000213,0.00017,0,0,0,0,0,0,0,0,0,0,0,0
0.23357,0.22219,0.21524,0,0,0,0,0,0,0,0,0,0,0,0
0.003631,0.004079,0.003452,0,0,0,0,0,0,0,0,0,0,0,0
0.00306,0.003171,0.003499,0,0,0,0,0,0,0,0,0,0,0,0
0.003809,0.003165,0.003377,0,0,0,0,0,0,0,0,0,0,0,0
0.003215,0.003034,0.003237,0,0,0,0,0,0,0,0,0,0,0,0
0.004709,0.003201,0.0032,0,0,0,0,0,0,0,0,0,0,0,0
0.003641,0.002976,0.003255,0,0,0,0,0,0,0,0,0,0,0,0
0.004722,0.002927,0.003212,0,0,0,0,0,0,0,0,0,0,0,0
0.003953,0.002928,0.003388,0,0,0,0,0,0,0,0,0,0,0,0
0.003528,0.002908,0.003262,0,0,0,0,0,0,0,0,0,0,0,0
0.003831,0.003107,0.003194,0,0,0,0,0,0,0,0,0,0,0,0
0.003792,0.003428,0.003022,0,0,0,0,0,0,0,0,0,0,0,0
0.003434,0.003322,0.003332,0,0,0,0,0,0,0,0,0,0,0,0
0.003819,0.003442,0.003396,0,0,0,0,0,0,0,0,0,0,0,0
0.003851,0.003247,0.004016,0,0,0,0,0,0,0,0,0,0,0,0
0.004395,0.003547,0.006009,0,0,0,0,0,0,0,0,0,0,0,0
0.00369,0.003624,0.005498,0,0,0,0,0,0,0,0,0,0,0,0
0.004715,0.003237,0.005224,0,0,0,0,0,0,0,0,0,0,0,0
0.003842,0.003466,0.004552,0,0,0,0,0,0,0,0,0,0,0,0
0.003522,0.003497,0.004592,0,0,0,0,0,0,0,0,0,0,0,0
0.003324,0.003134,0.003876,0,0,0,0,0,0,0,0,0,0,0,0
0.003923,0.003291,0.003736,0,0,0,0,0,0,0,0,0,0,0,0
0.003339,0.002971,0.003815,0,0,0,0,0,0,0,0,0,0,0,0
0.003099,0.003002,0.003278,0,0,0,0,0,0,0,0,0,0,0,0
0.003268,0.002937,0.00348,0,0,0,0,0,0,0,0,0,0,0,0
NaN,NaN,NaN,0,0,0,0,0,0,0,0,0,0,0,0
NaN,NaN,NaN,0,0,0,0,0,0,0,0,0,0,0,0
NaN,NaN,NaN,0,0,0,0,0,0,0,0,0,0,0,0
NaN,NaN,NaN,0,0,0,0,0,0,0,0,0,0,0,0
0.000247,0.000163,0.000157,0,0,0,0,0,0,0,0,0,0,0,0
0.21135,0.22124,0.22051,0,0,0,0,0,0,0,0,0,0,0,0
0.003657,0.004393,0.003505,0,0,0,0,0,0,0,0,0,0,0,0
0.004132,0.003385,0.003316,0,0,0,0,0,0,0,0,0,0,0,0
0.006229,0.003203,0.003146,0,0,0,0,0,0,0,0,0,0,0,0
0.00565,0.003313,0.003396,0,0,0,0,0,0,0,0,0,0,0,0
0.006149,0.003346,0.003179,0,0,0,0,0,0,0,0,0,0,0,0
0.004948,0.003304,0.003241,0,0,0,0,0,0,0,0,0,0,0,0
0.004404,0.003124,0.003307,0,0,0,0,0,0,0,0,0,0,0,0
0.00486,0.003095,0.003246,0,0,0,0,0,0,0,0,0,0,0,0
0.00452,0.003241,0.003345,0,0,0,0,0,0,0,0,0,0,0,0
