1.2075
0.1463
0.078628
0.068064
0.095748
NaN
0.081362
NaN
0.049082
0.048945
0.046461
0.022466
0.023719
0.022327
0.023696
0.022818
0.047447
0.023848
0.022872
0.021903
0.021939
0.023248
0.048325
0.023994
0.021621
0.020945
0.026254
0.021678
0.048087
0.02221
0.022387
0.034591
0.041848
0.042338
0.073619
0.036069
0.029112
0.029384
0.020893
0.021533
0.045428
0.021183
0.022849
0.024085
0.026432
0.031977
0.045126
0.027611
0.023664
0.021012
0.020887
0.022872
0.046241
0.024088
0.023135
0.022482
0.022716
0.023988
0.045961
0.022538
0.028147
0.022137
0.02118
0.021418
0.044471
0.023317
0.031036
0.025079
0.023896
0.023749
0.057594
NaN
0.023259
0.022456
0.023923
0.022609
0.021279
0.045784
0.020406
0.021306
0.027369
0.025361
0.023484
0.044371
0.020994
0.025192
0.021149
0.023825
0.023221
0.051366
0.022561
0.022323
0.022014
0.020271
0.020899
0.04518
0.021059
0.022036
0.022211
0.021208
0.023164
0.043571
0.021833
0.021319
0.033723
0.032299
0.023224
0.049587
0.032736
0.022452
0.022383
0.021064
0.022731
0.048696
0.022429
0.02885
NaN
NaN
NaN
NaN
1.1807
0.15746
0.080422
0.070544
0.093365
NaN
0.074604
NaN
0.046615
0.051519
0.051769
0.024379
0.025403
0.035162
0.020207
0.020795
0.045631
0.021588
0.021586
0.020998
0.021327
0.021406
0.049989
0.023367
0.020711
0.020875
0.037449
0.02922
0.046232
0.022932
0.021877
0.02974
0.035369
0.02269
0.060095
0.027276
0.035404
0.023946
0.035944
0.022884
0.047865
0.021507
0.022891
0.022518
0.023208
0.024013
0.06298
0.022495
0.023705
0.030738
0.022732
0.022506
0.044354
0.026262
0.021664
0.022397
0.022353
0.020874
0.043782
0.023027
0.02632
0.021753
0.024377
0.020989
0.043069
0.022435
0.020563
0.028839
0.020865
0.038175
0.046256
0.021953
0.029385
0.023783
0.020314
0.020776
0.045012
0.020322
0.020924
0.022498
0.022928
0.023249
0.059372
0.022919
0.022919
0.023575
0.023936
0.023477
0.050901
NaN
0.036818
0.023149
0.023044
0.036113
0.021708
0.046924
0.034115
0.03133
0.024
0.024122
0.021278
0.045104
0.021175
0.022542
0.021326
0.031201
0.021305
0.045565
0.02344
0.021786
0.021698
0.021452
0.02511
0.043635
0.020419
0.020987
0.020873
0.021762
0.021128
0.042982
0.023864
0.020816
0.022504
0.023025
0.02171
0.042609
0.021024
0.029549
0.020715
0.020535
0.021954
0.042397
0.023066
0.021146
0.023203
0.023692
0.022886
0.044154
0.022449
0.026243
0.023803
0.020747
0.021835
0.044326
0.020254
0.021393
0.021204
0.020781
0.032004
0.044508
0.022931
0.021281
0.022407
0.021538
0.021709
0.043052
0.021352
0.022926
0.020511
0.020305
0.020659
0.049286
0.02117
0.02217
0.021143
0.020294
0.021115
0.043014
0.020515
0.020276
0.022849
0.022277
0.021034
0.043511
0.020636
0.020608
0.021712
0.020405
0.021752
0.043115
0.023147
0.020587
0.026134
0.020289
0.020534
0.05429
0.021969
0.022183
0.022483
0.022375
0.029787
0.054147
0.024042
0.022332
0.020312
0.020461
0.021173
0.047234
0.023018
0.020472
0.021108
0.029904
0.024721
0.048762
0.023866
0.02153
0.023163
0.021068
0.022256
0.044552
0.021896
0.021058
0.021493
0.031909
0.020477
0.047263
0.022642
0.021645
0.02216
0.022907
0.020835
0.051718
0.022347
0.020838
0.021318
0.022271
0.021406
0.045778
0.022262
0.028269
0.028962
0.023864
0.02372
0.050431
0.029648
0.023886
0.024808
0.021802
0.022119
0.048954
0.021723
0.030116
0.022467
0.023249
0.022716
0.048638
0.021982
0.021026
0.020216
0.021195
0.02104
0.04404
0.020648
0.029957
0.023389
0.023871
0.021859
0.043898
0.030995
0.020885
0.020033
0.031617
0.021752
0.043924
0.029477
0.021077
0.026909
0.023965
0.02036
0.047789
0.019803
0.020133
0.028787
0.020493
0.020522
0.044629
0.031784
0.023809
0.021228
0.021801
0.021248
0.046003
0.023966
0.023328
0.022369
0.023916
0.023306
0.051057
0.020294
0.022104
0.023868
0.020323
0.023334
0.048877
0.020906
0.022251
0.021025
0.03199
0.020186
0.045528
0.020973
0.020173
0.026068
0.019783
0.02154
0.043956
0.02279
0.023592
0.021398
0.029047
0.020808
0.044745
0.021574
0.022597
0.024999
0.020607
0.021423
0.044524
0.020551
0.019566
0.020768
0.020364
0.022236
0.04854
0.022832
0.024149
0.032576
0.023528
0.024118
0.051126
0.031289
0.024279
0.023224
0.023012
0.022263
0.051091
0.021008
0.023173
0.024792
0.029793
0.020264
0.048138
0.020234
0.019698
0.022384
0.021049
0.022442
0.043051
0.019775
0.020462
0.020864
0.033213
0.025468
0.04683
0.021386
0.020248
0.021598
0.020764
0.021857
0.043328
0.022036
0.020362
0.020641
0.02172
0.022788
0.042694
0.020887
0.022892
0.023867
0.033402
0.023567
0.043742
0.021854
0.03155
0.024111
0.020618
0.028902
0.042345
0.02086
0.026252
0.023934
0.038238
0.021213
0.043371
0.023706
0.023871
0.021332
0.027329
0.020306
0.052215
0.020844
0.028341
0.021707
0.026865
0.022117
0.045243
0.021738
0.021696
0.020475
0.021431
0.021275
0.041824
0.022751
0.021184
0.020995
0.020246
0.02059
0.045445
0.022502
0.020891
0.021398
0.020386
0.029795
0.04382
0.020858
0.021483
0.03368
0.020625
0.022607
0.043811
0.02045
0.024825
0.023738
0.023725
0.021784
0.049759
0.021563
0.020482
0.02051
0.020236
0.020226
0.042263
0.02047
0.023299
0.021073
0.020955
0.032125
0.045267
0.027712
0.021806
0.021017
0.020997
0.020688
0.04232
0.019873
0.019824
0.020738
0.020781
0.021852
0.047701
0.021269
0.021551
0.021515
0.020486
0.022412
0.041092
0.032094
0.020529
0.022216
0.020424
0.031982
0.043149
0.022585
0.020103
0.02156
0.021162
0.021482
0.053276
0.024405
0.019673
0.027873
0.019919
0.021604
0.043668
0.022937
0.02462
0.024289
0.020415
0.020623
0.052857
0.021607
0.021388
0.019789
0.023159
0.024148
0.04206
0.019573
0.019996
0.026951
0.023326
0.024019
0.048475
0.035485
0.021541
0.021534
0.028886
0.022827
0.044242
0.020001
0.020009
0.023816
0.024592
0.020863
0.050678
0.024472
0.022157
0.021097
0.023972
0.022021
0.052679
0.023792
0.024376
0.022339
0.022732
0.029738
0.052242
0.033608
0.021299
0.022379
0.022294
0.021198
0.049292
0.020702
0.02019
0.021341
0.020829
0.033385
0.049827
0.020778
0.020295
0.0309
0.022295
0.02025
0.042066
0.020197
0.020563
0.021132
0.022322
0.019873
0.042077
0.022607
0.02052
0.019774
0.019882
0.02036
0.043961
0.019786
0.021255
0.02098
0.020137
0.020326
0.044343
0.020131
0.020243
0.021963
0.019934
0.019693
0.048563
0.020347
0.027488
0.020118
0.020407
0.021481
0.047254
0.022748
0.02026
0.019629
0.019064
0.025529
0.050362
0.024
0.024796
0.023294
0.028556
0.02178
0.048239
0.021042
0.021054
0.021986
0.022197
0.021691
0.041841
0.021912
0.020644
0.020134
0.04313
0.020499
0.042088
0.020379
0.022751
0.019955
0.020017
0.019728
0.046132
0.019168
0.024564
0.021041
0.019878
0.027242
0.04304
0.01959
0.020754
0.021777
0.019522
0.019333
0.042875
0.032646
0.024365
0.023971
0.020049
0.019857
0.040676
0.021236
0.020554
0.019534
0.027148
0.031615
0.044912
0.023383
0.020047
0.019983
0.019858
0.020409
0.043015
0.02018
0.019853
0.020759
0.027612
0.020217
0.041176
0.019795
0.021043
0.020386
0.019312
0.020332
0.043385
0.02035
0.025739
0.02052
0.027983
0.020476
0.043097
0.032102
0.024112
0.023458
0.019729
0.026931
0.041779
0.019905
0.020159
0.019859
0.019642
0.019826
0.053899
0.023839
0.020652
0.020304
0.020678
0.021532
0.041702
0.019075
0.023753
0.020702
0.019884
0.0219
0.048272
0.022426
0.02299
0.02096
0.02258
0.021537
0.050027
0.022917
0.030905
0.022241
0.026792
0.023631
0.048685
0.022233
0.022646
0.027784
0.034194
0.022618
0.048963
0.028619
0.03581
0.024294
0.019577
0.028171
0.042594
0.019177
0.019737
0.01953
0.03171
0.019849
0.042359
0.019669
0.019998
0.020884
0.020956
0.021051
0.041499
0.020749
0.021377
0.020645
0.020486
0.021486
0.043125
0.03021
0.020346
0.019495
0.019551
0.024863
0.040829
0.018526
0.019799
0.019636
0.021685
0.019746
0.045674
0.020262
0.020582
0.019152
0.030632
0.019648
0.04073
0.025715
0.019095
0.028919
0.019609
0.019896
0.041385
0.019338
0.019989
0.024469
0.020296
0.020325
0.042357
0.030374
0.031307
0.020288
0.019078
0.019485
0.04835
0.019255
0.019584
0.019559
0.018474
0.018654
0.043044
0.02444
0.022557
0.02905
0.021692
0.022114
0.052023
0.026699
0.020156
0.022016
0.020265
0.019436
0.046987
0.022011
0.020205
0.020064
0.021182
0.020656
0.044602
0.02099
0.019946
0.020527
0.03364
0.019996
0.044487
0.020641
0.019589
0.02042
0.01976
0.024095
0.052662
0.031451
0.020235
0.021986
0.021042
0.022215
0.047914
0.02444
0.021019
0.021673
0.028365
0.036628
0.061056
0.024368
0.022784
0.02144
0.021407
0.023055
0.048348
0.021961
0.02294
0.022021
0.021267
0.022324
0.054727
NaN
0.021872
0.02133
0.028439
0.021582
0.022455
0.048822
0.021925
0.022004
0.021808
0.021695
0.020682
0.047328
0.022587
0.020506
0.023091
0.020895
0.019934
0.041543
0.020398
0.019364
0.020984
0.019552
0.019345
0.04179
0.019403
0.020388
0.023226
0.020877
0.019692
0.040351
0.018533
0.018802
0.038588
0.01913
0.021777
0.039962
0.020678
0.01954
0.019005
0.020165
0.019308
0.041689
0.020192
0.019768
0.019321
0.019163
0.019378
0.04284
0.019443
0.019416
0.019242
0.019409
0.01905
0.04857
0.028367
0.019793
0.020025
0.019266
0.019472
0.041387
0.020416
0.019635
0.020023
0.019452
0.023493
0.041868
0.019488
0.022848
0.0322
0.019663
0.027468
0.042485
0.020036
0.020783
0.020195
0.019739
0.019907
0.042815
0.020137
0.017793
0.01898
0.027336
0.026107
0.049854
0.026029
0.02282
0.021266
0.021056
0.020938
0.049355
0.021207
0.021801
0.021292
0.02111
0.022475
0.051025
0.021648
0.030518
0.021394
0.027235
0.022192
0.051846
0.020953
0.021576
0.021282
0.022092
0.021554
0.050867
0.021292
0.025681
0.022146
0.021559
0.020763
0.048888
0.021698
0.02499
0.021422
0.022022
0.021604
0.049117
0.021917
0.02372
0.020666
0.029759
0.023173
0.054758
0.024435
0.019516
0.025213
0.019896
0.027236
0.04079
0.018223
0.019629
0.019286
0.019319
0.027182
0.058501
0.022738
0.021534
0.022438
0.022824
0.022421
0.049211
0.020597
0.022638
0.019761
0.022892
0.023078
0.062139
0.032021
0.022357
0.023013
0.021556
0.026945
0.040998
0.020282
0.019503
0.018978
0.0193
0.020874
0.04071
0.030054
0.022561
0.020715
0.019593
0.021805
0.048598
0.023823
0.035002
0.021797
0.022618
0.024659
0.060093
0.023697
0.022303
0.02772
0.022449
0.025647
0.041992
0.030719
0.025001
0.022088
0.022591
0.021841
0.049569
0.021493
0.021753
0.021917
0.021652
0.025309
0.049343
0.021253
0.02962
0.021879
0.032488
0.023972
0.051539
0.023005
0.022746
0.02288
0.023118
0.025561
0.054815
0.024497
0.026073
0.035774
0.020784
0.02219
0.054225
NaN
0.021318
0.022806
0.039253
0.035672
0.035098
0.048041
0.021857
0.037431
0.024525
0.031861
0.027651
0.046746
0.025696
0.022851
0.032725
0.020125
0.030889
0.041884
0.030882
0.024576
0.022951
0.024417
0.035558
0.044567
0.021122
0.03231
0.022106
0.036339
0.023843
0.043971
0.030601
0.023465
0.023654
0.02428
0.030509
0.045433
0.031605
0.023231
0.025018
0.024359
0.024239
0.048264
0.024077
0.024119
0.035787
0.035719
0.021232
0.047745
0.028732
0.022125
0.024891
0.021667
0.02624
0.050404
0.021191
0.02156
0.020457
0.021922
0.020238
0.044856
0.028487
0.025066
0.020677
0.022908
0.026648
0.048722
0.019361
0.018854
0.019551
0.026003
0.023514
0.041191
0.020876
0.023835
0.019729
0.029593
0.024529
0.045482
0.021676
0.020155
0.01997
0.026306
0.0247
0.042552
0.019342
0.020071
0.01932
0.019725
0.01949
0.054074
0.020441
0.020757
0.030879
0.019689
0.019888
0.042421
0.019831
0.020876
0.020792
0.019856
0.028116
0.042968
0.020054
0.019413
0.01897
0.019913
0.020581
0.044456
0.021214
0.019466
0.022307
0.021835
0.022103
0.050818
0.018886
0.022125
0.019494
0.019229
0.019306
0.044332
0.018652
0.019042
0.019624
0.019397
0.02002
0.050969
0.023268
0.020088
0.020154
0.025024
0.023972
0.048342
0.019752
0.020727
0.031681
0.02387
0.022579
0.047056
0.021932
0.021136
0.021075
0.020989
0.020375
0.044209
0.02162
0.020103
0.031077
0.020983
0.026207
0.044385
0.020321
0.020008
0.021307
0.020404
0.02056
0.046877
0.025336
0.020527
0.021611
0.020866
0.019911
0.050811
0.020144
0.019535
0.032122
0.020453
0.031404
0.047253
0.023109
0.023385
0.022757
0.021159
0.021753
0.049395
0.020109
0.02803
0.021006
0.020995
0.022437
0.048485
0.022245
0.021036
0.021652
0.022575
0.03093
0.049551
0.023522
0.021684
0.021688
0.028323
0.020164
0.044598
0.020873
0.019878
0.019422
0.020311
0.023507
0.050959
0.020308
0.019667
0.03243
0.020436
0.020581
0.047478
0.022028
0.019852
0.020339
0.020453
0.02083
0.051335
0.035965
0.02054
0.020148
0.032037
0.025081
0.042853
0.023318
0.020508
0.030969
0.027697
0.02011
0.042955
0.019475
0.02538
0.024017
0.020558
0.028316
0.050182
0.021045
0.020953
0.019133
0.023733
0.019837
0.042075
0.019533
0.020535
0.035971
0.030194
0.021335
0.052132
0.019855
0.020031
0.021068
0.020237
0.026623
0.043393
0.019649
0.020834
0.025746
0.019977
0.021124
NaN
NaN
NaN
NaN
1.2183
0.15052
0.083173
0.063171
0.088745
NaN
0.078701
NaN
0.059237
0.059228
0.053488
0.021556
0.026814
0.024384
0.023301
0.024163
0.046068
0.02182
0.022252
0.021149
0.031303
0.021457
0.046067
0.021199
0.02095
0.022125
0.021491
0.021067
0.05821
0.023235
0.027382
0.030749
0.035937
0.035432
0.065603
NaN
0.023296
NaN
NaN
NaN
NaN
1.2302
0.14254
0.078679
0.06993
0.096342
NaN
0.079648
NaN
0.049861
0.054514
0.050604
0.024825
0.034459
0.025276
0.022673
0.023785
0.061326
0.024417
0.02186
0.021797
0.02912
0.021553
0.051124
0.03583
0.022527
0.022065
0.02162
0.030062
0.0464
0.02667
0.023856
0.027755
0.044728
0.035874
0.05969
0.024411
0.029265
0.022591
0.034991
0.022943
0.048372
0.02362
0.022397
0.027637
0.023093
0.023219
0.051127
0.023733
0.033752
0.037997
0.035745
0.021718
0.049522
0.025117
0.023483
0.02411
0.023586
0.022761
0.049907
0.023372
0.02549
0.021759
0.022937
0.026203
0.049432
0.022709
0.022115
0.020849
