0.000117
0.24518
0.008904
NaN
NaN
NaN
NaN
0.000224
0.2428
0.008564
0.008012
0.007464
0.007897
0.007341
0.008201
NaN
NaN
NaN
NaN
0.000244
0.25393
0.009686
0.008194
0.00834
0.0084
0.008757
0.00807
0.009971
0.009042
0.008476
NaN
NaN
NaN
NaN
0.000142
0.2481
0.009008
0.00747
0.008845
0.007661
0.007577
0.007464
0.008188
0.007361
0.008366
0.00784
0.00795
0.008398
0.010094
0.007757
0.00825
0.007757
0.007706
0.008875
0.007897
0.008972
0.008016
0.00887
0.007684
0.011036
0.008917
0.008698
0.007923
0.007807
0.00806
0.007994
0.008831
0.008009
0.007907
0.008111
0.009831
0.00818
0.008106
0.00795
0.00768
0.00903
0.009245
0.007646
0.007658
0.008998
0.007689
0.008764
0.015863
0.007721
0.007889
0.007411
0.007828
0.007574
0.007772
0.012576
0.007904
0.008299
0.014463
0.009472
0.008472
0.008203
0.008608
0.00787
0.007729
0.00768
0.009268
0.008281
0.007713
0.007975
0.015729
0.011
0.008548
0.007793
0.00759
0.007618
0.008432
0.008462
0.007765
0.007761
0.008497
0.016541
0.010899
0.008421
0.007526
0.00773
0.007441
0.007699
0.007858
0.007596
0.008275
0.008395
0.007553
0.007327
0.007937
0.00754
0.007286
0.007449
0.007507
0.007736
0.007938
0.007475
0.007918
0.007444
0.007848
0.007731
0.008446
NaN
NaN
NaN
NaN
0.000171
0.23755
0.008558
0.007827
NaN
NaN
NaN
NaN
0.000149
0.23619
0.008432
0.00725
0.007325
0.007937
0.007441
0.00791
0.016627
0.010774
0.008933
0.007742
0.00751
0.007313
0.007224
0.008024
0.008068
0.008941
0.00739
0.007237
0.007447
0.007628
0.007313
0.007811
0.00801
0.007424
0.007587
0.007782
0.007661
0.008389
0.007511
0.007324
0.007277
0.007277
0.007347
0.008049
0.016041
0.010261
0.008384
0.007399
0.007416
0.007459
0.007361
0.007353
0.007381
0.007598
0.007711
0.008398
0.008004
0.008349
0.007699
0.007357
0.007435
0.007863
0.007361
0.007324
0.007323
0.007476
0.007371
0.007354
0.007949
NaN
NaN
NaN
NaN
0.000369
0.22503
0.007933
0.00742
0.007591
NaN
NaN
NaN
NaN
0.000144
0.22939
0.008528
0.007765
0.008236
0.008243
0.009727
0.008365
0.007691
0.00757
0.008301
0.007602
0.007421
0.00748
0.007564
0.00751
0.007725
NaN
NaN
NaN
NaN
0.000202
0.24437
0.008534
0.008893
0.009402
0.008524
0.008832
0.009827
0.009053
0.009495
0.008564
0.00786
0.010277
0.012977
0.011819
0.008573
0.008202
0.008396
0.007714
0.007314
0.007955
0.008395
0.007659
0.007916
0.007869
0.008169
0.009736
0.008247
0.00791
0.007696
0.007391
0.00748
NaN
NaN
NaN
NaN
0.000155
0.24404
0.01037
0.008179
0.007547
0.007906
0.007577
0.008098
0.007684
0.007469
NaN
NaN
NaN
NaN
0.001122
0.23543
0.008345
0.0083
0.007548
0.007387
0.007466
0.007406
0.007933
0.007701
0.007415
0.007788
0.008093
0.008186
0.007957
0.007715
0.007761
0.007594
0.007942
0.007724
0.008211
0.008186
0.00767
0.007439
0.007619
0.007432
0.007484
