0.000154
0.21918
0.001046
0.000848
0.000899
0.000884
0.000899
0.000885
0.000876
0.00094
0.000916
0.000893
0.000984
NaN
NaN
NaN
NaN
0.000155
0.20888
0.001319
0.001022
0.001166
0.001162
0.001232
0.001164
0.00115
0.001264
0.001183
0.001153
0.001151
0.001065
0.001076
0.001046
0.001153
0.00115
0.001081
0.00116
0.001042
0.001168
0.00115
0.001154
0.001461
0.001073
0.00125
0.001236
0.001278
0.00123
0.001305
0.001255
0.001279
0.00123
0.001293
0.001364
0.001256
0.001315
0.00126
0.001295
0.001151
0.001149
0.001148
0.001126
0.001312
0.001188
0.001268
0.00125
0.001309
0.001151
0.001168
0.001241
0.001151
0.001158
0.001148
0.001148
0.001147
0.001148
NaN
NaN
NaN
NaN
0.00016
0.22761
0.001397
0.001203
NaN
NaN
NaN
NaN
0.000168
0.21715
0.001209
0.00117
NaN
NaN
NaN
NaN
0.000165
0.2061
0.001234
0.001311
0.001084
0.001291
0.001155
0.001153
0.001153
0.001157
0.001161
0.001151
0.001179
0.00127
0.001154
0.001152
0.001151
0.001253
0.001252
0.001169
0.001152
0.001151
0.001276
0.001154
0.001257
0.00116
0.001251
0.001227
0.001157
0.00125
0.001153
0.001245
0.001153
0.001251
0.001235
0.001029
0.001147
0.001233
0.001299
0.001274
0.001312
0.001286
0.001256
0.001257
0.001251
