0.000149,0.000142,8.8e-05,0.000145,0.00017,0.000135,0.000129,0.000128,0.000133,0.000132,0.000145,0.000138,0.000132,0.000134,0.000132
0.62448,0.60987,0.60399,0.60398,0.6096,0.6232,0.59372,0.61033,0.61084,0.60535,0.59841,0.60099,0.61097,0.60549,0.60427
0.015654,0.015751,0.015473,0.015547,0.01521,0.017261,0.015414,0.015615,0.015646,0.015267,0.015708,0.015453,0.01542,0.015662,0.015671
0.015227,0.015122,0.01506,0.015632,0.015142,0.015344,0.014942,0.015718,0.017708,0.015203,0.015615,0.015175,0.015005,0.014923,0.016327
0.014721,0.015053,0.014946,0.015089,0.015297,0.014892,0.014769,0.015045,0.015313,0.01498,0.014828,0.015027,0.015044,0.014774,0.015939
0.015601,0.015385,0.015161,0.015444,0.015436,0.01541,0.015543,0.015557,0.015983,0.015194,0.015354,0.015371,0.015144,0.015137,0.015925
0.015755,0.018837,0.015709,0.015562,0.016084,0.015715,0.015487,0.015944,0.016238,0.015537,0.016366,0.015918,0.015419,0.015781,0.015561
0.02739,0.027779,0.034551,0.026812,0.026619,0.026414,0.026752,0.027476,0.029235,0.026608,0.026546,0.026141,0.026958,0.026453,0.027982
0.030005,0.031901,0.031066,0.029153,0.030908,0.029391,0.030204,0.030352,0.035914,0.030112,0.030571,0.029741,0.030707,0.030031,0.02963
0.031971,0.029791,0.034848,0.030372,0.026703,0.027581,0.031032,0.030848,0.031654,0.030529,0.028264,0.03182,0.026771,0.027182,0.031423
0.030971,0.031245,0.030637,0.031221,0.029539,0.031201,0.031465,0.030735,0.03169,0.030467,0.027764,0.031294,0.030226,0.027641,0.030121
0.021249,0.018679,0.017378,0.020422,0.023426,0.020431,0.020891,0.020922,0.018259,0.020319,0.02086,0.02012,0.023411,0.02375,0.021192
0.089134,0.10003,0.082786,0.085862,0.092395,0.087114,0.085934,0.084476,0.080894,0.097963,0.087677,0.086697,0.098433,0.092514,0.085635
0.021323,0.024869,0.026192,0.02035,0.025436,0.02572,0.021561,0.02046,0.019301,0.0257,0.025184,0.022141,0.019174,0.020863,0.025297
0.017632,0.016872,0.016531,0.016758,0.017217,0.017267,0.017163,0.016401,0.016936,0.016807,0.016552,0.01666,0.016761,0.017088,0.016631
0.017142,0.017238,0.016591,0.017048,0.017075,0.016679,0.017264,0.017331,0.017098,0.016761,0.016805,0.016831,0.017079,0.01675,0.017016
0.016155,0.016519,0.015986,0.015968,0.015775,0.016072,0.015377,0.016078,0.016176,0.016317,0.015691,0.016334,0.016714,0.015857,0.015628
0.016051,0.01635,0.016176,0.015713,0.01587,0.016393,0.015679,0.015704,0.016047,0.016584,0.015701,0.015637,0.016924,0.015783,0.016017
0.016226,0.016439,0.016252,0.016149,0.016267,0.016947,0.016576,0.016144,0.016326,0.016611,0.017732,0.016508,0.016731,0.016028,0.016162
0.016788,0.017052,0.01661,0.016941,0.016901,0.017151,0.016844,0.016758,0.016519,0.017088,0.016718,0.017123,0.017154,0.016921,0.016309
0.017395,0.017548,0.018573,0.017029,0.01697,0.017502,0.017228,0.0171,0.017419,0.017186,0.017319,0.017057,0.017461,0.017817,0.016873
0.017386,0.017327,0.0173,0.01714,0.017338,0.01731,0.017254,0.017445,0.01748,0.016894,0.017248,0.017354,0.017318,0.017262,0.017148
0.017942,0.017733,0.017257,0.016982,0.017049,0.017189,0.017118,0.017537,0.017488,0.019732,0.017248,0.017008,0.019792,0.016939,0.017174
0.016827,0.016976,0.01612,0.016423,0.016137,0.016847,0.016834,0.01657,0.01657,0.016596,0.016441,0.016352,0.016606,0.016098,0.016339
0.017181,0.016891,0.016688,0.016512,0.017061,0.017394,0.016409,0.017001,0.016927,0.016525,0.016861,0.016577,0.016646,0.016607,0.016397
0.01722,0.017024,0.017483,0.017409,0.017389,0.017661,0.017273,0.017425,0.01707,0.017428,0.017486,0.017429,0.017773,0.017003,0.017254
0.017823,0.017546,0.017661,0.017319,0.017526,0.017696,0.017854,0.017474,0.017835,0.017414,0.017576,0.017806,0.017517,0.017452,0.017509
0.017704,0.01763,0.017865,0.017883,0.017725,0.017964,0.0178,0.01813,0.01845,0.017902,0.017582,0.017963,0.017438,0.017709,0.019234
NaN,NaN,NaN,NaN,NaN,NaN,NaN,NaN,NaN,NaN,NaN,NaN,NaN,NaN,NaN
NaN,NaN,NaN,NaN,NaN,NaN,NaN,NaN,NaN,NaN,NaN,NaN,NaN,NaN,NaN
NaN,NaN,NaN,NaN,NaN,NaN,NaN,NaN,NaN,NaN,NaN,NaN,NaN,NaN,NaN
NaN,NaN,NaN,NaN,NaN,NaN,NaN,NaN,NaN,NaN,NaN,NaN,NaN,NaN,NaN
0.000106,0.000176,0.000168,0.000271,0.000141,0.000144,0.000172,0.000104,5.9e-05,0.000478,5.2e-05,4.5e-05,0.000178,0.000238,0.000172
0.61326,0.60686,0.59356,0.61293,0.602,0.5899,0.60299,0.61842,0.60079,0.60096,0.60318,0.62802,0.6017,0.61004,0.59741
0.015609,0.017706,0.015185,0.015802,0.017153,0.015395,0.015528,0.01522,0.015461,0.015283,0.015731,0.015431,0.015342,0.015139,0.015271
0.017548,0.014694,0.014868,0.015221,0.014784,0.014951,0.014875,0.014693,0.014962,0.015235,0.015144,0.015209,0.016886,0.014977,0.015372
0.015305,0.015181,0.015196,0.015594,0.015666,0.015375,0.015162,0.015249,0.014941,0.015427,0.015287,0.01583,0.015042,0.014896,0.015212
0.014853,0.014758,0.014639,0.016093,0.015495,0.015233,0.01486,0.015262,0.015161,0.015078,0.015622,0.015341,0.014788,0.015075,0.015235
0.015236,0.015558,0.015524,0.015037,0.017832,0.015105,0.01519,0.015111,0.015294,0.015219,0.015193,0.015483,0.015596,0.015287,0.015418
0.026606,0.027388,0.026877,0.027209,0.028525,0.026432,0.02309,0.025902,0.023724,0.027474,0.026963,0.027347,0.027321,0.026306,0.026382
0.02997,0.030336,0.029671,0.029769,0.03187,0.027782,0.029878,0.026443,0.027558,0.029438,0.029343,0.026923,0.031506,0.028806,0.029582
0.027393,0.028021,0.026533,0.031317,0.026409,0.027017,0.026895,0.027179,0.026527,0.029823,0.026543,0.030868,0.027737,0.039247,0.031229
0.030951,0.032102,0.030032,0.027436,0.029513,0.03008,0.029788,0.030731,0.029259,0.031867,0.029827,0.030646,0.030911,0.032053,0.030441
0.022133,0.018127,0.023304,0.020235,0.023222,0.025007,0.023773,0.023549,0.023414,0.020448,0.023595,0.022968,0.017088,0.017033,0.020219
0.091933,0.083143,0.10178,0.089035,0.096358,0.09815,0.094853,0.091865,0.10005,0.086024,0.093993,0.092974,0.082151,0.080016,0.088871
0.022159,0.018696,0.025643,0.019109,0.020403,0.021506,0.019923,0.020231,0.018646,0.020577,0.020149,0.022656,0.019812,0.022989,0.025393
0.017238,0.016555,0.016642,0.016456,0.016441,0.016515,0.016251,0.016552,0.018606,0.01626,0.016213,0.016387,0.024647,0.016453,0.025061
0.017214,0.016426,0.01648,0.016771,0.01654,0.016571,0.016619,0.01675,0.016344,0.01652,0.016745,0.016368,0.016879,0.01606,0.016759
0.01626,0.0167,0.015708,0.016509,0.015997,0.015518,0.015781,0.01538,0.015761,0.016479,0.016767,0.016115,0.015667,0.016118,0.015782
0.017568,0.016215,0.015617,0.015689,0.016294,0.018173,0.015955,0.015825,0.015717,0.015546,0.016136,0.015975,0.015866,0.015857,0.015737
0.016317,0.015777,0.016271,0.01612,0.015875,0.016162,0.015996,0.016358,0.01628,0.015801,0.016211,0.016285,0.015896,0.016304,0.016517
0.016711,0.018055,0.016653,0.016363,0.016772,0.016074,0.016331,0.017062,0.016503,0.016551,0.016896,0.017385,0.016634,0.017479,0.016442
0.016311,0.017956,0.016601,0.016651,0.016675,0.016705,0.016645,0.016991,0.018862,0.016564,0.016699,0.016549,0.016641,0.017068,0.016626
0.017032,0.017126,0.016876,0.017052,0.017373,0.0188,0.017166,0.017674,0.016892,0.017406,0.017534,0.017235,0.01676,0.017145,0.016931
0.017196,0.017748,0.018442,0.017309,0.016598,0.017077,0.016904,0.017068,0.01694,0.017241,0.017483,0.018498,0.01707,0.01701,0.01736
0.016383,0.016217,0.016231,0.016274,0.016605,0.019206,0.016735,0.016907,0.016369,0.019378,0.016974,0.016399,0.017491,0.016455,0.016167
0.016465,0.020539,0.016503,0.017068,0.01685,0.019883,0.0166,0.01648,0.016352,0.016561,0.01657,0.016758,0.016505,0.016975,0.016581
0.017428,0.017125,0.017294,0.017264,0.016994,0.017376,0.01718,0.017351,0.019606,0.017338,0.017353,0.017168,0.016998,0.017393,0.017083
0.01784,0.017828,0.017535,0.017893,0.017832,0.020596,0.017432,0.018037,0.017426,0.017356,0.017459,0.017392,0.019364,0.017589,0.017111
0.017463,0.017537,0.017894,0.017209,0.017965,0.017173,0.017702,0.017786,0.017236,0.019304,0.017647,0.01746,0.017393,0.017251,0.018134
0.017249,0.017544,0.01771,0.017323,0.018316,0.020005,0.017102,0.016936,0.016964,0.017904,0.017322,0.01774,0.017504,0.01706,0.018
0.01657,0.016622,0.016512,0.01661,0.016343,0.017098,0.016703,0.017509,0.018359,0.017016,0.017114,0.01681,0.016449,0.017359,0.016919
0.017355,0.019671,0.016857,0.016802,0.017149,0.016783,0.016937,0.016653,0.017049,0.01724,0.017038,0.016967,0.01725,0.016892,0.017302
0.017797,0.018348,0.017492,0.017304,0.01827,0.017317,0.017664,0.017849,0.020422,0.017264,0.017301,0.017825,0.017428,0.017492,0.01762
0.017278,0.018038,0.017322,0.017633,0.018118,0.017654,0.017573,0.017494,0.019468,0.017647,0.017385,0.017724,0.017576,0.017627,0.017425
0.017932,0.018137,0.020828,0.018118,0.018146,0.017626,0.018261,0.017764,0.020094,0.017999,0.018079,0.018381,0.017589,0.0181,0.017854
0.017567,0.021496,0.017308,0.017732,0.017671,0.017379,0.018623,0.017821,0.017608,0.017976,0.01797,0.01756,0.01761,0.017795,0.018247
0.017192,0.016798,0.016892,0.01713,0.01736,0.017028,0.016717,0.017146,0.019312,0.017574,0.016889,0.017127,0.016983,0.016983,0.017301
0.017128,0.018411,0.019581,0.017188,0.017371,0.016987,0.016845,0.017222,0.017145,0.016963,0.017225,0.017414,0.016869,0.016904,0.017218
0.017506,0.018524,0.01766,0.017676,0.0175,0.017555,0.017772,0.017413,0.017713,0.017177,0.017338,0.017896,0.017485,0.017457,0.017712
0.018419,0.020826,0.017639,0.017856,0.018375,0.017908,0.017981,0.017835,0.017734,0.017601,0.018042,0.018309,0.018027,0.017882,0.017855
0.018244,0.01769,0.017868,0.018509,0.018208,0.018036,0.018181,0.017381,0.018066,0.017738,0.017702,0.018811,0.017823,0.018078,0.01841
0.017893,0.019384,0.017386,0.017721,0.017369,0.017469,0.017785,0.018136,0.017392,0.01759,0.017941,0.017734,0.017583,0.017857,0.017462
0.017015,NaN,NaN,NaN,0.017101,0.016954,NaN,NaN,NaN,NaN,NaN,0.017495,0.016733,NaN,0.017151
0.017043,NaN,NaN,NaN,0.017256,0.016681,NaN,NaN,NaN,NaN,NaN,0.017379,0.017913,NaN,0.017306
0.017911,NaN,NaN,NaN,0.01755,0.017748,NaN,NaN,NaN,NaN,NaN,0.017809,0.019874,NaN,0.017716
0.017868,NaN,NaN,NaN,0.017747,0.017452,NaN,NaN,NaN,NaN,NaN,0.017645,0.01754,NaN,0.017442
0.018377,0.000162,0.000169,0.000167,0.017696,0.01804,0.000142,0.000169,0.000174,0.00017,9e-05,0.017836,0.017786,0.00033,0.018101
0.017841,0.60101,0.60532,0.62052,0.017427,0.01726,0.61691,0.61656,0.59239,0.60131,0.6129,0.017999,0.017655,0.62101,0.017452
0.017398,0.015636,0.016067,0.015434,0.01717,0.017044,0.015807,0.015722,0.015775,0.015819,0.015923,0.017376,0.016657,0.015654,0.017138
0.016998,0.015379,0.015444,0.01508,0.01693,0.016796,0.015402,0.015398,0.015748,0.015881,0.015202,0.017084,0.017253,0.015212,0.01738
0.017925,0.017027,0.015665,0.015098,0.017597,0.017562,0.015475,0.019391,0.015301,0.015524,0.015355,0.018037,0.018154,0.018286,0.017997
0.018006,0.015643,0.016034,0.015419,0.017831,0.018045,0.015516,0.016004,0.015727,0.016503,0.015561,0.018881,0.018054,0.015659,0.017905
0.017946,0.015666,0.016369,0.015747,0.018184,0.018514,0.015328,0.015433,0.016123,0.015803,0.015373,0.018385,0.018069,0.01588,0.018111
0.018212,0.027688,0.023533,0.027934,0.01766,0.017627,0.027519,0.027013,0.02774,0.028946,0.028229,0.017931,0.017244,0.027979,0.018123
0.017089,0.031223,0.031272,0.03024,0.017129,0.017391,0.030022,0.03274,0.036024,0.032777,0.031757,0.017044,0.017419,0.033874,0.017147
0.017388,0.030989,0.023666,0.027501,0.017364,0.017447,0.027694,0.028403,0.031196,0.032561,0.030476,0.017544,0.019178,0.028275,0.017443
0.017992,0.03118,0.031801,0.030843,0.017964,0.017701,0.031076,0.033262,0.034671,0.028671,0.030952,0.018076,0.017792,0.033197,0.017792
0.017784,0.020959,0.027483,0.017774,0.018321,0.019036,0.020137,0.017207,0.018397,0.017736,0.020636,0.01823,0.017678,0.020372,0.018173
0.018137,0.087659,0.094119,0.084017,0.01798,0.018246,0.086502,0.093047,0.080354,0.079637,0.093141,0.018562,0.018127,0.091221,0.01832
0.018111,0.020982,0.022543,0.025441,0.018438,0.017901,0.020985,0.027688,0.021149,0.018972,0.020096,0.018582,0.017248,0.033707,0.017762
0.017296,0.01894,0.017441,0.017408,0.017203,0.017523,0.01722,0.017325,0.017024,0.018866,0.026713,0.017705,0.01694,0.027228,0.020482
0.01741,0.016932,0.017726,0.016904,0.0175,0.017185,0.016971,0.017531,0.017221,0.018177,0.016897,0.017569,0.017313,0.027991,0.017065
0.018229,0.016926,0.017466,0.016626,0.017764,0.01862,0.016617,0.01679,0.016523,0.018006,0.016643,0.017924,0.020152,0.020541,0.017888
0.018768,0.016594,0.016625,0.016482,0.01869,0.019132,0.016394,0.016529,0.016225,0.016594,0.016596,0.01887,0.01797,0.016999,0.020526
0.018606,0.016637,0.016537,0.016442,0.018724,0.018224,0.016465,0.016658,0.016448,0.016829,0.016316,0.019103,0.018294,0.01661,0.018325
0.017801,0.01715,0.017632,0.017054,0.017977,0.018256,0.016945,0.018003,0.017146,0.0178,0.016917,0.01833,0.01774,0.01732,0.017767
0.017402,0.017326,0.017874,0.017543,0.01799,0.017476,0.01756,0.017703,0.017222,0.017582,0.017256,0.017226,0.020162,0.0177,0.017269
0.017763,0.017097,0.017772,0.017259,0.017664,0.017394,0.017369,0.017792,0.017225,0.017592,0.017193,0.017836,0.017134,0.017593,0.017369
0.018471,0.018149,0.01815,0.017364,0.017984,0.018272,0.017579,0.017159,0.020187,0.01803,0.016944,0.018565,0.018278,0.016975,0.018257
0.018506,0.016647,0.017466,0.016459,0.018705,0.017826,0.016264,0.016512,0.016739,0.016701,0.016154,0.018428,0.018071,0.01644,0.01811
0.01846,0.017488,0.017436,0.01673,0.01887,0.018731,0.017197,0.017392,0.016903,0.017144,0.016715,0.018767,0.020549,0.016958,0.018419
0.017689,0.018661,0.017774,0.017728,0.018182,0.017843,0.017924,0.018065,0.01881,0.018047,0.017399,0.018017,0.018478,0.028374,0.017787
0.017299,0.018067,0.018777,0.017845,0.017948,0.016948,0.018357,0.017818,0.018159,0.018853,0.017729,0.017779,0.019831,0.017795,0.017138
0.017934,0.018517,0.018074,0.018273,0.017245,0.017477,0.017762,0.017984,0.018418,0.018764,0.017472,0.017609,0.01746,0.017306,0.017541
0.018135,0.017203,0.017811,0.017768,0.017968,0.017477,0.017364,0.017347,0.018095,0.01786,0.017085,0.018278,0.021568,0.016982,0.017891
0.018528,0.01728,0.017225,0.017047,0.018399,0.018261,0.016748,0.017095,0.016806,0.017626,0.016879,0.018655,0.018075,0.017329,0.018283
0.018361,0.020276,0.017498,0.017353,0.018283,0.018436,0.017519,0.017516,0.01737,0.017552,0.016814,0.018156,0.020779,0.017766,0.018133
0.017838,0.017949,0.018273,0.018233,0.017771,0.017584,0.018426,0.018532,0.018103,0.018312,0.017967,0.01918,0.017232,0.017689,0.017459
0.017129,0.018035,0.018415,0.018371,0.017377,0.017321,0.029016,0.018417,0.018174,0.018609,0.01777,0.017864,0.016902,0.017803,0.017119
0.017241,0.01804,0.018689,0.01837,0.017699,0.017477,0.018361,0.018574,0.019325,0.018909,0.017862,0.017313,0.017252,0.018205,0.019819
0.018208,0.017933,0.017945,0.01755,0.018088,0.018046,0.016876,0.017248,0.017868,0.01727,0.017074,0.017995,0.017671,0.017853,0.018152
0.01806,0.016789,0.017003,0.016454,0.018274,0.018139,0.016579,0.016742,0.016179,0.016556,0.015952,0.018005,0.017749,0.016619,0.017714
0.017724,0.017046,0.017124,0.017034,0.018521,0.018154,0.017023,0.017268,0.016675,0.016934,0.016753,0.018307,0.017795,0.016844,0.017998
0.017699,0.019278,0.017935,0.017568,0.018036,0.017395,0.017811,0.018241,0.018519,0.017823,0.017183,0.017979,0.017899,0.017958,0.01767
0.016984,0.029896,0.018183,0.017255,0.017112,0.017195,0.018455,0.018571,0.018168,0.018046,0.017743,0.016961,0.016954,0.017882,0.016921
0.016962,0.018242,0.017901,0.018094,0.017061,0.017108,0.017844,0.018323,0.020193,0.017817,0.017312,0.016947,0.017034,0.017957,0.017876
0.018052,0.017151,0.01778,0.017441,0.017743,0.017776,0.017422,0.018402,0.018397,0.01859,0.017209,0.017832,0.017276,0.017625,0.017801
0.018084,0.020139,0.016884,0.016648,0.018297,0.017795,0.01693,0.017779,0.016572,0.017017,0.016745,0.018244,0.017964,0.0168,0.017857
0.018116,0.016842,0.017263,0.016664,0.018832,0.017807,0.017018,0.017029,0.016906,0.018817,0.016984,0.018148,0.018018,0.016711,0.017896
0.017486,0.017487,0.017645,0.01772,0.017557,0.017549,0.017527,0.018013,0.017801,0.017796,0.017163,0.017374,0.017354,0.01701,0.01719
0.0172,0.017884,0.018347,0.018107,0.01703,0.016803,0.017853,0.01867,0.019515,0.018054,0.017556,0.017033,0.016978,0.018565,0.01656
0.016861,0.01801,0.018096,0.018501,0.017385,0.016987,0.01775,0.018405,0.017914,0.019668,0.017864,0.017097,0.016603,0.017976,0.019696
0.017498,0.017372,0.017871,0.017094,0.017422,0.017802,0.017857,0.018065,0.017208,0.018055,0.017499,0.017867,0.017313,0.018171,0.017269
0.017365,0.019336,0.016815,0.01665,0.01795,0.017636,0.016952,0.01686,0.016586,0.016793,0.016725,0.017484,0.017428,0.016801,0.017034
0.017924,0.017172,0.016609,0.017339,0.018048,0.017732,0.016556,0.017158,0.018195,0.016875,0.016956,0.018615,0.017936,0.016751,0.017503
0.017672,0.017376,0.017042,0.017337,0.017574,0.017923,0.017656,0.017832,0.019433,0.017791,0.017437,0.017268,0.017451,0.017484,0.017267
0.016545,0.018283,0.019392,0.017736,0.016864,0.016425,0.018109,0.017913,0.019115,0.017434,0.018131,0.016919,0.016749,0.01775,0.016834
0.017162,0.018326,0.017305,0.017685,0.016921,0.016989,0.017629,0.018858,0.017772,0.017719,0.017668,0.016968,0.016863,0.018109,0.018855
0.017197,0.018619,0.0175,0.017476,0.017591,0.017623,0.018438,0.018183,0.018195,0.017443,0.017458,0.017385,0.017237,0.017631,0.017088
0.017713,0.01706,0.016839,0.016973,0.017728,0.017233,0.017059,0.017457,0.017034,0.01755,0.017204,0.018021,0.017533,0.016927,0.017331
0.017652,0.016882,0.019149,0.016953,0.017975,0.017833,0.016787,0.017279,0.018232,0.017276,0.016879,0.017873,0.017739,0.016751,0.017731
0.018154,0.019109,0.017406,0.017811,0.017695,0.017378,0.017892,0.017495,0.017425,0.017435,0.017901,0.017661,0.017626,0.017594,0.017613
0.017261,0.018079,0.017986,0.01807,0.016837,0.016983,0.018124,0.018183,0.017872,0.018007,0.017999,0.016707,0.016595,0.017747,0.017668
0.016954,0.019666,0.017489,0.017996,0.016939,0.01683,0.018119,0.017941,0.017559,0.01799,0.017462,0.016663,0.016565,0.017837,0.016833
0.017412,0.019122,0.017273,0.018393,0.017311,0.017904,0.017419,0.017876,0.017273,0.017459,0.018109,0.017955,0.017552,0.017303,0.016931
0.017538,0.016562,0.016416,0.016902,0.017606,0.016917,0.016174,0.017103,0.016366,0.016547,0.016493,0.02067,0.017395,0.016369,0.018157
0.017928,0.018399,0.016828,0.017142,0.01786,0.018045,0.016786,0.016755,0.016856,0.017471,0.016788,0.018325,0.017729,0.016981,0.018253
0.017331,0.017466,0.017433,0.017729,0.017316,0.01777,0.017736,0.017434,0.017649,0.017601,0.017186,0.017272,0.017475,0.017761,0.018571
0.017118,0.018724,0.01784,0.017753,0.016756,0.016549,0.017794,0.018383,0.017885,0.020497,0.018036,0.016649,0.016517,0.018281,0.01749
0.016649,0.018007,0.017827,0.017586,0.017148,0.01718,0.018223,0.018487,0.017632,0.018349,0.017648,0.019871,0.01671,0.017935,0.017156
0.017471,0.018081,0.017839,0.018075,0.017415,0.017653,0.017289,0.017918,0.018133,0.017387,0.017955,0.017804,0.017394,0.018215,0.017908
0.017821,0.017109,0.016792,0.017203,0.018163,0.018343,0.017223,0.017623,0.016708,0.017292,0.017037,0.017935,0.017774,0.016765,0.017827
0.017779,0.017484,0.016646,0.017467,0.017778,0.017839,0.017503,0.017692,0.016765,0.017753,0.017025,0.01781,0.017347,0.017168,0.018018
0.017582,0.017271,0.017981,0.017995,0.017808,0.017406,0.01758,0.017577,0.01802,0.017928,0.017628,0.017872,0.017242,0.017662,0.017849
0.016902,0.017938,0.018268,0.017669,0.016746,0.016617,0.017474,0.017872,0.017639,0.018953,0.018069,0.016789,0.016428,0.017991,0.016632
0.01657,0.017911,0.017441,0.01784,0.017072,0.016553,0.01759,0.017931,0.018136,0.018524,0.017919,0.016939,0.01686,0.017769,0.016431
0.01769,0.017743,0.017866,0.017756,0.019162,0.017663,0.017576,0.017611,0.017401,0.018285,0.01747,0.017461,0.017464,0.017391,0.017461
0.017555,0.016602,0.016254,0.016971,0.017523,0.017569,0.016679,0.016923,0.016617,0.016393,0.016361,0.017545,0.017208,0.016487,0.017554
0.017744,0.017246,0.016648,0.016944,0.017933,0.017534,0.017354,0.016605,0.016835,0.017351,0.01704,0.018293,0.017563,0.017369,0.017676
0.01734,0.017417,0.017605,0.017498,0.0181,0.017477,0.017921,0.018437,0.017886,0.021023,0.017611,0.017886,0.017682,0.017795,0.017219
0.016261,0.017909,0.017892,0.017758,0.017936,0.016944,0.017448,0.018193,0.018014,0.018348,0.017874,0.016573,0.016425,0.018246,0.016555
0.016848,0.017825,0.018008,0.018033,0.016835,0.01676,0.018154,0.018218,0.017953,0.018016,0.017862,0.017108,0.016681,0.017955,0.016703
0.017223,0.017632,0.017175,0.017551,0.017098,0.017077,0.017576,0.017584,0.017179,0.017418,0.017522,0.018262,0.017351,0.017135,0.017275
0.017975,0.017018,0.017171,0.016847,0.017922,0.017466,0.016651,0.017287,0.016591,0.016446,0.017014,0.017851,0.017483,0.0168,0.018006
0.018113,0.01742,0.017022,0.01719,0.017807,0.01754,0.01746,0.017441,0.01703,0.016794,0.017076,0.017722,0.017258,0.016794,0.017734
0.017418,0.017571,0.017676,0.017472,0.017737,0.017398,0.018037,0.018275,0.017886,0.019271,0.01768,0.019888,0.017316,0.017971,0.017795
0.016547,0.018183,0.017615,0.017839,0.016708,0.016762,0.018432,0.018124,0.017868,0.018317,0.017756,0.016821,0.016695,0.018078,0.016761
0.016635,0.018176,0.0177,0.017839,0.016887,0.01662,0.017873,0.018445,0.018192,0.018235,0.018096,0.016262,0.016468,0.018092,0.01638
0.017516,0.017667,0.019446,0.017364,0.017409,0.017323,0.01728,0.017432,0.017926,0.019145,0.01732,0.01771,0.017031,0.017487,0.017246
0.017604,0.016956,0.01655,0.017051,0.017431,0.017645,0.019558,0.019481,0.01706,0.018754,0.020219,0.017489,0.017129,0.016796,0.017348
0.019257,0.017149,0.016839,0.017013,0.017663,0.017216,0.017015,0.017318,0.016801,0.016999,0.017015,0.017609,0.01738,0.016958,0.0177
0.017473,0.017517,0.017408,0.01802,0.017721,0.017269,0.017457,0.018377,0.017505,0.01792,0.017464,0.017731,0.01783,0.01781,0.017435
0.016586,0.018335,0.017955,0.018346,0.016605,0.016648,0.01829,0.018378,0.017916,0.018636,0.017792,0.01785,0.016443,0.018155,0.016681
0.017721,0.017928,0.017852,0.018428,0.016801,0.016825,0.020607,0.01792,0.0178,0.019771,0.020827,0.017134,0.01665,0.017923,0.016582
0.018197,0.018142,0.018582,0.017532,0.017275,0.017381,0.017793,0.017585,0.017384,0.017774,0.017247,0.017613,0.017258,0.017478,0.017177
0.018221,0.016493,0.025589,0.016993,0.017932,0.018128,0.016938,0.017331,0.01726,0.018105,0.016846,0.018173,0.017539,0.017067,0.017674
0.017981,0.017005,0.016968,0.016775,0.01958,0.017835,0.0168,0.016892,0.016305,0.017775,0.016596,0.017872,0.017542,0.016832,0.017964
0.01736,0.030568,0.017391,0.017701,0.018256,0.017764,0.017523,0.017906,0.017629,0.017445,0.017416,0.020224,0.017257,0.017436,0.017752
0.017508,0.019303,0.02092,0.019386,0.016874,0.016503,0.01787,0.018626,0.018587,0.01831,0.017787,0.016525,0.016519,0.018035,0.016996
0.016869,0.018821,0.0179,0.017736,0.017118,0.016596,0.018024,0.018353,0.017772,0.017631,0.01755,0.016872,0.016819,0.018023,0.016652
0.016996,0.016632,0.017922,0.017389,0.017355,0.020198,0.017433,0.017603,0.017715,0.018219,0.01732,0.017888,0.017246,0.017945,0.017388
0.017225,0.017099,0.017144,0.017041,0.017744,0.017171,0.016332,0.017508,0.016714,0.016773,0.016443,0.017326,0.017212,0.016553,0.017818
0.018101,0.016377,0.019218,0.017428,0.01785,0.017688,0.016646,0.01704,0.016977,0.016504,0.016517,0.017753,0.017145,0.017008,0.017758
0.017355,0.017391,0.01734,0.01842,0.018133,0.016858,0.017372,0.0183,0.017636,0.017626,0.017092,0.020418,0.017461,0.017617,0.017954
0.016939,0.017822,0.019394,0.018333,0.016742,0.018147,0.017517,0.018036,0.017489,0.017803,0.01743,0.016718,0.016345,0.017779,0.016838
0.016784,0.017556,0.019709,0.018043,0.016953,0.016738,0.01787,0.017838,0.017673,0.017689,0.01737,0.017333,0.016397,0.017541,0.016996
0.017785,0.017412,0.017577,0.017197,0.017257,0.017281,0.017645,0.017965,0.017498,0.017865,0.017658,0.017644,0.017179,0.017859,0.017041
0.017696,0.016634,0.01876,0.016681,0.017887,0.01802,0.018478,0.016916,0.016422,0.016757,0.016942,0.020261,0.017527,0.017374,0.01763
0.017766,0.016716,0.016645,0.016931,0.01854,0.018061,0.016906,0.017138,0.016821,0.016922,0.016626,0.017781,0.017299,0.017743,0.018055
0.01746,0.017425,0.018971,0.017209,0.018236,0.017492,0.019173,0.017786,0.017086,0.017394,0.017631,0.017773,0.01738,0.017384,0.017656
0.019174,0.017468,0.017518,0.017216,0.016747,0.016364,0.017348,0.018025,0.017564,0.017691,0.020114,0.016977,0.016274,0.017974,0.016602
0.01688,0.018018,0.017273,0.018101,0.0168,0.017099,0.017557,0.018832,0.017518,0.018095,0.017938,0.019597,0.016673,0.019393,0.016927
0.017669,0.017295,0.016982,0.01795,0.017041,0.017456,0.01744,0.017863,0.017389,0.017211,0.017197,0.017439,0.017167,0.017505,0.017331
0.017198,0.016479,0.016628,0.01609,0.017441,0.017858,0.017379,0.016715,0.015894,0.016261,0.016377,0.019796,0.017258,0.016706,0.017509
0.017372,0.017116,0.016698,0.017063,0.017946,0.017778,0.016588,0.017171,0.016722,0.017384,0.016447,0.018244,0.017718,0.017022,0.017006
0.017486,0.01833,0.016981,0.017908,0.018846,0.017353,0.017169,0.01739,0.017485,0.01796,0.017152,0.017899,0.017481,0.017216,0.017216
0.017003,0.018201,0.01784,0.017956,0.016936,0.016928,0.018325,0.017556,0.017583,0.0173,0.017695,0.019013,0.016253,0.017652,0.016506
0.017917,0.017272,0.017644,0.017992,0.017068,0.016511,0.017739,0.017539,0.018017,0.017459,0.018011,0.016552,0.016728,0.017595,0.016995
0.01751,0.016818,0.017364,0.019381,0.017603,0.01704,0.017552,0.017674,0.016316,0.017639,0.017662,0.019712,0.017398,0.017318,0.017035
0.017738,0.016332,0.016957,0.017141,0.018959,0.017864,0.017014,0.016799,0.016524,0.016755,0.016572,0.018043,0.017542,0.01635,0.017538
0.017777,0.016375,0.016679,0.016967,0.018005,0.020591,0.016661,0.016603,0.016608,0.0172,0.016506,0.018057,0.018146,0.016469,0.017575
0.017715,0.017118,0.016856,0.017086,0.017909,0.017733,0.017904,0.017264,0.017442,0.016993,0.018792,0.017812,0.017628,0.017095,0.017587
0.019361,0.018504,0.017673,0.018011,0.016599,0.017137,0.017676,0.017481,0.017674,0.018008,0.026299,0.017043,0.017206,0.017811,0.016734
0.017692,0.019841,0.017631,0.017767,0.018643,0.016843,0.017546,0.017534,0.018313,0.017742,0.027695,0.016819,0.017068,0.018171,0.016443
0.017573,0.016713,0.017528,0.017215,0.017153,0.017586,0.017357,0.017211,0.017252,0.016968,0.016911,0.017449,0.0172,0.017497,0.01746
0.017659,0.016341,0.016772,0.017113,0.020148,0.017103,0.016042,0.016374,0.016539,0.016302,0.016108,0.017849,0.017367,0.016376,0.017755
0.018132,0.016246,0.016558,0.017068,0.019626,0.017204,0.016585,0.016628,0.016978,0.016587,0.016988,0.018192,0.017511,0.016482,0.01764
0.017481,0.017494,0.017543,0.017529,0.017419,0.018313,0.020092,0.017391,0.017375,0.017141,0.018979,0.017221,0.017232,0.017874,0.017756
0.018351,0.017496,0.017193,0.017908,0.01925,0.017092,0.018062,0.018014,0.017845,0.017782,0.017944,0.016699,0.016584,0.017622,0.016848
0.017392,0.017272,0.017763,0.017855,0.017361,0.016686,0.017168,0.017962,0.017976,0.018349,0.017841,0.016753,0.016624,0.017747,0.016829
0.017912,0.01688,0.017169,0.019416,0.017678,0.017474,0.017607,0.018018,0.017435,0.018199,0.017947,0.01704,0.017025,0.016955,0.017377
0.017918,0.016277,0.016109,0.016866,0.017259,0.017406,0.016373,0.016855,0.01675,0.016592,0.018715,0.017604,0.017068,0.018444,0.01742
0.019197,0.016739,0.01672,0.016572,0.017675,0.018985,0.018271,0.019545,0.016736,0.016939,0.017207,0.017932,0.017134,0.016406,0.017944
0.018423,0.01738,0.016955,0.017493,0.016927,0.01721,0.01716,0.017027,0.017351,0.017627,0.017726,0.017736,0.016989,0.017272,0.017486
0.017419,0.017119,0.017581,0.017695,0.016635,0.016364,0.017285,0.017243,0.017879,0.01836,0.017927,0.016858,0.016473,0.018031,0.016764
0.016623,0.017425,0.017431,0.017747,0.01678,0.016979,0.017567,0.017626,0.017627,0.01783,0.019135,0.017044,0.016396,0.017636,0.01658
0.019121,0.017233,0.017416,0.01767,0.017208,0.017739,0.025958,0.017348,0.017513,0.017708,0.018156,0.018569,0.017155,0.01732,0.017225
0.017486,0.016216,0.016319,0.018175,0.017716,0.017231,0.020121,0.01606,0.016244,0.016305,0.018018,0.018081,0.017237,0.016249,0.017442
0.018865,0.01666,0.017199,0.017106,0.018041,0.017344,0.019117,0.016436,0.016847,0.016062,0.018176,0.01769,0.01727,0.016771,0.017755
0.01996,0.017561,0.017333,0.017312,0.017656,0.018793,0.017756,0.017341,0.017597,0.017156,0.017302,0.017643,0.017366,0.017706,0.017325
0.017797,0.017776,0.017385,0.017879,0.016359,0.016547,0.019393,0.017562,0.017548,0.01774,0.018378,0.016787,0.016766,0.018143,0.016876
0.017495,0.017935,0.017762,0.018947,0.016774,0.017396,0.01758,0.017747,0.017813,0.01765,0.018181,0.016747,0.016203,0.018489,0.016727
0.018261,0.017542,0.017406,0.017985,0.017281,0.017278,0.019124,0.017085,0.017549,0.017093,0.019,0.017319,0.017331,0.018389,0.01708
0.026755,0.016905,0.01647,0.016621,0.017781,0.019147,0.016531,0.016332,0.017293,0.016615,0.017094,0.01815,0.01735,0.016791,0.017605
0.017903,0.016953,0.016626,0.017453,0.017781,0.017199,0.01706,0.01647,0.017491,0.016682,0.016706,0.017766,0.017788,0.017135,0.017761
0.016404,0.0174,0.016921,0.018729,0.0172,0.017465,0.017447,0.017393,0.017892,0.017346,0.017519,0.017734,0.017238,0.017567,0.017772
0.016492,0.017601,0.017711,0.017986,0.017142,0.016471,0.018011,0.017511,0.017406,0.017661,0.017398,0.016823,0.016651,0.017628,0.016631
0.016667,0.018175,0.017555,0.018543,0.016412,0.019052,0.017592,0.017868,0.017901,0.018068,0.017436,0.016733,0.016231,0.019687,0.0167
0.017353,0.017525,0.017603,0.018285,0.017057,0.016739,0.017273,0.017249,0.017277,0.017388,0.017115,0.017374,0.016958,0.017372,0.017058
0.017494,0.016649,0.016254,0.019766,0.017409,0.019855,0.016437,0.018483,0.016659,0.01617,0.01634,0.017377,0.017098,0.016474,0.016839
0.017623,0.016723,0.016439,0.017765,0.017687,0.018622,0.016371,0.016241,0.016738,0.016412,0.016287,0.017556,0.018784,0.016928,0.017537
0.01725,0.017196,0.017095,0.017585,0.017408,0.017544,0.01712,0.017387,0.017632,0.017191,0.01729,0.017107,0.017599,0.01748,0.017794
0.016436,0.019215,0.017332,0.017585,0.016462,0.017928,0.017601,0.017605,0.017236,0.017528,0.016906,0.016348,0.016639,0.017929,0.016117
0.016444,0.028736,0.017657,0.017769,0.016862,0.016954,0.017493,0.017813,0.017693,0.017589,0.017119,0.016738,0.019188,0.017958,0.017206
0.017004,0.016939,0.017336,0.01746,0.016916,0.025927,0.017731,0.017371,0.017344,0.017477,0.016921,0.017768,0.017031,0.017685,0.017239
0.017675,0.01645,0.01642,0.017016,0.017737,0.017433,0.016671,0.016812,0.016465,0.016655,0.016906,0.017941,0.017086,0.016873,0.017886
0.017517,0.016791,0.016542,0.016821,0.01774,0.01746,0.016675,0.017132,0.017383,0.016639,0.016698,0.017876,0.017529,0.017014,0.017561
0.017536,0.017303,0.017421,0.017177,0.017909,0.016682,0.017409,0.017612,0.017669,0.017418,0.01743,0.017096,0.017696,0.017441,0.018017
0.016417,0.018058,0.017769,0.017715,0.016856,0.016512,0.017475,0.017811,0.017273,0.017821,0.017325,0.016764,0.016303,0.017631,0.016704
0.016917,0.018038,0.017819,0.017932,0.01712,0.016398,0.017808,0.017635,0.017456,0.018185,0.01773,0.01644,0.016385,0.019151,0.017052
0.017441,0.017668,0.017582,0.017551,0.017472,0.017513,0.017519,0.017118,0.01725,0.017094,0.017561,0.017506,0.01726,0.017903,0.017014
0.017506,0.016138,0.016563,0.016651,0.017532,0.016935,0.016168,0.018417,0.016306,0.016815,0.016632,0.017336,0.017014,0.016324,0.017334
0.017206,0.016903,0.016842,0.016606,0.0175,0.017871,0.016729,0.01686,0.016686,0.016785,0.016604,0.01781,0.01752,0.016687,0.017858
0.017657,0.01736,0.017556,0.017344,0.017558,0.017473,0.017361,0.017383,0.0168,0.017362,0.017092,0.017983,0.017552,0.017842,0.017722
0.016574,0.017598,0.017716,0.017821,0.017025,0.016521,0.01744,0.017734,0.01744,0.017694,0.017576,0.01764,0.016544,0.017824,0.017134
0.016815,0.017768,0.017354,0.017622,0.017085,0.016642,0.01748,0.017543,0.017396,0.017826,0.018014,0.017115,0.016875,0.018793,0.016706
0.017442,0.017497,0.016987,0.017687,0.017186,0.017803,0.017646,0.017317,0.017466,0.016954,0.017447,0.01751,0.017326,0.017306,0.017397
0.017733,0.016785,0.01658,0.016671,0.017836,0.017594,0.017225,0.018623,0.016862,0.016652,0.016671,0.017741,0.017519,0.016972,0.017549
0.017294,0.016885,0.016718,0.016567,0.017718,0.017805,0.01694,0.016922,0.016728,0.016483,0.017298,0.0182,0.017663,0.016606,0.018028
0.017581,0.017336,0.017439,0.017207,0.017907,0.01778,0.017128,0.017493,0.019365,0.01803,0.017251,0.017545,0.017626,0.018002,0.0174
0.016514,0.017859,0.017695,0.018172,0.016808,0.016567,0.017974,0.017847,0.018145,0.018425,0.018541,0.01668,0.018631,0.020013,0.016742
0.017209,0.018643,0.017456,0.018093,0.016975,0.016599,0.017952,0.019969,0.017944,0.017806,0.018105,0.017061,0.016724,0.01812,0.01631
0.017837,0.017664,0.017591,0.017802,0.01727,0.017379,0.017718,0.017467,0.01722,0.016796,0.017604,0.017407,0.016947,0.017218,0.016888
0.017149,0.016325,0.016249,0.016434,0.017343,0.017446,0.016385,0.016266,0.017674,0.016259,0.016908,0.017202,0.017017,0.016433,0.017003
0.017458,0.016458,0.017741,0.016649,0.01778,0.017734,0.016749,0.016642,0.016687,0.016671,0.016875,0.01759,0.01744,0.018938,0.017832
0.017428,0.017298,0.017605,0.017363,0.017452,0.016865,0.017333,0.01928,0.017315,0.017634,0.017497,0.017746,0.017433,0.01789,0.017809
0.016845,0.017798,0.017463,0.017802,0.016993,0.01664,0.017568,0.017604,0.017722,0.018347,0.017508,0.016819,0.017242,0.021138,0.016889
0.016954,0.017594,0.017206,0.017801,0.016834,0.017556,0.017644,0.019586,0.018313,0.017641,0.017456,0.016739,0.017334,0.018681,0.016669
0.017384,0.017348,0.016609,0.017838,0.017629,0.01756,0.017363,0.020798,0.017995,0.017805,0.017254,0.017693,0.017147,0.019946,0.017245
0.017333,0.017865,0.016254,0.016612,0.017617,0.018419,0.016544,0.016641,0.016649,0.016749,0.016732,0.018223,0.017845,0.017102,0.017997
0.017518,0.016929,0.016925,0.017638,0.017865,0.01815,0.016591,0.019619,0.016555,0.016892,0.016771,0.018136,0.017491,0.019401,0.017976
0.017402,0.017654,0.017355,0.0178,0.018083,0.017057,0.017238,0.017625,0.017112,0.018222,0.017497,0.018066,0.01764,0.017688,0.017318
0.016597,0.017892,0.017997,0.018207,0.016952,0.017551,0.017854,0.019916,0.018293,0.017642,0.017582,0.017043,0.019538,0.017741,0.016833
0.016801,0.018967,0.017978,0.018149,0.017054,0.017249,0.017891,0.017766,0.017825,0.017721,0.017764,0.016656,0.016902,0.018528,0.017079
0.018014,0.017484,0.017398,0.0178,0.017942,0.017513,0.016643,0.017593,0.018125,0.018175,0.017274,0.017656,0.017422,0.017157,0.017542
0.017443,0.01654,0.01662,0.016363,0.018607,0.017709,0.016439,0.016326,0.016264,0.016792,0.016403,0.017937,0.017509,0.016489,0.017622
0.01794,0.016852,0.016727,0.017012,0.018687,0.018073,0.01668,0.016605,0.017097,0.01764,0.016899,0.018079,0.017673,0.016529,0.01856
0.017012,0.017276,0.017511,0.01772,0.017645,0.018244,0.017118,0.017455,0.0175,0.017655,0.017318,0.017632,0.017526,0.017657,0.018445
0.016656,0.018111,0.017452,0.017829,0.017054,0.017091,0.017959,0.017851,0.017881,0.018051,0.018142,0.017343,0.018769,0.017822,0.016479
0.01676,0.017672,0.01833,0.018346,0.016877,0.016848,0.017592,0.018221,0.017888,0.018091,0.018247,0.016817,0.016981,0.018117,0.017178
0.01772,0.018164,0.017316,0.017346,0.017523,0.017569,0.017761,0.017615,0.017434,0.017592,0.017749,0.01755,0.01744,0.018346,0.017389
0.017777,0.017055,0.016904,0.016951,0.018318,0.018438,0.017044,0.017276,0.017224,0.016913,0.017132,0.018936,0.017707,0.016828,0.018597
0.01795,0.016946,0.016629,0.017208,0.018084,0.017603,0.016357,0.016925,0.017257,0.01715,0.017147,0.018026,0.019682,0.016399,0.017511
0.017007,0.017662,0.017667,0.017469,0.017836,0.017893,0.017539,0.017564,0.017811,0.017377,0.017174,0.01789,0.028738,0.017638,0.018067
0.017013,0.017815,0.017937,0.018053,0.016828,0.0166,0.018101,0.018081,0.018195,0.018024,0.017798,0.01648,0.017979,0.017962,0.016966
0.01713,0.018302,0.018004,0.018183,0.016863,0.017275,0.018124,0.017859,0.018039,0.018123,0.018258,0.017292,0.017196,0.017856,0.017346
0.017505,0.016974,0.017467,0.017712,0.017648,0.017777,0.017738,0.017761,0.018287,0.017741,0.017134,0.017764,0.017829,0.017949,0.017505
0.017563,0.016658,0.016563,0.016742,0.017734,0.017766,0.016291,0.016621,0.017857,0.016706,0.016402,0.017684,0.018333,0.016406,0.017851
0.018342,0.017488,0.016973,0.017035,0.018116,0.017712,0.016896,0.017109,0.017831,0.01733,0.016795,0.018064,0.029632,0.017181,0.018144
0.017148,0.017884,0.017313,0.017351,0.017999,0.017391,0.017672,0.01716,0.018353,0.017851,0.017676,0.017731,0.017135,0.0179,0.017818
0.01686,0.018916,0.017832,0.018312,0.01682,0.016589,0.017774,0.017599,0.018403,0.018902,0.017815,0.01707,0.028925,0.018441,0.016983
0.016759,0.018237,0.017911,0.017902,0.016938,0.017097,0.017952,0.018139,0.018557,0.017842,0.017929,0.017405,0.02069,0.017671,0.017105
0.017442,0.017322,0.017439,0.017999,0.017761,0.017433,0.01685,0.017591,0.017613,0.018271,0.017678,0.017939,0.017517,0.017461,0.017473
0.017724,0.017073,0.016894,0.017132,0.017657,0.018093,0.016791,0.016804,0.017034,0.017696,0.016661,0.018138,0.017953,0.017081,0.01815
0.017976,0.017195,0.017397,0.017966,0.018402,0.0183,0.016811,0.017236,0.017116,0.017256,0.016907,0.017976,0.018147,0.017446,0.018
0.017173,0.01798,0.01759,0.01841,0.0171,0.017599,0.017649,0.017746,0.018847,0.018085,0.018038,0.017858,0.01748,0.018151,0.017915
0.017136,0.018561,0.018032,0.0185,0.017108,0.017043,0.017928,0.017949,0.019116,0.018245,0.017855,0.017012,0.017078,0.018037,0.016865
0.016749,0.018385,0.017765,0.018166,0.017133,0.017249,0.017921,0.018307,0.018043,0.018255,0.017916,0.017189,0.017001,0.018226,0.018383
0.018059,0.018177,0.017361,0.017808,0.017719,0.018154,0.017142,0.017855,0.017526,0.017752,0.017077,0.017857,0.018044,0.017734,0.017878
0.017518,0.016395,0.016692,0.016747,0.018447,0.017678,0.016774,0.016786,0.017066,0.01667,0.016725,0.018332,0.017717,0.016713,0.017958
0.017656,0.017583,0.017026,0.017184,0.018167,0.018181,0.017018,0.017672,0.017004,0.016945,0.017226,0.018462,0.01797,0.017672,0.018159
0.01724,0.017337,0.017732,0.017874,0.017802,0.017536,0.01793,0.017894,0.018673,0.017659,0.017707,0.017571,0.017303,0.017656,0.017613
0.01688,0.019785,0.01784,0.018741,0.017007,0.017419,0.017524,0.017843,0.018293,0.018475,0.018019,0.017045,0.016679,0.017781,0.016807
0.017033,0.018295,0.018219,0.018059,0.017035,0.016848,0.018098,0.018151,0.018297,0.018166,0.017957,0.017078,0.016785,0.017815,0.017588
0.017891,0.017245,0.017852,0.017553,0.017782,0.017907,0.017315,0.017594,0.018258,0.018324,0.017532,0.018266,0.017283,0.01758,0.017883
0.017699,0.017411,0.016519,0.016936,0.018856,0.018191,0.017003,0.016918,0.017472,0.016853,0.016725,0.018355,0.017918,0.016981,0.017803
0.01809,0.017281,0.017165,0.01701,0.01836,0.018339,0.017109,0.016939,0.01818,0.018431,0.016941,0.018277,0.018085,0.017233,0.017932
0.017476,0.017542,0.017477,0.017585,0.01803,0.018288,0.017492,0.017874,0.017298,0.017648,0.01759,0.017006,0.017561,0.017314,0.017456
0.017033,0.019449,0.018285,0.017996,0.016928,0.017972,0.017765,0.018215,0.01796,0.018568,0.018181,0.016857,0.016735,0.018063,0.017056
0.017044,0.018135,0.01809,0.018136,0.017416,0.01695,0.017754,0.018146,0.018375,0.018386,0.018472,0.018264,0.01679,0.017697,0.018011
0.017904,0.017959,0.017269,0.017908,0.017409,0.017614,0.018184,0.017748,0.018211,0.017496,0.017334,0.018158,0.017537,0.017574,0.017791
0.017838,0.016847,0.016418,0.016443,0.018047,0.017958,0.0164,0.016841,0.019718,0.01655,0.017202,0.017797,0.017555,0.016691,0.017701
0.01952,0.018501,0.018578,0.017115,0.017838,0.018006,0.016805,0.017068,0.019049,0.016957,0.016588,0.018356,0.018042,0.017005,0.018184
0.018148,0.017493,0.017679,0.017389,0.018411,0.018205,0.017615,0.017685,0.01729,0.017643,0.017179,0.017553,0.018279,0.017283,0.017612
0.017408,0.018109,0.018088,0.018104,0.017098,0.017086,0.017865,0.01832,0.018657,0.017864,0.018018,0.01712,0.016886,0.018126,0.017372
0.017496,0.018381,0.017836,0.018275,0.017087,0.017066,0.017794,0.017585,0.018427,0.018692,0.018342,0.01721,0.016959,0.017812,0.017039
0.017901,0.019874,0.01905,0.018311,0.017608,0.017728,0.017757,0.017731,0.019462,0.017551,0.017658,0.017823,0.01746,0.017888,0.017986
0.018446,0.01723,0.016926,0.01713,0.017872,0.018131,0.01739,0.01693,0.017239,0.017102,0.016913,0.01828,0.017823,0.017458,0.01802
0.018189,0.020283,0.016905,0.017694,0.018252,0.018294,0.01702,0.017359,0.017541,0.016859,0.016812,0.01838,0.018009,0.017319,0.017961
0.018022,0.020762,0.017478,0.017649,0.017712,0.017687,0.017714,0.01793,0.017534,0.017727,0.017905,0.020279,0.0185,0.018203,0.018359
0.016566,0.018138,0.017698,0.018884,0.01772,0.01718,0.017772,0.018153,0.018447,0.018911,0.017944,0.017014,0.01703,0.018167,0.017867
0.01696,0.019353,0.017934,0.019131,0.017273,0.016977,0.017708,0.017948,0.018049,0.018325,0.018428,0.017776,0.017332,0.0184,0.017165
0.017698,0.020538,0.017359,0.018111,0.01746,0.018313,0.01732,0.017946,0.0178,0.018714,0.017563,0.01798,0.01783,0.017358,0.017523
0.017957,0.016682,0.016712,0.017172,0.017686,0.018025,0.016595,0.016783,0.017,0.017064,0.016551,0.02091,0.017921,0.016925,0.017641
0.01824,0.016622,0.016718,0.017722,0.018172,0.018127,0.017069,0.016932,0.017227,0.016616,0.016994,0.018097,0.018093,0.018072,0.018621
0.017127,0.018029,0.017421,0.018019,0.017922,0.01781,0.017626,0.018096,0.017925,0.017726,0.017831,0.017768,0.017769,0.018027,0.018151
0.016935,0.018082,0.017777,0.018938,0.017242,0.017831,0.017643,0.017821,0.019253,0.018035,0.018121,0.017606,0.017039,0.017753,0.018366
0.017089,0.0179,0.01816,0.018572,0.017306,0.017767,0.017817,0.018175,0.018085,0.017903,0.018194,0.01733,0.017515,0.018049,0.01807
0.017927,0.017653,0.018061,0.01757,0.017365,0.018072,0.017834,0.017145,0.017789,0.018417,0.017221,0.018023,0.017961,0.017472,0.01771
0.018524,0.017125,0.016922,0.017349,0.018218,0.018251,0.016524,0.0172,0.017126,0.017434,0.016755,0.01807,0.01811,0.017209,0.018242
0.018189,0.017277,0.01726,0.017183,0.018328,0.018134,0.016837,0.017418,0.016943,0.017813,0.016887,0.018149,0.018248,0.017403,0.018232
0.017299,0.017848,0.017788,0.01781,0.017887,0.01775,0.017549,0.018124,0.017544,0.018692,0.017776,0.017619,0.017278,0.017723,0.018982
0.017075,0.018358,0.020068,0.018323,0.01714,0.017447,0.017851,0.018141,0.018263,0.018731,0.017879,0.017408,0.017053,0.017953,0.017407
0.01696,0.018281,0.018256,0.018241,0.017432,0.017173,0.01815,0.017955,0.018012,0.020799,0.01803,0.017314,0.017126,0.017781,0.017214
0.01795,0.01729,0.017429,0.017771,0.017823,0.01812,0.017475,0.017751,0.017613,0.017749,0.017702,0.017732,0.017848,0.017596,0.017511
0.017988,0.016504,0.016584,0.016666,0.018262,0.017915,0.016741,0.016274,0.017052,0.016382,0.016651,0.018076,0.017763,0.016768,0.018096
0.017845,0.016726,0.017108,0.016732,0.018733,0.018668,0.017111,0.017358,0.017102,0.017879,0.017161,0.019637,0.01809,0.017132,0.018346
0.017592,0.017827,0.017408,0.017965,0.018425,0.018174,0.026325,0.01773,0.017559,0.017628,0.017806,0.017572,0.017333,0.017417,0.017872
0.017269,0.018201,0.017943,0.018306,0.01726,0.017245,0.01792,0.018064,0.018054,0.017901,0.017883,0.016604,0.016738,0.017876,0.017253
0.017014,0.017912,0.018085,0.018161,0.017338,0.017259,0.017435,0.017865,0.018246,0.018177,0.018144,0.020065,0.016976,0.018175,0.017082
0.017729,0.01796,0.017795,0.017913,0.017316,0.018104,0.016987,0.017452,0.017514,0.018404,0.017184,0.018007,0.017713,0.017492,0.017263
0.017742,0.017085,0.01718,0.01698,0.017918,0.017856,0.017101,0.017244,0.017157,0.017525,0.017066,0.018047,0.017532,0.01676,0.018232
0.017965,0.016909,0.016801,0.016987,0.018361,0.017963,0.016603,0.01681,0.017225,0.017517,0.016742,0.018266,0.018478,0.016788,0.017981
0.01743,0.017493,0.017468,0.017602,0.017759,0.017797,0.016939,0.01767,0.01763,0.019651,0.017576,0.017599,0.017641,0.017791,0.017609
0.019506,0.018273,0.01853,0.019331,0.017143,0.016852,0.018053,0.018261,0.01867,0.020479,0.0201,0.017363,0.017079,0.018002,0.016792
0.016794,0.018458,0.018295,0.018504,0.017156,0.017248,0.018212,0.018228,0.018617,0.018457,0.018383,0.017638,0.017171,0.018056,0.016972
0.017406,0.018038,0.017704,0.018483,0.017462,0.018001,0.018346,0.01832,0.018029,0.01817,0.017639,0.018036,0.017458,0.018077,0.017334
0.017652,0.017138,0.016937,0.01696,0.017966,0.017892,0.017134,0.017316,0.017241,0.020044,0.019116,0.017828,0.017746,0.016551,0.017711
0.021228,0.017914,0.017583,0.017391,0.018106,0.017775,0.019781,0.0176,0.017183,0.017976,0.017676,0.018077,0.017756,0.017198,0.017981
0.017603,0.018315,0.018225,0.017774,0.017834,0.017787,0.017962,0.018187,0.01796,0.018191,0.018124,0.017187,0.017857,0.017878,0.018049
0.017438,0.018637,0.019448,0.018147,0.017356,0.016908,0.018286,0.018615,0.018246,0.018994,0.018678,0.019157,0.017509,0.018484,0.016979
0.017114,0.019115,0.018413,0.01869,0.017087,0.017579,0.01804,0.018506,0.018684,0.019209,0.018662,0.017482,0.017219,0.01847,0.016901
0.017634,0.018313,0.018299,0.01828,0.017529,0.018153,0.017792,0.018288,0.017854,0.019713,0.017962,0.017662,0.017625,0.018378,0.017508
0.017911,0.017707,0.017301,0.017325,0.018426,0.017865,0.016912,0.017355,0.017358,0.017935,0.017236,0.018662,0.018134,0.017813,0.018183
0.018318,0.017648,0.017732,0.018925,0.018502,0.020039,0.017273,0.017776,0.018324,0.019798,0.017649,0.018361,0.017888,0.018227,0.018232
0.0176,0.018306,0.018473,0.018066,0.017992,0.017209,0.018119,0.018741,0.017704,0.018518,0.018184,0.017178,0.018142,0.01846,0.017884
0.01719,0.018113,0.018439,0.018985,0.017184,0.01713,0.018646,0.019133,0.018919,0.018541,0.018068,0.019744,0.017242,0.018351,0.01723
0.016893,0.018502,0.018455,0.018712,0.017315,0.017149,0.018175,0.018615,0.018767,0.019553,0.018315,0.016782,0.017108,0.018843,0.017211
0.017892,0.017827,0.018253,0.018415,0.017788,0.020054,0.01757,0.017956,0.017742,0.01828,0.018444,0.017545,0.01747,0.018146,0.017915
0.017545,0.017281,0.017758,0.017128,0.018621,0.017698,0.016991,0.01735,0.017185,0.017081,0.017161,0.017822,0.017468,0.017013,0.018275
0.018043,0.017735,0.01829,0.017868,0.018579,0.017727,0.01745,0.017627,0.017156,0.017965,0.017687,0.01789,0.018049,0.017673,0.018368
0.018038,0.01795,0.018319,0.017753,0.018469,0.017329,0.017705,0.018311,0.017855,0.017821,0.017872,0.019387,0.017742,0.018127,0.0177
0.017141,0.018576,0.018445,0.018322,0.017277,0.017293,0.018026,0.018173,0.018058,0.018767,0.018037,0.017576,0.016905,0.018574,0.017352
0.017197,0.018375,0.029403,0.018023,0.017516,0.017328,0.01835,0.018241,0.01772,0.018733,0.020775,0.017105,0.017218,0.018552,0.017563
0.020637,0.017798,0.019809,0.017757,0.018741,0.017774,0.018268,0.01749,0.01766,0.017533,0.018147,0.019219,0.018301,0.017999,0.017928
0.018174,0.016919,0.017569,0.017058,0.019716,0.018291,0.017438,0.017096,0.016869,0.017265,0.017295,0.018911,0.018463,0.017566,0.018305
0.018368,0.017511,0.01722,0.017059,0.018419,0.018199,0.017151,0.017409,0.017047,0.017035,0.017302,0.020756,0.018352,0.017766,0.017964
0.017563,0.018134,0.017547,0.017461,0.017777,0.01791,0.017716,0.018223,0.017444,0.018205,0.017866,0.019172,0.017487,0.018371,0.017754
0.016965,0.018241,0.018232,0.018164,0.017274,0.017363,0.017951,0.018192,0.018254,0.017978,0.018,0.01708,0.017194,0.018128,0.01692
0.017077,0.018128,0.01793,0.018055,0.017218,0.017168,0.017798,0.01825,0.018565,0.018431,0.019231,0.019441,0.017672,0.018566,0.017672
0.018178,0.017108,0.017507,0.018045,0.019338,0.01794,0.018204,0.017768,0.018074,0.017293,0.01787,0.018181,0.01823,0.018019,0.017727
0.018642,0.016618,0.01734,0.016658,0.027787,0.018056,0.016979,0.016924,0.017087,0.01682,0.016923,0.01848,0.018293,0.017158,0.017815
0.01852,0.017305,0.016839,0.017524,0.018646,0.018071,0.017291,0.017174,0.017027,0.017194,0.016972,0.018451,0.018352,0.016867,0.018195
0.017693,0.017353,0.017584,0.017711,0.017192,0.017966,0.017478,0.017856,0.017683,0.017979,0.017956,0.018555,0.018049,0.018265,0.017979
0.017042,0.017978,0.01786,0.019594,0.019496,0.020101,0.017894,0.018196,0.017801,0.018682,0.017719,0.017495,0.017782,0.018405,0.017493
0.017053,0.017752,0.018054,0.018506,0.017475,0.017487,0.017962,0.017979,0.018277,0.018051,0.020185,0.01741,0.01757,0.018401,0.017245
0.020429,0.018145,0.017602,0.0182,0.017931,0.018487,0.019201,0.017418,0.01792,0.017441,0.017713,0.018259,0.018232,0.017572,0.018139
0.018884,0.016976,0.01693,0.01737,0.01874,0.018321,0.016691,0.017015,0.017684,0.017299,0.017089,0.018995,0.018338,0.017388,0.018664
0.018615,0.016767,0.016963,0.017465,0.018989,0.018822,0.016922,0.0169,0.017579,0.017293,0.016993,0.018911,0.018356,0.016983,0.018957
0.017932,0.017381,0.017609,0.017565,0.018344,0.017903,0.01712,0.017806,0.017667,0.0176,0.017603,0.018842,0.018083,0.017913,0.018368
0.017408,0.018056,0.018439,0.018652,0.018194,0.017906,0.017718,0.017717,0.018223,0.017534,0.01773,0.017266,0.017454,0.018263,0.017751
0.018387,0.018278,0.018207,0.018578,0.01845,0.0184,0.01783,0.017965,0.018347,0.018669,0.022163,0.017825,0.017753,0.019095,0.017846
0.027946,0.017736,0.018097,0.017887,0.018269,0.017948,0.021658,0.019794,0.018066,0.018426,0.017495,0.018151,0.018554,0.017614,0.018227
0.018737,0.016755,0.016443,0.016494,0.019637,0.018445,0.016474,0.016822,0.016547,0.017206,0.017573,0.018635,0.018398,0.016551,0.018445
0.019016,0.016817,0.01744,0.017053,0.019574,0.019143,0.016796,0.016972,0.017351,0.017147,0.017326,0.019057,0.019016,0.020163,0.018881
0.020886,0.017375,0.017544,0.018067,0.019107,0.022263,0.017627,0.017589,0.017507,0.017572,0.020343,0.018793,0.01816,0.017385,0.018976
0.017725,0.018076,0.017842,0.018195,0.017829,0.018365,0.021159,0.020816,0.018251,0.017873,0.018419,0.017951,0.017625,0.018173,0.018434
0.018131,0.018021,0.018218,0.018293,0.017935,0.018186,0.017634,0.018171,0.017916,0.018139,0.018523,0.018123,0.018186,0.017945,0.018102
0.018815,0.018121,0.017362,0.018048,0.018873,0.018796,0.017587,0.017773,0.018041,0.017524,0.017322,0.019318,0.018874,0.017764,0.0186
0.021369,0.016761,0.016818,0.016861,0.018789,0.018709,0.01646,0.01753,0.017402,0.017023,0.019449,0.019802,0.019383,0.017377,0.018696
0.021795,0.016862,0.016736,0.016833,0.018712,0.019179,0.01963,0.017406,0.017137,0.017575,0.017379,0.019483,0.019161,0.0169,0.019385
0.020936,0.017464,0.017623,0.017439,0.018322,0.020971,0.017157,0.017879,0.018236,0.017497,0.019564,0.018013,0.018204,0.017151,0.018553
0.018059,0.017891,0.018478,0.018248,0.017923,0.018112,0.020509,0.018284,0.018097,0.017485,0.019216,0.018586,0.017918,0.018027,0.018458
0.019177,0.017978,0.018107,0.018055,0.018184,0.0186,0.028042,0.018239,0.018267,0.018184,0.018537,0.018443,0.018132,0.018113,0.018357
0.018538,0.017266,0.017238,0.017457,0.018683,0.018704,0.018584,0.017573,0.017645,0.017864,0.018318,0.019224,0.018916,0.017663,0.018403
0.020621,0.016918,0.016692,0.016755,0.018323,0.019221,0.016658,0.016819,0.01666,0.01678,0.018391,0.018985,0.018286,0.016716,0.01866
0.018643,0.016891,0.016888,0.017923,0.018623,0.018691,0.019039,0.017172,0.01743,0.017418,0.017698,0.018534,0.018417,0.016706,0.018533
0.017976,0.017534,0.01785,0.017627,0.017946,0.018404,0.017929,0.017701,0.017728,0.017527,0.017711,0.018849,0.017674,0.017382,0.018286
0.017414,0.018441,0.018024,0.017464,0.01752,0.017954,0.017802,0.018219,0.0186,0.01924,0.018594,0.018348,0.017978,0.017841,0.017561
0.017461,0.018302,0.018042,0.018111,0.017859,0.020186,0.017932,0.018103,0.018556,0.018447,0.018693,0.017703,0.017719,0.018119,0.017774
0.018399,0.017475,0.017407,0.019351,0.020973,0.017997,0.017423,0.017772,0.018417,0.017644,0.018585,0.018683,0.018247,0.01887,0.018153
0.018862,0.016914,0.016653,0.017224,0.018837,0.021429,0.016953,0.017248,0.017095,0.017812,0.018372,0.018657,0.020485,0.026887,0.018965
0.018974,0.017168,0.016772,0.018837,0.018777,0.019745,0.016775,0.019579,0.017425,0.016504,0.0178,0.019331,0.018528,0.017166,0.01916
0.018124,0.017797,0.017887,0.019404,0.017925,0.021017,0.01761,0.018058,0.01767,0.017742,0.017822,0.017904,0.01821,0.017587,0.01826
0.017799,0.018159,0.018145,0.018308,0.017688,0.017906,0.017856,0.018234,0.018305,0.018997,0.018062,0.017917,0.019564,0.027421,0.017813
0.017481,0.018168,0.017682,0.022132,0.018143,0.020996,0.017829,0.017903,0.018481,0.018973,0.018013,0.018416,0.017418,0.018567,0.017758
0.018808,0.018036,0.017733,0.018256,0.018936,0.01868,0.017982,0.017517,0.01761,0.017433,0.017571,0.019087,0.018516,0.017585,0.018398
0.018664,0.017086,0.016249,0.017621,0.018751,0.018851,0.016349,0.016633,0.016645,0.016263,0.016998,0.019049,0.018198,0.016671,0.018895
0.019485,0.017255,0.016892,0.017107,0.018851,0.019125,0.017068,0.017356,0.017219,0.016982,0.017418,0.019032,0.018703,0.01717,0.019164
0.018201,0.017744,0.018039,0.017492,0.018696,0.018818,0.017388,0.017833,0.017546,0.017656,0.018242,0.018258,0.018274,0.017439,0.018748
0.017745,0.018219,0.018013,0.018109,0.01811,0.018061,0.017677,0.017769,0.018105,0.01814,0.018081,0.018161,0.017766,0.017726,0.018314
0.01761,0.017859,0.018139,0.018189,0.018137,0.018084,0.017897,0.018163,0.019011,0.018021,0.018517,0.018261,0.017595,0.019464,0.018362
0.018743,0.018033,0.017622,0.017876,0.018975,0.018425,0.017574,0.017801,0.017688,0.017736,0.017969,0.018905,0.01815,0.017731,0.0192
0.019091,0.016932,0.01747,0.017372,0.018944,0.019011,0.016817,0.016707,0.017696,0.016968,0.017706,0.019186,0.018501,0.016898,0.019754
0.018957,0.016896,0.017133,0.017296,0.01894,0.018566,0.016964,0.019292,0.017184,0.016774,0.017085,0.019751,0.018816,0.017195,0.019272
0.018681,0.017584,0.017911,0.017251,0.018235,0.018249,0.01764,0.017545,0.017668,0.017776,0.018133,0.018189,0.017961,0.017685,0.018259
0.017611,0.01819,0.017746,0.018464,0.01774,0.017922,0.017614,0.017994,0.018228,0.018049,0.018313,0.017917,0.017462,0.017707,0.017707
0.018068,0.017753,0.018286,0.018049,0.017692,0.017787,0.017711,0.017767,0.018186,0.018112,0.018155,0.017577,0.017572,0.019323,0.017891
0.018682,0.017461,0.017523,0.017497,0.018283,0.01825,0.017183,0.017378,0.017156,0.017975,0.01771,0.019162,0.018388,0.017607,0.018185
0.018235,0.016586,0.016482,0.016319,0.018116,0.018389,0.016458,0.016435,0.016713,0.016513,0.017001,0.018687,0.018315,0.016738,0.018595
0.018661,0.016994,0.016901,0.016876,0.018325,0.018669,0.017133,0.019061,0.017136,0.018252,0.017104,0.018726,0.021521,0.017072,0.018798
0.017699,0.017737,0.01765,0.017269,0.01783,0.017889,0.017695,0.017915,0.017824,0.017417,0.017872,0.017982,0.018146,0.017703,0.018117
0.018369,0.017959,0.017908,0.018113,0.018093,0.017748,0.017772,0.018114,0.018335,0.0182,0.01853,0.017741,0.017444,0.018347,0.01792
0.01858,0.018094,0.018119,0.018162,0.017765,0.017754,0.017938,0.017932,0.017681,0.018684,0.01892,0.017876,0.017796,0.018019,0.01807
0.018453,0.017799,0.017328,0.017911,0.018476,0.018432,0.019234,0.019128,0.017437,0.018103,0.018143,0.018485,0.018533,0.017936,0.018672
0.018647,0.016926,0.016983,0.017231,0.018332,0.018311,0.017423,0.017285,0.017391,0.017132,0.017456,0.018741,0.018161,0.017299,0.01862
0.018922,0.017365,0.017398,0.017701,0.018899,0.018541,0.018468,0.016799,0.01735,0.017277,0.017542,0.019217,0.018673,0.018108,0.018785
0.017957,0.017949,0.017898,0.017625,0.01834,0.017907,0.017878,0.017982,0.017764,0.017378,0.018254,0.017858,0.018823,0.019013,0.018002
0.017644,0.017829,0.017973,0.018318,0.017459,0.018463,0.01803,0.019173,0.018646,0.018296,0.018529,0.01793,0.018028,0.021167,0.017868
0.017962,0.018145,0.018077,0.018603,0.01782,0.01831,0.01818,0.018053,0.017928,0.018443,0.018622,0.018295,0.017953,0.01858,0.017632
0.018133,0.017527,0.017459,0.018159,0.018568,0.018573,0.017406,0.020532,0.018089,0.017553,0.017989,0.018755,0.018259,0.021253,0.018252
0.018041,0.016686,0.016621,0.017074,0.018583,0.018755,0.016804,0.01892,0.017344,0.016791,0.017261,0.01992,0.018759,0.016753,0.018361
0.018282,0.017294,0.017173,0.017211,0.018771,0.019301,0.016701,0.016878,0.017381,0.017603,0.017322,0.01954,0.01906,0.0195,0.018652
0.017996,0.017759,0.017732,0.017747,0.018247,0.01792,0.0177,0.019698,0.017875,0.017412,0.017946,0.017749,0.018487,0.017321,0.0183
0.017837,0.018672,0.018183,0.017824,0.017754,0.018006,0.018533,0.018609,0.01825,0.017916,0.01862,0.017898,0.017881,0.017987,0.017935
0.017417,0.018393,0.017921,0.018341,0.017832,0.018014,0.018734,0.019497,0.018261,0.018145,0.018796,0.018028,0.018434,0.01802,0.018268
0.018309,0.017705,0.017524,0.018233,0.01847,0.018653,0.017449,0.018087,0.017876,0.017674,0.018048,0.018941,0.019011,0.017793,0.018556
0.01831,0.016943,0.017565,0.017484,0.019119,0.018681,0.016729,0.016806,0.017598,0.018138,0.01792,0.018999,0.020743,0.017091,0.019142
0.018717,0.017828,0.017038,0.01699,0.019059,0.018839,0.017318,0.017303,0.017223,0.018244,0.017568,0.019067,0.018893,0.016806,0.019945
0.017887,0.017505,0.018276,0.01757,0.01823,0.017827,0.017352,0.01775,0.018171,0.018425,0.017779,0.01812,0.018645,0.017635,0.01839
0.01789,0.017757,0.01832,0.018211,0.017854,0.018122,0.017684,0.017992,0.018087,0.018487,0.018263,0.01771,0.018041,0.01762,0.019463
0.017774,0.017901,0.018276,0.017912,0.017842,0.017981,0.017952,0.018351,0.01795,0.018694,0.017883,0.018118,0.020525,0.01817,0.018266
0.018949,0.017507,0.017659,0.017642,0.018624,0.018236,0.017921,0.017673,0.017893,0.017497,0.017433,0.019684,0.018934,0.017611,0.018473
0.019175,0.016584,0.016816,0.016901,0.018442,0.018429,0.016787,0.016529,0.016467,0.016828,0.016734,0.018721,0.01832,0.016739,0.019372
0.019031,0.017218,0.01698,0.016944,0.018639,NaN,0.017236,0.01676,0.017212,0.016933,0.017275,0.019874,0.019099,0.016377,0.019591
0.017995,0.017348,0.01759,0.017219,0.018155,NaN,0.017375,0.017403,0.017399,0.017948,0.018093,0.018128,0.019656,0.01748,0.018754
0.017617,0.017904,0.018205,0.017911,0.017796,NaN,0.017716,0.018132,0.01817,0.018279,0.018528,0.018149,0.017872,0.017908,0.017874
0.017885,0.018082,0.018303,0.017829,0.018222,NaN,0.017862,0.018102,0.018002,0.018135,0.018195,0.017962,0.018694,0.017761,0.018094
0.018705,0.018199,0.017955,0.017854,0.018662,0.00015,0.018227,0.017861,0.018574,0.017498,0.01794,0.018498,0.021119,0.017455,0.017992
0.018715,0.017096,0.016591,0.017579,0.01879,0.61961,0.017215,0.017282,0.01719,0.017247,0.017523,0.019006,0.02019,0.016537,0.018744
0.018901,0.017129,0.017147,0.017333,0.018899,0.01598,0.017114,0.017393,0.017214,0.017498,0.017548,0.019215,0.026936,0.017134,0.018852
0.017809,0.017691,0.017622,0.017704,0.018143,0.018519,0.017531,0.017914,0.018337,0.017925,0.017884,0.018463,0.02013,0.01786,0.017668
0.017726,0.018192,0.017969,0.018064,0.017697,0.016106,0.017793,0.018548,0.018522,0.01808,0.018412,0.017688,0.01821,0.018012,0.017638
0.01749,0.018125,0.018142,0.018288,0.017967,0.015638,0.018044,0.018369,0.018587,0.018357,0.018408,0.018337,0.017771,0.018356,0.017683
0.018407,0.017967,0.017552,0.018107,0.018302,0.016873,0.017237,0.017841,0.018051,0.018082,0.01777,0.018242,0.018408,0.01775,0.018297
0.018531,0.017664,0.016647,0.016951,0.018462,0.026755,0.016918,0.017037,0.017476,0.017061,0.016984,0.018746,0.018467,0.016809,0.018658
0.018932,0.01699,0.01699,0.016992,0.018591,0.031845,0.018289,0.017483,0.017192,0.017607,0.017065,0.018654,0.018888,0.017329,0.018854
0.018402,0.017365,0.017745,0.01752,0.018107,0.031086,0.018343,0.017955,0.01778,0.018661,0.018191,0.018901,0.018552,0.018052,0.017927
0.017936,0.017562,0.018112,0.018228,0.017677,0.031958,0.017928,0.018193,0.018049,0.017923,0.017593,0.01746,0.017896,0.018088,0.017696
0.018535,0.018092,0.018607,0.017908,0.017737,0.022843,0.018107,0.018667,0.018882,0.018054,0.017985,0.017459,0.01866,0.018305,0.018901
0.019017,0.017839,0.016813,0.017772,0.018498,0.089881,0.017551,0.018562,0.018621,0.017337,0.017188,0.018213,0.019139,0.017699,0.018625
0.019164,0.016963,0.016921,0.016683,0.018696,0.026546,0.016729,0.017502,0.017053,0.017382,0.016624,0.018662,0.019002,0.017381,0.018198
0.018802,0.017627,0.016861,0.017199,0.018437,0.017375,0.017197,0.017698,0.017448,0.017302,0.016758,0.01879,0.018877,0.017485,0.018932
0.018729,0.017829,0.017689,0.017387,0.018241,0.018071,0.017523,0.017809,0.017649,0.01775,0.017442,0.017912,0.017626,0.017868,0.018407
0.017973,0.018277,0.018083,0.017961,0.01794,0.016836,0.017775,0.018554,0.018328,0.019813,0.017836,0.017653,0.017965,0.0183,0.017394
0.018373,0.018235,0.018386,0.017801,0.017436,0.017427,0.018151,0.018318,0.018235,0.019054,0.018171,0.01714,0.027589,0.018146,0.018198
0.018724,0.017693,0.017719,0.017581,0.01847,0.016601,0.017484,0.018182,0.019358,0.018952,0.017955,0.018118,0.018716,0.017521,0.018824
0.018781,0.016936,0.01653,0.016232,0.018449,0.019032,0.016507,0.016668,0.017054,0.016808,0.0169,0.018705,0.018201,0.01693,0.018204
0.019068,0.017174,0.016975,0.017194,0.018955,0.017922,0.017181,0.017103,0.017416,0.017062,0.017712,0.019229,0.019228,0.01746,0.018832
0.018067,0.017638,0.017726,0.017605,0.018149,0.018196,0.017601,0.017474,0.017771,0.017933,0.017669,0.018529,0.017954,0.017443,0.01779
0.017742,0.018268,0.018007,0.018549,0.017751,0.01757,0.0177,0.017986,0.018661,0.017976,0.018046,0.018361,0.01786,0.018075,0.017295
0.018048,0.018164,0.017693,0.018062,0.017771,0.017031,0.017551,0.018313,0.018269,0.017834,0.018103,0.017942,0.017755,0.017791,0.018258
0.01849,0.017463,0.01755,0.01736,0.018423,0.017262,0.017519,0.017827,0.018226,0.017807,0.017552,0.018889,0.018576,0.017822,0.017943
0.019028,0.017776,0.016694,0.017184,0.018639,0.017679,0.016657,0.016955,0.017027,0.017215,0.016766,0.019781,0.018445,0.016953,0.018327
0.018812,0.017042,0.016978,0.016976,0.018949,0.018523,0.017003,0.017109,0.017633,0.01673,0.017254,0.018788,0.018464,0.017045,0.018282
0.018448,0.017385,0.017782,0.017501,0.018351,0.018416,0.017483,0.017473,0.017379,0.017806,0.017895,0.017843,0.018267,0.018103,0.017493
0.018171,0.018002,0.017823,0.018184,0.017751,0.017804,0.017987,0.017973,0.019928,0.017865,0.017969,0.019279,0.017435,0.018112,0.017479
0.017945,0.018454,0.017779,0.018212,0.018127,0.016972,0.018106,0.018134,0.019683,0.017963,0.018288,0.018726,0.018349,0.017905,0.018307
0.018404,0.018354,0.017709,0.017902,0.018291,0.017477,0.017565,0.01771,0.018137,0.018168,0.017377,0.018609,0.018612,0.01787,0.018048
0.018254,0.016496,0.017425,0.016648,0.019558,0.017494,0.017679,0.016671,0.017409,0.016511,0.016526,0.018675,0.018415,0.016738,0.018258
0.018341,0.016985,0.017168,0.017112,0.020217,0.018687,0.01826,0.017033,0.017645,0.016753,0.017336,0.019146,0.019196,0.017097,0.018261
0.018342,0.017719,0.017714,0.017495,0.017752,0.01847,0.017571,0.017484,0.018023,0.017854,0.017396,0.018581,0.017914,0.017728,0.018316
0.017992,0.018159,0.017873,0.018439,0.01758,0.017769,0.018352,0.018105,0.018023,0.017743,0.018198,0.017435,0.017663,0.018036,0.017973
0.017599,0.017994,0.017701,0.018187,0.017851,0.017704,0.018276,0.017834,0.018239,0.018165,0.017787,0.018099,0.017399,0.018237,0.017873
0.018086,0.0183,0.017142,0.017895,0.018343,0.017513,0.017117,0.018202,0.017901,0.017836,0.017583,0.018346,0.017992,0.017496,0.017893
0.018527,0.017475,0.016434,0.017718,0.018555,0.018114,0.016573,0.017053,0.017038,0.018306,0.016463,0.019106,0.018449,0.017199,0.018671
0.018601,0.017388,0.016876,0.017179,0.018639,0.018518,0.017132,0.017059,0.017102,0.018102,0.016824,0.018633,0.018589,0.017002,0.018724
0.018066,0.017754,0.017567,0.017506,0.017942,0.018393,0.017099,0.017885,0.017475,0.017793,0.017447,0.018239,0.017741,0.017467,0.019196
0.017457,0.018579,0.017614,0.017641,0.018112,0.017693,0.017665,0.018328,0.017843,0.01863,0.017879,0.017966,0.017682,0.017736,0.018159
0.017272,0.017911,0.017821,0.017951,0.017618,0.018039,0.017469,0.018048,0.017999,0.017807,0.017722,0.017845,0.017889,0.017918,0.018153
0.01811,0.017728,0.01752,0.018073,0.018385,0.017641,0.017478,0.017716,0.017672,0.017295,0.017367,0.018684,0.018357,0.017766,0.018622
0.017936,0.016168,0.016285,0.016982,0.018294,0.017781,0.016399,0.016572,0.017087,0.017092,0.01621,0.018336,0.018,0.016689,0.01855
0.018492,0.01713,0.01722,0.017486,0.018804,0.018218,0.016872,0.016959,0.017667,0.017989,0.016372,0.019104,0.018206,0.016967,0.018923
0.017722,0.017356,0.017753,0.01814,0.018304,0.018801,0.017572,0.017647,0.017824,0.01797,0.017769,0.018695,0.017531,0.017283,0.018603
0.01735,0.017627,0.018466,0.018261,0.017794,0.019649,0.017715,0.018115,0.018119,0.018779,0.017662,0.018155,0.017009,0.017872,0.017513
0.016931,0.017934,0.018512,0.018494,0.028802,0.017556,0.017666,0.018221,0.018159,0.018488,0.017895,0.017619,0.017083,0.018158,0.01752
0.017945,0.01786,0.018184,0.017689,0.01832,0.017327,0.017839,0.017061,0.017812,0.017679,0.017373,0.019462,0.01804,0.018024,0.017565
0.01854,0.017032,0.016901,0.016989,0.02766,0.01777,0.016745,0.017435,0.017032,0.017369,0.016697,0.019186,0.01862,0.017226,0.018069
0.018621,0.017263,0.016924,0.01711,0.018638,0.018269,0.017162,0.017276,0.016973,0.016942,0.016842,0.018873,0.019024,0.016839,0.017771
0.018496,0.017727,0.017641,0.017625,0.017399,0.018102,0.017658,0.017614,0.017954,0.017517,0.017988,0.018174,0.018166,0.017248,0.017734
0.017784,0.018008,0.017887,0.018115,0.017615,0.018267,0.019209,0.018157,0.017928,0.017886,0.018392,0.017372,0.017536,0.017885,0.01704
0.017446,0.018242,0.018314,0.01781,0.01754,0.017263,0.018145,0.018013,0.018256,0.018126,0.018454,0.018324,0.017588,0.018324,0.017437
0.020206,0.01762,0.018323,0.017493,0.018608,0.017737,0.017348,0.017785,0.017795,0.01764,0.01764,0.018979,0.018368,0.01796,0.017183
0.019317,0.016589,0.017506,0.016466,0.018452,0.017918,0.017004,0.017041,0.016631,0.017515,0.016914,0.018924,0.017929,0.016679,0.017521
0.018867,0.017221,0.017001,0.017088,0.018388,0.018323,0.017404,0.017288,0.017086,0.017342,0.017235,0.019457,0.018516,0.017141,0.017834
0.017337,0.017345,0.018083,0.017958,0.017769,0.018602,0.017765,0.017464,0.018031,0.017918,0.017631,0.018038,0.017939,0.017786,0.017707
0.018688,0.018228,0.018045,0.018097,0.017709,0.017923,0.017709,0.018144,0.018061,0.018124,0.018753,NaN,NaN,0.017806,0.017275
0.017699,0.01812,0.019131,0.017998,0.01771,0.017972,0.021457,0.018169,0.01868,0.018758,0.018069,NaN,NaN,0.018185,0.017031
0.018547,0.01801,0.018391,0.017502,0.018395,0.017421,0.017797,0.018352,0.017477,0.017682,0.018081,NaN,NaN,0.017542,0.017147
0.01906,0.017079,0.017242,0.016964,0.021212,0.017838,0.016678,0.017389,0.01716,0.016989,0.018647,NaN,NaN,0.017062,0.017435
0.018644,0.017363,0.01704,0.016969,0.018837,0.018431,0.017198,0.017166,0.017535,0.017145,0.017142,0.000101,0.000144,0.016961,0.018124
0.017601,0.017481,0.017554,0.017698,0.018473,0.018321,0.021395,0.017878,0.017533,0.0186,0.017872,0.6022,0.62033,0.017544,0.017634
0.016986,0.018161,0.01834,0.018507,0.017393,0.018374,0.017665,0.018595,0.0178,0.017942,0.017943,0.015901,0.015691,0.01795,0.017556
0.017212,0.018319,0.018648,0.018835,0.017734,0.017479,0.017809,0.018038,0.01806,0.018239,0.017848,0.015761,0.017006,0.018165,0.017051
0.017612,0.018093,0.018371,0.017853,0.018429,0.017616,0.01727,0.01717,0.017875,0.018317,0.017108,0.015599,0.017487,0.018188,0.017696
0.017592,0.017003,0.016686,0.017395,0.018667,0.017934,0.016507,0.017402,0.016706,0.017047,0.016575,0.015276,0.015962,0.016956,0.017599
0.017755,0.016874,0.017168,0.016828,0.018808,0.01894,0.016699,0.017574,0.016907,0.017659,0.016932,0.015995,0.017474,0.017214,0.017893
0.01762,0.018021,0.017585,0.017456,0.018223,0.018597,0.017684,0.017715,0.017571,0.017805,0.017637,0.028643,0.027576,0.017764,0.017637
0.016774,0.018397,0.018706,0.019277,0.017735,0.018651,0.017738,0.018581,0.017684,0.018678,0.017852,0.031499,0.037852,0.01777,0.017468
0.018079,0.017964,0.018365,0.018252,0.017495,0.017758,0.018045,0.018548,0.018129,0.017774,0.018049,0.031832,0.031802,0.018188,0.017052
0.017291,0.017974,0.017885,0.018335,0.018508,0.01769,0.017735,0.0179,0.017394,0.018042,0.017259,0.030692,0.033962,0.017872,0.017528
0.017779,0.016889,0.017613,0.017379,0.021682,0.019243,0.017961,0.017337,0.018065,0.017399,0.017087,0.02058,0.017383,0.017678,0.017912
0.019982,0.01687,0.016798,0.018291,0.018575,0.018948,0.017957,0.017191,0.017396,0.017564,0.016686,0.088108,0.083763,0.017416,0.017897
0.017828,0.017223,0.01915,0.017724,0.017761,0.01907,0.017598,0.017551,0.018379,0.017279,0.017577,0.021819,0.019097,0.017736,0.017556
0.016658,0.017867,0.018491,0.018104,0.017715,0.018102,0.01777,0.0179,0.018167,0.018109,0.017781,0.016493,0.016641,0.017899,0.016906
0.017053,0.017777,0.018109,0.018237,0.017923,0.017498,0.017935,0.01782,0.017964,0.018224,0.01783,0.017072,0.016816,0.018129,0.016874
0.01739,0.017686,0.0188,0.017792,0.018975,0.016958,0.017684,0.017996,0.017797,0.01746,0.018987,0.016307,0.01628,0.017522,0.016913
0.017353,0.016726,0.016686,0.01661,0.018801,0.017411,0.019081,0.016572,0.016318,0.01704,0.016668,0.015612,0.015888,0.016625,0.017623
0.017684,0.0166,0.017554,0.017534,0.019153,0.018327,0.016874,0.016588,0.01665,0.016708,0.016714,0.016102,0.01643,0.016959,0.017283
0.017733,0.017136,0.017459,0.017786,0.018511,0.018251,0.017501,0.017499,0.017319,0.021013,0.01753,0.016705,0.016857,0.01743,0.0175
0.017318,0.017672,0.017985,0.018215,0.017989,0.018064,0.017673,0.018087,0.017637,0.026547,0.017557,0.017162,0.017188,0.01793,0.016681
0.017059,0.01792,0.017617,0.018146,0.018854,0.017305,0.017449,0.018061,0.0177,0.018037,0.017522,0.017217,0.016952,0.017972,0.017183
0.017558,0.017674,0.017674,0.017866,0.018456,0.017383,0.017529,0.018255,0.017546,0.017351,0.017973,0.017009,0.01733,0.016934,0.017456
0.017745,0.016669,0.016698,0.016716,0.01891,0.017844,0.016649,0.017097,0.016991,0.016445,0.017117,0.016786,0.016723,0.01705,0.017862
0.019836,0.016944,0.016914,0.017487,0.019756,0.018499,0.018967,0.017047,0.016988,0.016913,0.017105,0.016272,0.016675,0.017318,0.017994
0.017638,0.016913,0.017851,0.017775,0.018512,0.01815,0.018056,0.017409,0.0184,0.01699,0.0178,0.017004,0.018057,0.017607,0.017469
0.017021,0.018015,0.017962,0.018405,0.018494,0.017712,0.01826,0.017902,0.018234,0.017804,0.017544,0.017739,0.017702,0.017748,0.016675
0.017081,0.017966,0.017722,0.01839,0.018918,0.016884,0.01844,0.017922,0.018593,0.018185,0.018092,0.017313,0.017732,0.018075,0.017274
0.017387,0.018251,0.016795,0.018965,0.018273,0.017245,0.018083,0.017848,0.017432,0.017394,0.019168,0.017486,0.017371,0.017512,0.017353
0.017764,0.016103,0.016293,0.017187,0.019047,0.017242,0.017861,0.016064,0.016703,0.016259,0.016491,0.019663,0.017054,0.016604,0.017411
0.020149,0.016894,0.016599,0.017286,0.018324,0.017991,0.016634,0.017005,0.01722,0.016582,0.01682,0.016995,0.01795,0.023866,0.018015
0.01781,0.017537,0.017794,0.017708,0.01919,0.018418,0.017166,0.01731,0.017783,0.017358,0.017214,0.017503,0.017565,0.017628,0.016957
0.01741,0.017495,0.017523,0.018325,0.01778,0.018015,0.018078,0.017982,0.017928,0.018042,0.017368,0.017579,0.018237,0.017807,0.016789
0.017089,0.017764,0.017985,0.018501,0.017742,0.017687,0.017453,0.018,0.017838,0.018343,0.017722,0.020343,0.017865,0.020062,0.017164
0.017531,0.017356,0.016809,0.017803,0.018214,0.017469,0.017127,0.017468,0.017386,0.017587,0.021197,0.017825,0.01713,0.017766,0.017355
0.02013,0.016792,0.017057,0.018055,0.018692,0.017561,0.019949,0.016447,0.017477,0.017076,0.01677,0.017146,0.017325,0.017119,0.018248
0.018161,0.016967,0.016985,0.017546,0.018601,0.018244,0.016743,0.01696,0.017024,0.017006,0.016332,0.017207,0.017,0.019355,0.017968
0.017586,0.017253,0.017529,0.017871,0.017933,0.018461,0.017602,0.02027,0.018089,0.017217,0.017342,0.01749,0.017879,0.01778,0.017615
0.016944,0.01815,0.017412,0.018245,0.018115,0.018303,0.017754,0.017834,0.018058,0.017841,0.019339,0.018261,0.018285,0.017891,0.016914
0.017301,0.017906,0.017852,0.018095,0.018011,0.018195,0.020058,0.018161,0.017964,0.017756,0.01781,0.018054,0.018808,0.018052,0.017035
0.017502,0.017685,0.01737,0.018894,0.018637,0.01723,0.017467,0.020095,0.017551,0.017624,0.017506,0.017548,0.018175,0.017573,0.01764
0.017691,0.016358,0.016467,0.017314,0.018678,0.017305,0.016592,0.016361,0.016708,0.016711,0.016469,0.016281,0.017124,0.016424,0.01757
0.018566,0.016866,0.016749,0.016817,0.019165,0.018206,0.016478,0.016864,0.016826,0.01701,0.019399,0.017233,0.016744,0.016742,0.017704
0.019004,0.01705,0.017542,0.017481,0.018547,0.017916,0.020136,0.017384,0.017419,0.017056,0.01735,0.017077,0.017862,0.017648,0.017978
0.01705,0.017859,0.017592,0.017834,0.017911,0.01812,0.017526,0.017922,0.01775,0.017515,0.018427,0.017251,0.017919,0.017798,0.016967
0.018238,0.01783,0.017686,0.017865,0.018023,0.016709,0.020147,0.017807,0.018055,0.017571,0.018233,0.017607,0.018147,0.018294,0.016927
0.017604,0.017231,0.016609,0.019806,0.018366,0.017228,0.018075,0.017547,0.017708,0.016949,0.017365,0.017557,0.01759,0.017553,0.017715
0.017599,0.016519,0.017368,0.017356,0.019079,0.017681,0.016993,0.016619,0.017047,0.016697,0.017883,0.016733,0.017019,0.016562,0.017868
0.018054,0.01667,0.01699,0.017312,0.019518,0.018014,0.01763,0.016702,0.017065,0.016718,0.016198,0.016601,0.017037,0.01695,0.017987
0.017671,0.017187,0.017288,0.017702,0.018353,0.017914,0.017228,0.017424,0.017703,0.017641,0.018384,0.019153,0.017258,0.017652,0.017113
0.016799,0.017666,0.017775,0.018375,0.017981,0.017782,0.018165,0.017776,0.018165,0.017443,0.017055,0.017812,0.017725,0.017651,0.017048
0.016852,0.017443,0.017795,0.017768,0.018216,0.017068,0.017735,0.017328,0.01784,0.017323,0.017682,0.017737,0.018462,0.017754,0.016994
0.017608,0.017618,0.017329,0.017636,0.017866,0.017336,0.017268,0.017019,0.01767,0.017634,0.018062,0.017483,0.017659,0.017466,0.017212
0.017423,0.016395,0.016476,0.016201,0.01825,0.01709,0.016294,0.016619,0.016941,0.016424,0.016022,0.016808,0.01749,0.01858,0.017585
0.01826,0.016857,0.016952,0.021501,0.018877,0.017783,0.017109,0.016624,0.017409,0.016408,0.016888,0.016772,0.017421,0.016731,0.017783
0.018057,0.017501,0.017435,0.017592,0.018058,0.017777,0.019664,0.017184,0.017993,0.018156,0.017428,0.018134,0.01762,0.017345,0.017542
0.016877,0.018072,0.017795,0.023122,0.017442,0.017894,0.018308,0.017642,0.017674,0.017587,0.017388,0.018335,0.017989,0.018092,0.017007
0.01666,0.017638,0.017653,0.018164,0.017272,0.017078,0.017522,0.020319,0.017907,0.017869,0.017654,0.017978,0.017744,0.017673,0.016995
0.017598,0.017684,0.017443,0.019788,0.01803,0.016709,0.017015,0.017844,0.017426,0.01717,0.017558,0.017145,0.017992,0.017404,0.017422
0.017835,0.016826,0.016855,0.01698,0.01928,0.017183,0.016945,0.016796,0.01695,0.0165,0.016549,0.016639,0.016901,0.017177,0.017286
0.018153,0.016768,0.016608,0.018887,0.018675,0.017795,0.016544,0.01687,0.016685,0.017145,0.016598,0.016747,0.017219,0.01733,0.017883
0.017548,0.017214,0.01788,0.017332,0.017974,0.01796,0.017496,0.017668,0.017421,0.017661,0.017311,0.019953,0.017746,0.017553,0.01734
0.017014,0.017663,0.017964,0.017912,0.017358,0.017467,0.017446,0.017896,0.018079,0.017841,0.017524,0.018127,0.018029,0.017635,0.017268
0.016862,0.018799,0.017834,0.01808,0.017841,0.017073,0.017434,0.018285,0.017708,0.017672,0.017661,0.017632,0.01792,0.018138,0.016932
0.017292,0.018271,0.01692,0.018097,0.018162,0.016832,0.017422,0.018378,0.017739,0.017422,0.017143,0.017226,0.017334,0.017939,0.017736
0.0176,0.016788,0.01673,0.016549,0.018553,0.017398,0.016533,0.017092,0.016568,0.016322,0.016281,0.016233,0.017048,0.018766,0.01725
0.018171,0.017089,0.016657,0.016992,0.018524,0.018623,0.016879,0.017028,0.017921,0.017371,0.01682,0.016525,0.017444,0.016834,0.018279
0.017663,0.017456,0.018307,0.017813,0.018375,0.019153,0.016978,0.017391,0.01795,0.017383,0.017245,0.020261,0.018053,0.017141,0.01799
0.016904,0.017716,0.01818,0.018508,0.017492,0.018223,0.0173,0.01797,0.017961,0.017695,0.017927,0.017626,0.017696,0.017934,0.017161
0.016516,0.017839,0.01802,0.018347,0.017845,0.01733,0.017484,0.020078,0.018403,0.018146,0.017453,0.017821,0.018361,0.017752,0.016764
0.017339,0.01731,0.017887,0.017701,0.018942,0.017455,0.017606,0.01717,0.01747,0.017587,0.017557,0.017599,0.017716,0.017745,0.017462
0.017487,0.017061,0.016686,0.017076,0.019429,0.017371,0.016774,0.017291,0.016955,0.016606,0.017043,0.016925,0.016983,0.01754,0.017457
0.017702,0.017174,0.017101,0.017236,0.019089,0.017943,0.016614,0.016953,0.017142,0.017319,0.01716,0.018136,0.017473,0.017104,0.017866
0.016907,0.017693,0.017668,0.017443,0.017983,0.017594,0.017377,0.017433,0.017505,0.017531,0.017671,0.017266,0.01764,0.017527,0.017132
0.017059,0.017945,0.018001,0.018096,0.017771,0.018188,0.017602,0.017979,0.017503,0.017445,0.017656,0.017949,0.017671,0.017873,0.016818
0.017112,0.018063,0.017831,0.018417,0.017385,0.016712,0.018025,0.019111,0.018126,0.017899,0.017828,0.019698,0.01792,0.019967,0.016982
0.017679,0.017434,0.017741,0.017646,0.018285,0.016526,0.017617,0.017611,0.017319,0.017766,0.017417,0.017392,0.017198,0.018666,0.017337
0.01751,0.016944,0.016227,0.016966,0.018807,0.016679,0.017799,0.016706,0.016868,0.016926,0.016999,0.019024,0.016815,0.016571,0.017578
0.017562,0.016876,0.017096,0.017111,0.0192,0.017481,0.018042,0.017147,0.016735,0.016956,0.017406,0.020144,0.01701,0.017208,0.018094
0.017443,0.01772,0.017972,0.017505,0.01868,0.017619,0.018747,0.018632,0.0181,0.017526,0.01756,0.01732,0.018082,0.019329,0.017536
0.017023,0.018371,0.018509,0.018119,0.017997,0.017867,0.018878,0.018409,0.018539,0.018126,0.017683,0.020052,0.018612,0.018004,0.016969
0.017111,0.017994,0.018174,0.018784,0.018261,0.01667,0.017753,0.018028,0.018139,0.017679,0.018,0.017943,0.018217,0.020083,0.016957
0.017622,0.017149,0.017086,0.018048,0.018438,0.017093,0.018032,0.017833,0.018188,0.01776,0.017622,0.019485,0.017643,0.019925,0.017516
0.017858,0.016594,0.016878,0.017204,0.019127,0.016905,0.017947,0.017538,0.016765,0.01728,0.016753,0.016592,0.017324,0.017205,0.017978
0.017794,0.017115,0.01682,0.017766,0.018944,0.017676,0.016789,0.017327,0.016989,0.0172,0.016992,0.016958,0.021077,0.020284,0.01802
0.016918,0.017225,0.017843,0.017477,0.018679,0.017702,0.017859,0.017726,0.017517,0.017688,0.01739,0.017484,0.017886,0.017471,0.017564
0.016791,0.018147,0.017929,0.01809,0.017977,0.017989,0.017676,0.018695,0.018484,0.018251,0.017493,0.017822,0.018256,0.019502,0.017125
0.017519,0.0178,0.018632,0.018233,0.01759,0.016909,0.018103,0.01817,0.017752,0.017965,0.017359,0.017557,0.018584,0.017866,0.016611
0.017966,0.017391,0.017041,0.017953,0.01846,0.016967,0.017708,0.018044,0.017807,0.017994,0.017285,0.018061,0.017412,0.017678,0.017135
0.017525,0.016456,0.027051,0.017391,0.018465,0.017178,0.016555,0.01712,0.016223,0.016974,0.016483,0.017047,0.016993,0.016874,0.017579
0.017981,0.016493,0.017166,0.017551,0.018929,0.017658,0.017174,0.017786,0.016646,0.017442,0.01677,0.017567,0.017661,0.017124,0.017844
0.017963,0.017051,0.017636,0.017864,0.018454,0.017682,0.017388,0.017284,0.017584,0.017864,0.017413,0.017911,0.018054,0.027332,0.017753
0.016522,0.017907,0.01854,0.018642,0.018461,0.017654,0.017813,0.017913,0.017732,0.018148,0.017506,0.017953,0.01866,0.018111,0.017193
0.017223,0.017852,0.017895,0.018838,0.01818,0.016838,0.017664,0.017493,0.017896,0.018141,0.017701,0.017887,0.018709,0.018375,0.016826
0.017544,0.018023,0.017527,0.017874,0.017971,0.017164,0.017469,0.017725,0.018355,0.017789,0.01748,0.017102,0.017685,0.017269,0.017254
0.018019,0.017742,0.017082,0.017613,0.019213,0.018075,0.016634,0.017,0.01692,0.017177,0.016382,0.017136,0.016943,0.016647,0.018552
0.017696,0.017053,0.016785,0.018196,0.019197,0.017603,0.016874,0.016924,0.016728,0.017109,0.0172,0.017326,0.017335,0.017443,0.018536
0.017347,0.017404,0.01817,0.018119,0.018594,0.018074,0.017487,0.017405,0.017375,0.017324,0.01758,0.017776,0.018037,0.017018,0.017556
0.016946,0.017835,0.017981,0.018279,0.017851,0.018039,0.017589,0.017898,0.017771,0.017858,0.017511,0.01799,0.018197,0.017857,0.016922
0.017064,0.017818,0.017735,0.018309,0.017903,0.016643,0.017625,0.018038,0.017921,0.018039,0.017426,0.017862,0.01822,0.017839,0.017732
0.017616,0.017615,0.017339,0.017563,0.01841,0.017025,0.017289,0.01788,0.017628,0.017699,0.017343,0.017537,0.017756,0.017348,0.01744
0.01727,0.016601,0.016973,0.016347,0.018131,0.016649,0.016207,0.016421,0.017226,0.016526,0.016196,0.017189,0.016741,0.016398,0.017388
0.017912,0.016526,0.017153,0.016818,0.018877,0.017783,0.017158,0.016997,0.017017,0.016964,0.017018,0.017226,0.016803,0.016729,0.017696
0.017549,0.017107,0.017508,0.017472,0.018283,0.017888,0.017421,0.017622,0.017844,0.017594,0.02815,0.018063,0.017599,0.01692,0.017952
0.017181,0.017758,0.017854,0.01766,0.017364,0.017746,0.01776,0.018039,0.017824,0.018054,0.017881,0.017867,0.018016,0.017827,0.01653
0.017035,0.017657,0.018083,0.018051,0.017837,0.017144,0.017417,0.017963,0.018175,0.018167,0.017907,0.01783,0.018397,0.017938,0.016771
0.017259,0.01777,0.017896,0.017632,0.018389,0.017066,0.017623,0.017572,0.017221,0.016957,0.017167,0.017672,0.017985,0.017913,0.017264
0.01789,0.017134,0.016868,0.017027,0.018818,0.017055,0.016764,0.016853,0.01694,0.01689,0.017312,0.017691,0.017021,0.016673,0.018125
0.01795,0.017228,0.017314,0.017523,0.018879,0.01849,0.016807,0.016946,0.017074,0.016765,0.017118,0.016357,0.017142,0.0169,0.017766
0.017647,0.017453,0.017196,0.01744,0.01787,0.018003,0.017335,0.017119,0.017945,0.017404,0.017245,0.017598,0.017532,0.017206,0.016862
0.017104,0.018031,0.017751,0.017958,0.016896,0.017619,0.017669,0.017965,0.018576,0.018169,0.017416,0.018186,0.018276,0.017625,0.016855
0.016975,0.017877,0.017898,0.018068,0.017851,0.016799,0.018993,0.018052,0.01737,0.017809,0.017803,0.018389,0.018135,0.018252,0.017004
0.017392,0.018435,0.017526,0.017757,0.018614,0.016244,0.017602,0.017418,0.017396,0.017476,0.01746,0.018047,0.018339,0.017731,0.017477
0.017647,0.016416,0.016209,0.016985,0.018791,0.017189,0.016366,0.016338,0.016627,0.016702,0.016359,0.016951,0.017119,0.016725,0.017555
0.017669,0.017049,0.017006,0.01748,0.01888,0.017827,0.016842,0.01651,0.019128,0.016807,0.016721,0.017234,0.017456,0.017089,0.017862
0.017457,0.017388,0.017317,0.01756,0.018351,0.018339,0.017255,0.017264,0.017899,0.017374,0.017086,0.017887,0.018125,0.017707,0.017574
0.017316,0.017919,0.017845,0.018274,0.017337,0.018282,0.017757,0.017679,0.017764,0.018003,0.017221,0.017809,0.020221,0.017719,0.01739
0.017119,0.018002,0.017753,0.017965,0.017641,0.017191,0.017354,0.017732,0.017556,0.017608,0.01775,0.017957,0.01843,0.01784,0.017001
0.017234,0.01752,0.017241,0.017619,0.018206,0.017347,0.017739,0.017718,0.017623,0.017293,0.01812,0.017989,0.019221,0.017518,0.01702
0.017956,0.017083,0.016683,0.016994,0.018666,0.018223,0.016455,0.017115,0.016927,0.018334,0.016743,0.01698,0.017729,0.016799,0.017715
0.018125,0.016982,0.017131,0.017113,0.018797,0.018672,0.016856,0.017446,0.018553,0.016667,0.016805,0.017312,0.017674,0.016258,0.018107
0.017803,0.017392,0.017599,0.017522,0.017674,0.018123,0.018362,0.0174,0.029219,0.017719,0.017525,0.017853,0.017922,0.017567,0.017029
0.016922,0.017924,0.017673,0.01859,0.017417,0.018994,0.017713,0.017701,0.028748,0.017778,0.017949,0.018294,0.018221,0.017768,0.017409
0.017058,0.01776,0.017693,0.018584,0.017672,0.016247,0.018476,0.017868,0.029487,0.020305,0.017743,0.017843,0.018271,0.01799,0.017492
0.017456,0.017832,0.017561,0.018328,0.018181,0.017006,0.017339,0.017813,0.020912,0.017672,0.017636,0.018002,0.017822,0.017591,0.01728
0.017936,0.016454,0.016749,0.017277,0.01816,0.017344,0.016737,0.016506,0.016895,0.016632,0.016224,0.016568,0.016969,0.016399,0.017533
0.017841,0.016848,0.017026,0.017228,0.017986,0.017526,0.016882,0.017128,0.016783,0.01677,0.016978,0.017406,0.01747,0.016678,0.017572
0.01768,0.017262,0.017305,0.017358,0.018235,0.017809,0.01738,0.017643,0.017599,0.017839,0.017475,0.01769,0.017767,0.017787,0.017304
0.016619,0.017802,0.017905,0.017621,0.017793,0.017848,0.018028,0.017892,0.017552,0.018043,0.017624,0.017916,0.018442,0.017769,0.017881
0.016772,0.017918,0.017731,0.017934,0.017739,0.016879,0.017714,0.017848,0.020394,0.017804,0.017885,0.028625,0.018017,0.017976,0.016815
0.017769,0.017713,0.019669,0.017644,0.01791,0.016987,0.017948,0.017114,0.019054,0.017516,0.017689,0.017627,0.017998,0.017588,0.017598
0.017866,0.016612,0.016865,0.016877,0.018237,0.017631,0.016737,0.017096,0.018162,0.016718,0.016836,0.017361,0.017527,0.016707,0.018127
0.018344,0.016908,0.016926,0.016814,0.018077,0.018293,0.017153,0.01713,0.016821,0.0173,0.017193,0.017661,0.020821,0.016734,0.017757
0.017792,0.017557,0.017876,0.017337,0.017824,0.018589,0.017763,0.017607,0.018762,0.017594,0.018103,0.017862,0.018687,0.017764,0.017864
0.016957,0.01778,0.018932,0.018257,0.017437,0.017603,0.026486,0.018059,0.017759,0.017736,0.017796,0.018485,0.018303,0.01772,0.017968
0.017139,0.018777,0.017463,0.018043,0.017602,0.016542,0.017822,0.017766,0.018439,0.017354,0.017944,0.018347,0.018228,0.017631,0.017001
0.017523,0.018086,0.017714,0.018439,0.017535,0.017281,0.016767,0.017457,0.018478,0.017564,0.017492,0.017464,0.017309,0.017639,0.017353
0.017571,0.016197,0.016186,0.017631,NaN,0.017348,0.015878,0.016116,0.017588,0.016185,0.016435,0.016613,0.019866,0.016895,0.01752
NaN,0.016579,0.016973,0.017561,NaN,0.018272,0.01659,0.016609,0.017035,0.01714,0.017135,0.017387,0.018657,0.017728,NaN
NaN,0.020511,0.017448,0.018685,NaN,0.018489,0.017119,0.017405,0.017258,0.020375,0.017757,0.01762,0.018687,0.017622,NaN
NaN,0.018442,0.017556,0.018212,NaN,0.01786,0.017406,0.017553,0.017835,0.017281,0.017949,0.017934,0.018505,0.018126,NaN
NaN,0.021045,0.017567,0.018136,7.5e-05,NaN,0.017335,0.017756,0.017851,0.017914,0.017773,0.018059,0.018005,0.018159,NaN
0.000131,0.01693,0.016941,0.017898,0.60081,NaN,0.017748,0.017589,0.017954,0.01735,0.01738,NaN,NaN,0.017724,0.000157
0.61035,0.019291,0.016575,0.016506,0.015208,NaN,0.017055,0.016791,0.016964,0.016958,0.016851,NaN,NaN,0.017255,0.60376
0.014965,0.017283,0.016547,0.017566,0.014875,NaN,0.016868,0.016906,0.017195,0.016643,0.016707,NaN,NaN,0.017518,0.015525
0.01469,0.021423,0.017437,0.017861,0.015311,0.000155,0.017194,0.017204,0.017344,0.017287,0.017242,NaN,NaN,0.017728,0.014911
0.015752,0.017574,0.017719,0.01803,0.015317,0.60216,0.017656,0.017864,0.017977,0.017695,0.017637,0.000182,0.000171,0.017881,0.015515
0.015396,0.017635,0.017904,0.017944,0.015694,0.014883,0.017339,0.017572,0.017569,0.017506,0.017518,0.61149,0.59827,0.017755,0.015302
0.015268,0.017189,0.017251,0.017646,0.026451,0.014736,0.017331,0.017402,0.017769,0.01742,0.017623,0.015258,0.01569,0.017182,0.015546
0.027378,0.016278,0.016739,0.016589,0.029085,0.014467,0.01586,0.016581,0.01656,0.016552,0.017189,0.015298,0.014299,0.016657,0.022954
0.02947,0.017421,0.018762,0.017371,0.031312,0.015098,0.016445,0.016898,0.016964,0.016794,0.016737,0.015111,0.014966,0.017075,0.030665
0.031257,0.017382,0.017447,0.017389,0.030502,0.015429,0.017131,0.017297,0.017841,0.018979,0.017634,0.01567,0.015028,0.017614,0.031267
0.030243,0.018098,0.017796,0.018379,0.02057,0.026372,0.017294,0.017177,0.01773,0.017691,0.018312,0.015635,0.015484,0.017969,0.030467
0.020224,0.017693,0.017489,0.018381,0.10263,0.029754,0.017743,0.017635,0.017972,0.017639,0.018942,0.026572,0.028564,0.017623,0.020395
0.089354,0.017327,0.017476,0.017814,0.025411,0.030853,0.017471,0.017668,0.017664,0.017626,0.017474,0.030398,0.031715,0.01758,0.085559
0.018797,0.01714,0.016627,0.01755,0.016982,0.030399,0.016419,0.017151,0.016785,0.016803,0.016957,0.03033,0.028518,0.017154,0.022775
0.016628,0.01697,0.016743,0.01733,0.016882,0.019791,0.016552,0.016929,0.017151,0.01668,0.016654,0.031374,0.031255,0.016713,0.016766
0.016971,0.017234,0.018188,0.017998,0.016054,0.08735,0.017263,0.017225,0.017582,0.019188,0.017701,0.021289,0.019875,0.017605,0.017098
0.016105,0.017453,0.017697,0.018026,0.015516,0.01935,0.017226,0.017533,0.017979,0.017715,0.017427,0.087438,0.087125,0.017629,0.016133
0.01561,0.017489,0.017166,0.018026,0.015765,0.016156,0.017334,0.017445,0.017082,0.017843,0.01748,0.020508,0.02286,0.01745,0.015707
0.016336,0.017808,0.017079,0.017995,0.016852,0.01687,0.017724,0.017862,0.017646,0.017827,0.017603,0.016363,0.016622,0.017808,0.018066
0.016846,0.01683,0.017053,0.016806,0.017083,0.016346,0.016671,0.016993,0.017941,0.017147,0.017766,0.016527,0.016356,0.016839,0.017219
0.017437,0.016798,0.018642,0.016705,0.016963,0.01551,0.017971,0.01668,0.017106,0.020051,0.017344,0.016203,0.01599,0.017208,0.017403
0.017028,0.017785,0.01747,0.017695,0.017028,0.018689,0.017555,0.017289,0.017689,0.017704,0.01779,0.016557,0.015834,0.018096,0.017435
0.017381,0.01777,0.017812,0.018396,0.016037,0.01636,0.017707,0.017649,0.017907,0.018021,0.017681,0.016002,0.01615,0.017939,0.019648
0.01631,0.017968,0.018227,0.018443,0.016643,0.016827,0.017465,0.018058,0.018121,0.019998,0.018593,0.017424,0.016076,0.018682,0.016533
0.016057,0.017974,0.016914,0.018239,0.017225,0.016737,0.020863,0.017404,0.017689,0.024881,0.017716,0.017036,0.016774,NaN,0.01634
0.017482,0.017052,0.016802,0.01735,0.017494,0.016927,0.016664,0.017185,0.016818,0.019538,0.016714,0.016872,0.016722,NaN,0.016884
0.017509,0.016886,0.020452,0.017012,0.017587,0.0161,0.017129,0.017123,0.017104,0.017353,0.01728,0.016978,0.017347,NaN,0.017329
0.017704,0.017694,0.017786,0.017762,0.017645,0.015828,0.017532,0.017519,0.017423,0.017506,0.017477,0.016658,0.016384,NaN,0.017285
0.017061,0.018245,0.017464,0.018227,0.016585,0.019659,0.017611,0.017936,0.017853,0.019773,0.018173,0.017057,0.016756,0.000158,0.017506
0.016191,0.017508,0.026844,0.017533,0.017204,0.016912,0.017455,0.01712,0.01755,0.01744,0.017489,0.01685,0.016763,0.61395,0.016484
0.01674,0.017915,0.019908,0.019228,0.017532,0.017471,0.018196,0.017919,0.018284,0.02073,0.017701,0.017565,0.017361,0.015525,0.016778
0.017512,0.01713,0.016456,0.017245,0.017891,0.017434,0.017139,0.017185,0.016894,0.016861,0.017371,0.017755,0.01744,0.015339,0.01744
0.01798,0.017624,0.017274,0.017317,0.018222,0.01899,0.01683,0.017273,0.017267,0.016713,0.016722,0.017902,0.017239,0.014941,0.017929
0.017818,0.017922,0.017267,0.017595,0.018077,0.016507,0.017948,0.017903,0.01739,0.01748,0.017708,0.016421,0.016721,0.015245,0.018011
0.017697,0.018208,0.019768,0.02114,0.017644,0.016903,0.017773,0.017917,0.018198,0.017839,0.017947,0.017038,0.018225,0.015379,0.017799
0.016794,0.018082,0.017672,0.018595,0.016851,0.017545,0.017746,0.018096,0.017858,0.017843,0.018146,0.017314,0.017149,0.027281,0.01685
0.016665,0.017701,0.022363,0.017647,0.017673,0.019607,0.017488,0.018156,0.017844,0.017752,0.018171,0.017909,0.017571,0.030556,0.016981
0.017548,0.016903,0.017393,0.017733,0.018188,0.017984,0.01738,0.017427,0.017266,0.016992,0.017181,0.017695,0.018134,0.027336,0.017573
0.018078,0.017416,0.019535,0.017742,0.01849,0.018876,0.017048,0.017101,0.017685,0.016917,0.017201,0.017337,0.017921,0.031809,0.018096
0.018276,0.017552,0.017787,0.017643,0.017511,0.018362,0.017603,0.01732,0.018106,0.017573,0.019644,0.016851,0.016538,0.024395,0.020499
0.018617,0.01797,0.019392,0.018524,0.016902,0.017567,0.019064,0.017857,0.018076,0.017681,0.018035,0.01683,0.017056,0.091433,0.018079
0.0164,0.017611,0.017833,0.018011,0.016768,0.021144,0.017849,0.017829,0.017705,0.017418,0.01775,0.017095,0.017609,0.020451,0.016508
0.016837,0.017384,0.017693,0.017874,0.017528,0.017802,0.017902,0.018017,0.017789,0.017747,0.017769,0.017351,0.018098,0.016689,0.017188
0.017512,0.016815,0.016502,0.017401,0.017908,0.019883,0.017124,0.016525,0.016856,0.016858,0.016871,0.01824,0.017351,0.016779,0.017612
0.017451,0.016869,0.016563,0.017131,0.017682,0.016252,0.016522,0.016774,0.016823,0.017052,0.016341,0.01728,0.01677,0.016203,0.017862
0.017916,0.01736,0.017251,0.017536,0.017231,0.016726,0.017262,0.01759,0.017358,0.017002,0.01743,0.016225,0.016194,0.016146,0.017679
0.017401,0.017985,0.018213,0.018348,0.016781,0.017344,0.0177,0.01831,0.018078,0.017529,0.018149,0.017093,0.016289,0.016615,0.018196
0.016543,0.018334,0.017635,0.018281,0.016798,0.017727,0.017964,0.01822,0.018449,0.017782,0.01785,0.01737,0.017222,0.016773,0.016786
0.017267,0.01809,0.01785,0.017914,0.017272,0.017657,0.017451,0.018018,0.017632,0.017447,0.017769,0.017426,0.017274,0.017125,0.017006
0.017774,0.017051,0.016804,0.017525,0.017626,0.017649,0.017131,0.016762,0.017166,0.016703,0.016782,0.017706,0.017622,0.017487,0.017264
0.01807,0.016732,0.016726,0.02115,0.017897,0.016434,0.017139,0.016931,0.016822,0.01691,0.017036,0.016793,0.01708,0.01759,0.019963
0.017854,0.017801,0.017469,0.017829,0.017412,0.016559,0.0173,0.017391,0.017755,0.017712,0.018369,0.01693,0.01662,0.017164,0.018079
0.017241,0.017857,0.017779,0.018299,0.017268,0.017515,0.019494,0.01806,0.018294,0.01783,0.017955,0.016823,0.02008,0.016448,0.016974
0.017328,0.017797,0.017661,0.01807,0.017406,0.017744,0.018019,0.018309,0.01784,0.018004,0.017982,0.017977,0.017413,0.017556,0.016823
0.017504,0.017888,0.016738,0.017968,0.017438,0.017607,0.017733,0.017357,0.017123,0.017809,0.017545,0.018342,0.018982,0.018573,0.016837
0.017891,0.016589,0.01702,0.017325,0.018128,0.017001,0.017017,0.017062,0.016707,0.016868,0.016651,0.017791,0.018167,0.017964,0.017303
0.018083,0.017274,0.016923,0.0176,0.017633,0.016373,0.016766,0.017284,0.017152,0.017209,0.016762,0.017421,0.017454,0.017371,0.018877
0.017516,0.017573,0.01702,0.017931,0.017009,0.016207,0.016731,0.017269,0.017472,0.017314,0.018295,0.01652,0.016228,0.016885,0.018076
0.017393,0.018074,0.017399,0.018623,0.017214,0.017255,0.021259,0.017785,0.017688,0.018212,0.017943,0.016643,0.016619,0.017209,0.017842
0.017489,0.018081,0.01782,0.018406,0.017256,0.017363,0.018014,0.018178,0.018203,0.018235,0.017993,0.017291,0.017203,0.018339,0.016996
0.017419,0.017682,0.017784,0.017743,0.017898,0.017931,0.017838,0.018038,0.017723,0.017678,0.018029,0.01794,0.019143,0.018811,0.017336
0.018072,0.01684,0.01733,0.019757,0.018281,0.017165,0.017184,0.01711,0.016697,0.01696,0.018441,0.018199,0.018653,0.018562,0.018475
0.018127,0.017545,0.016767,0.017527,0.019539,0.01649,0.016835,0.017452,0.017147,0.016999,0.017371,0.017847,0.016892,0.017746,0.018028
0.01788,0.017607,0.017923,0.017997,0.018052,0.016733,0.020346,0.017578,0.017768,0.017234,0.017753,0.016711,0.016822,0.017263,0.018388
0.0175,0.018093,0.017783,0.01809,0.017004,0.017454,0.017854,0.018272,0.017909,0.018334,0.017708,0.016443,0.016766,0.017148,0.017647
0.016875,0.018257,0.017724,0.018267,0.01946,0.017678,0.017975,0.018522,0.018,0.01831,0.021886,0.017825,0.017313,0.01831,0.018738
0.017233,0.016946,0.017278,0.017669,0.017218,0.017177,0.019728,0.018556,0.017142,0.017711,0.017216,0.017703,0.017998,0.018222,0.017011
0.017829,0.016505,0.016517,0.020124,0.017458,0.016885,0.016794,0.016986,0.016927,0.01683,0.018959,0.017762,0.017247,0.017871,0.018091
0.018151,0.01697,0.016949,0.017644,0.018123,0.017465,0.019864,0.017429,0.016971,0.016806,0.019929,0.017237,0.017982,0.017778,0.01994
0.017742,0.017674,0.017784,0.017827,0.01791,0.017024,0.019694,0.017832,0.018167,0.01793,0.01769,0.016772,0.016915,0.017077,0.018996
0.016689,0.017776,0.017946,0.018726,0.016599,0.01747,0.017553,0.017866,0.018112,0.018167,0.020473,0.016604,0.016627,0.024401,0.018357
0.016768,0.017755,0.017905,0.018275,0.016507,0.017837,0.020056,0.018177,0.018174,0.018003,0.020152,0.017623,0.017478,0.020872,0.016815
0.017113,0.017551,0.017461,0.020283,0.01757,0.01799,0.017933,0.017739,0.016882,0.017996,0.017651,0.017808,0.017837,0.018565,0.017669
0.017778,0.016947,0.017073,0.01719,0.017672,0.017485,0.018473,0.016944,0.01683,0.01677,0.016918,0.018129,0.017358,0.01784,0.017184
0.017824,0.017172,0.016647,0.016863,0.017711,0.016684,0.016833,0.01733,0.017456,0.016923,0.017185,0.017149,0.0181,0.016936,0.017855
0.017521,0.017296,0.017558,0.020944,0.017408,0.016503,0.017716,0.01737,0.017963,0.017778,0.01777,0.016925,0.016465,0.016701,0.017922
0.017423,0.017894,0.017841,0.018188,0.01643,0.017357,0.018507,0.018066,0.017863,0.01738,0.028671,0.016871,0.016646,0.017113,0.017304
0.016817,0.017901,0.017836,0.021595,0.016926,0.017537,0.018468,0.017833,0.01812,0.017952,0.01792,0.018118,0.019317,0.017535,0.016482
0.017506,0.017736,0.0169,0.01944,0.017646,0.017533,0.017947,0.018067,0.017732,0.01721,0.016787,0.018262,0.017534,0.017652,0.016833
0.016973,0.016681,0.016677,0.016769,0.017378,0.017506,0.017131,0.016724,0.016781,0.016493,0.016376,0.017411,0.017118,0.017617,0.017188
0.017725,0.016983,0.016683,0.020248,0.018827,0.016762,0.017354,0.017532,0.017191,0.016588,0.016913,0.01749,0.020366,0.017485,0.017718
0.019331,0.017318,0.017386,0.017715,0.018868,0.016967,0.018347,0.017581,0.017938,0.017197,0.017025,0.016675,0.016531,0.017121,0.017749
0.017594,0.017723,0.017669,0.01986,0.018414,0.017478,0.018286,0.019113,0.018225,0.017912,0.017368,0.016913,0.01983,0.016807,0.017279
0.016764,0.018031,0.017664,0.017898,0.017378,0.017652,0.017906,0.018244,0.017991,0.017634,0.017504,0.017686,0.020021,0.017269,0.016871
0.01703,0.017676,0.017236,0.018095,0.017927,0.018012,0.017962,0.018022,0.017571,0.017469,0.017558,0.017694,0.017599,0.017701,0.017562
0.018733,0.01703,0.016413,0.016451,0.017969,0.016945,0.017605,0.017191,0.017085,0.016675,0.017249,0.017855,0.02086,0.017687,0.017329
0.017514,0.016961,0.016935,0.017372,0.017855,0.016554,0.016856,0.017123,0.017198,0.016659,0.016553,0.016995,0.017463,0.017408,0.018139
0.017533,0.017802,0.017313,0.017546,0.016902,0.016663,0.018035,0.017584,0.017228,0.017543,0.017258,0.017516,0.020235,0.016821,0.017789
0.017573,0.018068,0.017562,0.018201,0.017593,0.017359,0.017686,0.018309,0.017934,0.017805,0.017814,0.017682,0.017214,0.017402,0.017232
0.016949,0.017811,0.017808,0.018314,0.017204,0.017407,0.018061,0.018257,0.018054,0.017779,0.01783,0.017863,0.017737,0.017739,0.016531
0.016639,0.017672,0.018008,0.017343,0.017565,0.017425,0.018289,0.017664,0.017591,0.017659,0.017847,0.01758,0.018034,0.017866,0.017013
0.017079,0.016382,0.016781,0.016782,0.017558,0.016997,0.01676,0.017002,0.016361,0.016143,0.016413,0.017403,0.017357,0.01735,0.016957
