0.000125,0.000146,0.000139,0,0,0,0,0,0,0,0,0,0,0,0
0.20639,0.21042,0.2255,0,0,0,0,0,0,0,0,0,0,0,0
0.003282,0.003258,0.003682,0,0,0,0,0,0,0,0,0,0,0,0
0.003516,0.003004,0.003515,0,0,0,0,0,0,0,0,0,0,0,0
0.00344,0.002998,0.003476,0,0,0,0,0,0,0,0,0,0,0,0
0.003361,0.003326,0.003488,0,0,0,0,0,0,0,0,0,0,0,0
0.003438,0.003521,0.003586,0,0,0,0,0,0,0,0,0,0,0,0
0.004034,0.004064,0.003721,0,0,0,0,0,0,0,0,0,0,0,0
0.005935,0.005791,0.003578,0,0,0,0,0,0,0,0,0,0,0,0
0.005134,0.005338,0.00325,0,0,0,0,0,0,0,0,0,0,0,0
0.005141,0.005197,0.003211,0,0,0,0,0,0,0,0,0,0,0,0
0.004192,0.004882,0.003734,0,0,0,0,0,0,0,0,0,0,0,0
0.004353,0.004288,0.002998,0,0,0,0,0,0,0,0,0,0,0,0
0.003595,0.003598,0.003727,0,0,0,0,0,0,0,0,0,0,0,0
0.003615,0.003573,0.003316,0,0,0,0,0,0,0,0,0,0,0,0
0.003564,0.003464,0.003516,0,0,0,0,0,0,0,0,0,0,0,0
0.0034,0.003375,0.003383,0,0,0,0,0,0,0,0,0,0,0,0
0.003379,0.003432,0.00354,0,0,0,0,0,0,0,0,0,0,0,0
0.003021,0.003091,0.003924,0,0,0,0,0,0,0,0,0,0,0,0
0.003615,0.002993,0.00594,0,0,0,0,0,0,0,0,0,0,0,0
0.003375,0.003138,0.005379,0,0,0,0,0,0,0,0,0,0,0,0
0.003428,0.003854,0.004957,0,0,0,0,0,0,0,0,0,0,0,0
0.003515,0.006024,0.004868,0,0,0,0,0,0,0,0,0,0,0,0
0.003118,0.005909,0.004236,0,0,0,0,0,0,0,0,0,0,0,0
0.003757,0.00496,0.00379,0,0,0,0,0,0,0,0,0,0,0,0
0.003308,0.004954,0.003553,0,0,0,0,0,0,0,0,0,0,0,0
0.003598,0.004238,0.003584,0,0,0,0,0,0,0,0,0,0,0,0
0.003368,0.004262,0.003187,0,0,0,0,0,0,0,0,0,0,0,0
0.003946,0.003561,0.003724,0,0,0,0,0,0,0,0,0,0,0,0
0.003319,0.003623,0.003561,0,0,0,0,0,0,0,0,0,0,0,0
0.003322,0.00351,0.003585,0,0,0,0,0,0,0,0,0,0,0,0
0.003133,0.003329,0.00318,0,0,0,0,0,0,0,0,0,0,0,0
0.003657,0.003135,0.003473,0,0,0,0,0,0,0,0,0,0,0,0
0.003285,0.003058,0.003827,0,0,0,0,0,0,0,0,0,0,0,0
0.004133,0.003012,0.004342,0,0,0,0,0,0,0,0,0,0,0,0
0.005812,0.003126,0.004162,0,0,0,0,0,0,0,0,0,0,0,0
0.005749,0.003052,0.004563,0,0,0,0,0,0,0,0,0,0,0,0
0.004864,0.003034,0.003589,0,0,0,0,0,0,0,0,0,0,0,0
0.004841,0.003061,0.003239,0,0,0,0,0,0,0,0,0,0,0,0
0.003949,0.003856,0.003722,0,0,0,0,0,0,0,0,0,0,0,0
0.004118,0.003084,0.003502,0,0,0,0,0,0,0,0,0,0,0,0
0.003598,0.00359,0.004175,0,0,0,0,0,0,0,0,0,0,0,0
0.003479,0.003225,0.00366,0,0,0,0,0,0,0,0,0,0,0,0
0.003513,0.003535,0.003606,0,0,0,0,0,0,0,0,0,0,0,0
0.003389,0.004038,0.003709,0,0,0,0,0,0,0,0,0,0,0,0
0.003385,0.005974,0.00575,0,0,0,0,0,0,0,0,0,0,0,0
0.00324,0.005853,0.004279,0,0,0,0,0,0,0,0,0,0,0,0
0.003121,0.005195,0.00428,0,0,0,0,0,0,0,0,0,0,0,0
0.003157,0.00491,0.004157,0,0,0,0,0,0,0,0,0,0,0,0
0.003272,0.003852,0.002995,0,0,0,0,0,0,0,0,0,0,0,0
0.003228,0.003937,0.003382,0,0,0,0,0,0,0,0,0,0,0,0
0.003245,0.003595,0.003166,0,0,0,0,0,0,0,0,0,0,0,0
0.004111,0.003268,0.00395,0,0,0,0,0,0,0,0,0,0,0,0
0.005846,0.003341,0.003049,0,0,0,0,0,0,0,0,0,0,0,0
0.005757,0.003659,0.003712,0,0,0,0,0,0,0,0,0,0,0,0
0.004618,0.006322,0.003434,0,0,0,0,0,0,0,0,0,0,0,0
0.005336,0.0059,0.003772,0,0,0,0,0,0,0,0,0,0,0,0
0.003734,0.005261,0.003813,0,0,0,0,0,0,0,0,0,0,0,0
0.003698,0.004739,0.003674,0,0,0,0,0,0,0,0,0,0,0,0
0.003531,0.004135,0.003744,0,0,0,0,0,0,0,0,0,0,0,0
0.003281,0.003846,0.004076,0,0,0,0,0,0,0,0,0,0,0,0
0.003474,0.004193,0.003525,0,0,0,0,0,0,0,0,0,0,0,0
0.003219,0.003545,0.00337,0,0,0,0,0,0,0,0,0,0,0,0
0.00313,0.004059,0.003367,0,0,0,0,0,0,0,0,0,0,0,0
NaN,NaN,NaN,0,0,0,0,0,0,0,0,0,0,0,0
NaN,NaN,NaN,0,0,0,0,0,0,0,0,0,0,0,0
NaN,NaN,NaN,0,0,0,0,0,0,0,0,0,0,0,0
NaN,NaN,NaN,0,0,0,0,0,0,0,0,0,0,0,0
0.000276,0.000154,0.00072,0,0,0,0,0,0,0,0,0,0,0,0
0.22774,0.21222,0.24503,0,0,0,0,0,0,0,0,0,0,0,0
0.003308,0.003536,0.003308,0,0,0,0,0,0,0,0,0,0,0,0
0.003131,0.003294,0.002898,0,0,0,0,0,0,0,0,0,0,0,0
0.003102,0.003341,0.003223,0,0,0,0,0,0,0,0,0,0,0,0
0.003062,0.004079,0.003639,0,0,0,0,0,0,0,0,0,0,0,0
0.003152,0.005743,0.003437,0,0,0,0,0,0,0,0,0,0,0,0
0.003132,0.005526,0.003278,0,0,0,0,0,0,0,0,0,0,0,0
0.003254,0.005369,0.003474,0,0,0,0,0,0,0,0,0,0,0,0
0.00308,0.004685,0.003446,0,0,0,0,0,0,0,0,0,0,0,0
0.003049,0.004613,0.003463,0,0,0,0,0,0,0,0,0,0,0,0
0.003045,0.004176,0.003473,0,0,0,0,0,0,0,0,0,0,0,0
0.003293,0.003977,0.003555,0,0,0,0,0,0,0,0,0,0,0,0
0.003551,0.003458,0.003268,0,0,0,0,0,0,0,0,0,0,0,0
0.003968,0.003553,0.003552,0,0,0,0,0,0,0,0,0,0,0,0
0.00594,0.003226,0.003318,0,0,0,0,0,0,0,0,0,0,0,0
0.005278,0.003105,0.004138,0,0,0,0,0,0,0,0,0,0,0,0
0.004953,0.003085,0.003061,0,0,0,0,0,0,0,0,0,0,0,0
0.004437,0.003135,0.003081,0,0,0,0,0,0,0,0,0,0,0,0
0.004419,0.003556,0.003668,0,0,0,0,0,0,0,0,0,0,0,0
0.005741,0.006,0.003143,0,0,0,0,0,0,0,0,0,0,0,0
0.005809,0.005776,0.003507,0,0,0,0,0,0,0,0,0,0,0,0
0.005275,0.004747,0.003327,0,0,0,0,0,0,0,0,0,0,0,0
0.005858,0.004513,0.003532,0,0,0,0,0,0,0,0,0,0,0,0
0.006552,0.004255,0.005022,0,0,0,0,0,0,0,0,0,0,0,0
0.004924,0.004024,0.003212,0,0,0,0,0,0,0,0,0,0,0,0
0.005101,0.003503,0.003171,0,0,0,0,0,0,0,0,0,0,0,0
0.003919,0.003385,0.003204,0,0,0,0,0,0,0,0,0,0,0,0
0.003949,0.003424,0.003028,0,0,0,0,0,0,0,0,0,0,0,0
0.003404,0.003303,0.00317,0,0,0,0,0,0,0,0,0,0,0,0
0.003427,0.00312,0.003235,0,0,0,0,0,0,0,0,0,0,0,0
0.00321,0.002953,0.003667,0,0,0,0,0,0,0,0,0,0,0,0
0.003054,0.002914,0.003161,0,0,0,0,0,0,0,0,0,0,0,0
0.003185,0.003138,0.002968,0,0,0,0,0,0,0,0,0,0,0,0
0.003429,0.003039,0.002926,0,0,0,0,0,0,0,0,0,0,0,0
0.003476,0.003003,0.002865,0,0,0,0,0,0,0,0,0,0,0,0
0.003318,0.003031,0.003473,0,0,0,0,0,0,0,0,0,0,0,0
0.003189,0.003729,0.00334,0,0,0,0,0,0,0,0,0,0,0,0
0.002915,0.003192,0.003386,0,0,0,0,0,0,0,0,0,0,0,0
0.003027,0.00354,0.003752,0,0,0,0,0,0,0,0,0,0,0,0
0.002929,0.003567,0.003894,0,0,0,0,0,0,0,0,0,0,0,0
0.002974,0.00399,0.003257,0,0,0,0,0,0,0,0,0,0,0,0
0.002939,0.005873,0.00316,0,0,0,0,0,0,0,0,0,0,0,0
0.00303,0.005138,0.003638,0,0,0,0,0,0,0,0,0,0,0,0
0.003098,0.004794,0.003371,0,0,0,0,0,0,0,0,0,0,0,0
0.002943,0.004299,0.003587,0,0,0,0,0,0,0,0,0,0,0,0
0.003571,0.004754,0.003516,0,0,0,0,0,0,0,0,0,0,0,0
NaN,NaN,NaN,0,0,0,0,0,0,0,0,0,0,0,0
NaN,NaN,NaN,0,0,0,0,0,0,0,0,0,0,0,0
NaN,NaN,NaN,0,0,0,0,0,0,0,0,0,0,0,0
NaN,NaN,NaN,0,0,0,0,0,0,0,0,0,0,0,0
0.000169,0.000153,0.000175,0,0,0,0,0,0,0,0,0,0,0,0
0.21422,0.23748,0.22218,0,0,0,0,0,0,0,0,0,0,0,0
0.003065,0.003274,0.003258,0,0,0,0,0,0,0,0,0,0,0,0
0.003158,0.003005,0.00311,0,0,0,0,0,0,0,0,0,0,0,0
0.003042,0.003262,0.003846,0,0,0,0,0,0,0,0,0,0,0,0
0.002971,0.003531,0.00558,0,0,0,0,0,0,0,0,0,0,0,0
0.003182,0.003534,0.005705,0,0,0,0,0,0,0,0,0,0,0,0
0.003048,0.003397,0.006214,0,0,0,0,0,0,0,0,0,0,0,0
0.002989,0.003444,0.004773,0,0,0,0,0,0,0,0,0,0,0,0
0.002924,0.003389,0.004235,0,0,0,0,0,0,0,0,0,0,0,0
0.003011,0.003567,0.004147,0,0,0,0,0,0,0,0,0,0,0,0
0.002974,0.003845,0.004413,0,0,0,0,0,0,0,0,0,0,0,0
0.003172,0.00586,0.003883,0,0,0,0,0,0,0,0,0,0,0,0
0.003323,0.005397,0.003323,0,0,0,0,0,0,0,0,0,0,0,0
0.003522,0.004894,0.003364,0,0,0,0,0,0,0,0,0,0,0,0
0.003429,0.005189,0.003522,0,0,0,0,0,0,0,0,0,0,0,0
0.003432,0.004091,0.003572,0,0,0,0,0,0,0,0,0,0,0,0
0.003355,0.003836,0.003394,0,0,0,0,0,0,0,0,0,0,0,0
0.003263,0.003482,0.003871,0,0,0,0,0,0,0,0,0,0,0,0
0.003337,0.003527,0.003281,0,0,0,0,0,0,0,0,0,0,0,0
0.0029,0.003159,0.003139,0,0,0,0,0,0,0,0,0,0,0,0
0.002975,0.003202,0.003499,0,0,0,0,0,0,0,0,0,0,0,0
0.002916,0.003197,0.003454,0,0,0,0,0,0,0,0,0,0,0,0
0.002833,0.002982,0.003488,0,0,0,0,0,0,0,0,0,0,0,0
0.002901,0.003793,0.003304,0,0,0,0,0,0,0,0,0,0,0,0
0.003034,0.005728,0.003542,0,0,0,0,0,0,0,0,0,0,0,0
0.003155,0.005342,0.003567,0,0,0,0,0,0,0,0,0,0,0,0
0.003106,0.004359,0.003411,0,0,0,0,0,0,0,0,0,0,0,0
0.003419,0.004444,0.003384,0,0,0,0,0,0,0,0,0,0,0,0
0.003586,0.003712,0.003492,0,0,0,0,0,0,0,0,0,0,0,0
0.003286,0.003701,0.003692,0,0,0,0,0,0,0,0,0,0,0,0
0.002904,0.003424,0.003301,0,0,0,0,0,0,0,0,0,0,0,0
0.002852,0.003274,0.003374,0,0,0,0,0,0,0,0,0,0,0,0
0.002995,0.00324,0.003509,0,0,0,0,0,0,0,0,0,0,0,0
0.00292,0.002959,0.003464,0,0,0,0,0,0,0,0,0,0,0,0
0.002981,0.002947,0.003555,0,0,0,0,0,0,0,0,0,0,0,0
0.002966,0.003101,0.003542,0,0,0,0,0,0,0,0,0,0,0,0
0.0028,0.003006,0.006407,0,0,0,0,0,0,0,0,0,0,0,0
0.003521,0.003002,0.003165,0,0,0,0,0,0,0,0,0,0,0,0
0.003299,0.00295,0.003,0,0,0,0,0,0,0,0,0,0,0,0
0.003692,0.003418,0.003339,0,0,0,0,0,0,0,0,0,0,0,0
0.00325,0.003458,0.003335,0,0,0,0,0,0,0,0,0,0,0,0
0.003654,0.003438,0.003267,0,0,0,0,0,0,0,0,0,0,0,0
0.003284,0.003085,0.00293,0,0,0,0,0,0,0,0,0,0,0,0
0.003497,0.002927,0.002948,0,0,0,0,0,0,0,0,0,0,0,0
0.003429,0.003123,0.002958,0,0,0,0,0,0,0,0,0,0,0,0
0.003497,0.0032,0.003027,0,0,0,0,0,0,0,0,0,0,0,0
0.003371,0.003113,0.003488,0,0,0,0,0,0,0,0,0,0,0,0
0.003103,0.002917,0.003431,0,0,0,0,0,0,0,0,0,0,0,0
0.002862,0.002956,0.003282,0,0,0,0,0,0,0,0,0,0,0,0
0.003394,0.002966,0.003732,0,0,0,0,0,0,0,0,0,0,0,0
0.005422,0.003076,0.005502,0,0,0,0,0,0,0,0,0,0,0,0
0.005574,0.003603,0.005591,0,0,0,0,0,0,0,0,0,0,0,0
0.005182,0.00328,0.004701,0,0,0,0,0,0,0,0,0,0,0,0
0.005283,0.003427,0.004514,0,0,0,0,0,0,0,0,0,0,0,0
0.004443,0.003458,0.004129,0,0,0,0,0,0,0,0,0,0,0,0
0.004646,0.003698,0.004211,0,0,0,0,0,0,0,0,0,0,0,0
0.005688,0.003477,0.003688,0,0,0,0,0,0,0,0,0,0,0,0
0.005555,0.003338,0.003481,0,0,0,0,0,0,0,0,0,0,0,0
0.005298,0.003525,0.003251,0,0,0,0,0,0,0,0,0,0,0,0
0.005802,0.003539,0.003524,0,0,0,0,0,0,0,0,0,0,0,0
0.005811,0.003928,0.003868,0,0,0,0,0,0,0,0,0,0,0,0
0.004451,0.005521,0.005675,0,0,0,0,0,0,0,0,0,0,0,0
0.004695,0.005655,0.005153,0,0,0,0,0,0,0,0,0,0,0,0
0.005961,0.005303,0.005076,0,0,0,0,0,0,0,0,0,0,0,0
0.005848,0.004744,0.005774,0,0,0,0,0,0,0,0,0,0,0,0
0.005742,0.004876,0.005632,0,0,0,0,0,0,0,0,0,0,0,0
0.005275,0.006379,0.005334,0,0,0,0,0,0,0,0,0,0,0,0
0.005206,0.005656,0.004292,0,0,0,0,0,0,0,0,0,0,0,0
0.00443,0.005085,0.003918,0,0,0,0,0,0,0,0,0,0,0,0
0.004715,0.004659,0.003864,0,0,0,0,0,0,0,0,0,0,0,0
0.005791,0.004358,0.003321,0,0,0,0,0,0,0,0,0,0,0,0
0.0056,0.003743,0.003306,0,0,0,0,0,0,0,0,0,0,0,0
0.005259,0.00381,0.00316,0,0,0,0,0,0,0,0,0,0,0,0
0.005991,0.003344,0.003073,0,0,0,0,0,0,0,0,0,0,0,0
0.005921,0.003291,0.003108,0,0,0,0,0,0,0,0,0,0,0,0
0.004641,0.003063,0.003396,0,0,0,0,0,0,0,0,0,0,0,0
0.004465,0.002914,0.0029,0,0,0,0,0,0,0,0,0,0,0,0
0.003628,0.002919,0.003418,0,0,0,0,0,0,0,0,0,0,0,0
0.003651,0.002947,0.003393,0,0,0,0,0,0,0,0,0,0,0,0
0.003405,0.003021,0.003487,0,0,0,0,0,0,0,0,0,0,0,0
0.003344,0.003226,0.003497,0,0,0,0,0,0,0,0,0,0,0,0
0.003316,0.003527,0.003364,0,0,0,0,0,0,0,0,0,0,0,0
0.003044,0.003399,0.003576,0,0,0,0,0,0,0,0,0,0,0,0
0.003815,0.003478,0.003406,0,0,0,0,0,0,0,0,0,0,0,0
0.003669,0.003657,0.003467,0,0,0,0,0,0,0,0,0,0,0,0
0.005798,0.003294,0.003435,0,0,0,0,0,0,0,0,0,0,0,0
0.005182,0.00351,0.003589,0,0,0,0,0,0,0,0,0,0,0,0
0.005123,0.003547,0.003321,0,0,0,0,0,0,0,0,0,0,0,0
0.004016,0.003337,0.003361,0,0,0,0,0,0,0,0,0,0,0,0
0.004692,0.004282,0.003198,0,0,0,0,0,0,0,0,0,0,0,0
0.003283,0.005726,0.003038,0,0,0,0,0,0,0,0,0,0,0,0
0.003578,0.005753,0.003088,0,0,0,0,0,0,0,0,0,0,0,0
0.003312,0.005374,0.003001,0,0,0,0,0,0,0,0,0,0,0,0
0.003457,0.005203,0.002954,0,0,0,0,0,0,0,0,0,0,0,0
0.003728,0.004446,0.003076,0,0,0,0,0,0,0,0,0,0,0,0
0.003207,0.004253,0.002968,0,0,0,0,0,0,0,0,0,0,0,0
0.003633,0.003928,0.004132,0,0,0,0,0,0,0,0,0,0,0,0
0.003505,0.004611,0.003102,0,0,0,0,0,0,0,0,0,0,0,0
0.003799,0.003635,0.003006,0,0,0,0,0,0,0,0,0,0,0,0
0.005652,0.003473,0.002955,0,0,0,0,0,0,0,0,0,0,0,0
0.005596,0.003478,0.003746,0,0,0,0,0,0,0,0,0,0,0,0
0.004892,0.003216,0.005935,0,0,0,0,0,0,0,0,0,0,0,0
0.004858,0.003277,0.005426,0,0,0,0,0,0,0,0,0,0,0,0
0.003775,0.003574,0.00433,0,0,0,0,0,0,0,0,0,0,0,0
0.003787,0.003341,0.004334,0,0,0,0,0,0,0,0,0,0,0,0
0.003642,0.003629,0.003571,0,0,0,0,0,0,0,0,0,0,0,0
0.003283,0.003362,0.004022,0,0,0,0,0,0,0,0,0,0,0,0
0.003385,0.003294,0.003827,0,0,0,0,0,0,0,0,0,0,0,0
0.00373,0.003589,0.003663,0,0,0,0,0,0,0,0,0,0,0,0
0.005745,0.003559,0.00331,0,0,0,0,0,0,0,0,0,0,0,0
0.005857,0.003515,0.004195,0,0,0,0,0,0,0,0,0,0,0,0
0.005685,0.00323,0.005971,0,0,0,0,0,0,0,0,0,0,0,0
0.004935,0.003678,0.006116,0,0,0,0,0,0,0,0,0,0,0,0
0.004506,0.003429,0.006184,0,0,0,0,0,0,0,0,0,0,0,0
0.003991,0.003626,0.004342,0,0,0,0,0,0,0,0,0,0,0,0
0.003801,0.003228,0.00337,0,0,0,0,0,0,0,0,0,0,0,0
0.003847,0.003613,0.004052,0,0,0,0,0,0,0,0,0,0,0,0
0.005663,0.003411,0.006383,0,0,0,0,0,0,0,0,0,0,0,0
0.006308,0.003483,0.005577,0,0,0,0,0,0,0,0,0,0,0,0
0.005005,0.003539,0.005503,0,0,0,0,0,0,0,0,0,0,0,0
0.005093,0.00337,0.005921,0,0,0,0,0,0,0,0,0,0,0,0
0.004228,0.003456,0.005854,0,0,0,0,0,0,0,0,0,0,0,0
0.003574,0.003607,0.004709,0,0,0,0,0,0,0,0,0,0,0,0
0.003453,0.003408,0.005009,0,0,0,0,0,0,0,0,0,0,0,0
0.003302,0.003455,0.003674,0,0,0,0,0,0,0,0,0,0,0,0
0.003426,0.003343,0.003656,0,0,0,0,0,0,0,0,0,0,0,0
0.003293,0.004791,0.003352,0,0,0,0,0,0,0,0,0,0,0,0
0.003387,0.005678,0.003247,0,0,0,0,0,0,0,0,0,0,0,0
0.002894,0.004054,0.003202,0,0,0,0,0,0,0,0,0,0,0,0
NaN,NaN,NaN,0,0,0,0,0,0,0,0,0,0,0,0
NaN,NaN,NaN,0,0,0,0,0,0,0,0,0,0,0,0
NaN,NaN,NaN,0,0,0,0,0,0,0,0,0,0,0,0
NaN,NaN,NaN,0,0,0,0,0,0,0,0,0,0,0,0
0.000164,0.00013,0.000167,0,0,0,0,0,0,0,0,0,0,0,0
0.21476,0.23262,0.22138,0,0,0,0,0,0,0,0,0,0,0,0
0.002768,0.006086,0.003246,0,0,0,0,0,0,0,0,0,0,0,0
0.002844,0.003744,0.003096,0,0,0,0,0,0,0,0,0,0,0,0
0.003095,0.002889,0.003131,0,0,0,0,0,0,0,0,0,0,0,0
0.002534,0.003003,0.003165,0,0,0,0,0,0,0,0,0,0,0,0
0.002615,0.003005,0.002734,0,0,0,0,0,0,0,0,0,0,0,0
0.00266,0.002887,0.002826,0,0,0,0,0,0,0,0,0,0,0,0
0.002557,0.003233,0.003122,0,0,0,0,0,0,0,0,0,0,0,0
0.003301,0.003505,0.003005,0,0,0,0,0,0,0,0,0,0,0,0
0.00323,0.00304,0.002909,0,0,0,0,0,0,0,0,0,0,0,0
0.002632,0.004031,0.003044,0,0,0,0,0,0,0,0,0,0,0,0
0.00264,0.002957,0.003102,0,0,0,0,0,0,0,0,0,0,0,0
0.002336,0.003156,0.002947,0,0,0,0,0,0,0,0,0,0,0,0
0.002824,0.003736,0.003346,0,0,0,0,0,0,0,0,0,0,0,0
0.002765,0.003216,0.003074,0,0,0,0,0,0,0,0,0,0,0,0
0.003443,0.003489,0.003152,0,0,0,0,0,0,0,0,0,0,0,0
0.003427,0.005976,0.002737,0,0,0,0,0,0,0,0,0,0,0,0
0.00304,0.006059,0.002776,0,0,0,0,0,0,0,0,0,0,0,0
0.00281,0.004517,0.003357,0,0,0,0,0,0,0,0,0,0,0,0
0.002467,0.004427,0.003208,0,0,0,0,0,0,0,0,0,0,0,0
0.002717,0.00358,0.003157,0,0,0,0,0,0,0,0,0,0,0,0
0.002664,0.003397,0.002693,0,0,0,0,0,0,0,0,0,0,0,0
0.002774,0.003186,0.002831,0,0,0,0,0,0,0,0,0,0,0,0
0.00279,0.003655,0.003318,0,0,0,0,0,0,0,0,0,0,0,0
0.002673,0.003514,0.00398,0,0,0,0,0,0,0,0,0,0,0,0
0.002568,0.003327,0.003046,0,0,0,0,0,0,0,0,0,0,0,0
0.002617,0.003175,0.002443,0,0,0,0,0,0,0,0,0,0,0,0
0.002566,0.002618,0.002614,0,0,0,0,0,0,0,0,0,0,0,0
0.002924,0.002645,0.002601,0,0,0,0,0,0,0,0,0,0,0,0
0.002642,0.00278,0.002593,0,0,0,0,0,0,0,0,0,0,0,0
0.002591,0.002624,0.003086,0,0,0,0,0,0,0,0,0,0,0,0
0.002633,0.002845,0.002702,0,0,0,0,0,0,0,0,0,0,0,0
0.002533,0.004211,0.0026,0,0,0,0,0,0,0,0,0,0,0,0
0.003123,0.003218,0.002603,0,0,0,0,0,0,0,0,0,0,0,0
0.002688,0.003632,0.002632,0,0,0,0,0,0,0,0,0,0,0,0
0.002714,0.002671,0.002654,0,0,0,0,0,0,0,0,0,0,0,0
0.002718,0.003209,0.002795,0,0,0,0,0,0,0,0,0,0,0,0
0.002622,0.003157,0.002554,0,0,0,0,0,0,0,0,0,0,0,0
0.003086,0.00288,0.002579,0,0,0,0,0,0,0,0,0,0,0,0
0.002809,0.00266,0.003107,0,0,0,0,0,0,0,0,0,0,0,0
0.002573,0.003236,0.003266,0,0,0,0,0,0,0,0,0,0,0,0
0.002551,0.002763,0.003432,0,0,0,0,0,0,0,0,0,0,0,0
0.002607,0.002751,0.002836,0,0,0,0,0,0,0,0,0,0,0,0
0.002701,0.003162,0.003054,0,0,0,0,0,0,0,0,0,0,0,0
0.002881,0.003434,0.003491,0,0,0,0,0,0,0,0,0,0,0,0
0.00258,0.003456,0.002682,0,0,0,0,0,0,0,0,0,0,0,0
0.002607,0.003203,0.0026,0,0,0,0,0,0,0,0,0,0,0,0
0.002709,0.004152,0.002812,0,0,0,0,0,0,0,0,0,0,0,0
0.002671,0.003672,0.002623,0,0,0,0,0,0,0,0,0,0,0,0
0.003136,0.004325,0.002615,0,0,0,0,0,0,0,0,0,0,0,0
0.002682,0.003542,0.002637,0,0,0,0,0,0,0,0,0,0,0,0
0.002576,0.003086,0.002609,0,0,0,0,0,0,0,0,0,0,0,0
0.002642,0.003404,0.002557,0,0,0,0,0,0,0,0,0,0,0,0
0.002607,0.003108,0.002659,0,0,0,0,0,0,0,0,0,0,0,0
0.002666,0.003089,0.002655,0,0,0,0,0,0,0,0,0,0,0,0
0.002702,0.002909,0.002635,0,0,0,0,0,0,0,0,0,0,0,0
NaN,NaN,NaN,0,0,0,0,0,0,0,0,0,0,0,0
NaN,NaN,NaN,0,0,0,0,0,0,0,0,0,0,0,0
NaN,NaN,NaN,0,0,0,0,0,0,0,0,0,0,0,0
NaN,NaN,NaN,0,0,0,0,0,0,0,0,0,0,0,0
0.00015,0.00015,0.00015,0,0,0,0,0,0,0,0,0,0,0,0
0.21572,0.23583,0.22722,0,0,0,0,0,0,0,0,0,0,0,0
0.003308,0.003603,0.003426,0,0,0,0,0,0,0,0,0,0,0,0
0.003153,0.003136,0.003483,0,0,0,0,0,0,0,0,0,0,0,0
0.003113,0.00303,0.003485,0,0,0,0,0,0,0,0,0,0,0,0
0.003127,0.003066,0.003414,0,0,0,0,0,0,0,0,0,0,0,0
0.003211,0.003696,0.003477,0,0,0,0,0,0,0,0,0,0,0,0
0.003394,0.004066,0.003256,0,0,0,0,0,0,0,0,0,0,0,0
0.00338,0.003161,0.003284,0,0,0,0,0,0,0,0,0,0,0,0
0.003311,0.003153,0.003895,0,0,0,0,0,0,0,0,0,0,0,0
0.003375,0.003123,0.006132,0,0,0,0,0,0,0,0,0,0,0,0
0.003047,0.003187,0.005738,0,0,0,0,0,0,0,0,0,0,0,0
0.003499,0.003086,0.005082,0,0,0,0,0,0,0,0,0,0,0,0
0.003509,0.003098,0.004493,0,0,0,0,0,0,0,0,0,0,0,0
0.003422,0.0032,0.004182,0,0,0,0,0,0,0,0,0,0,0,0
0.003462,0.003567,0.003979,0,0,0,0,0,0,0,0,0,0,0,0
0.003994,0.003209,0.003559,0,0,0,0,0,0,0,0,0,0,0,0
0.005897,0.003107,0.003607,0,0,0,0,0,0,0,0,0,0,0,0
0.005476,0.00338,0.003155,0,0,0,0,0,0,0,0,0,0,0,0
0.005024,0.003463,0.003148,0,0,0,0,0,0,0,0,0,0,0,0
0.004552,0.003533,0.003158,0,0,0,0,0,0,0,0,0,0,0,0
0.004369,0.00307,0.003084,0,0,0,0,0,0,0,0,0,0,0,0
0.00515,0.003247,0.003053,0,0,0,0,0,0,0,0,0,0,0,0
0.00628,0.003679,0.003126,0,0,0,0,0,0,0,0,0,0,0,0
0.004885,0.003243,0.003542,0,0,0,0,0,0,0,0,0,0,0,0
0.005372,0.003439,0.003933,0,0,0,0,0,0,0,0,0,0,0,0
0.005897,0.004019,0.005808,0,0,0,0,0,0,0,0,0,0,0,0
0.00574,0.005947,0.005373,0,0,0,0,0,0,0,0,0,0,0,0
0.005662,0.005825,0.005252,0,0,0,0,0,0,0,0,0,0,0,0
0.005232,0.0055,0.005077,0,0,0,0,0,0,0,0,0,0,0,0
0.005993,0.005271,0.004659,0,0,0,0,0,0,0,0,0,0,0,0
0.005904,0.004074,0.003626,0,0,0,0,0,0,0,0,0,0,0,0
0.0056,0.004198,0.003603,0,0,0,0,0,0,0,0,0,0,0,0
0.005059,0.004364,0.003593,0,0,0,0,0,0,0,0,0,0,0,0
0.004037,0.003734,0.003475,0,0,0,0,0,0,0,0,0,0,0,0
0.004073,0.003566,0.003617,0,0,0,0,0,0,0,0,0,0,0,0
0.004557,0.003528,0.003137,0,0,0,0,0,0,0,0,0,0,0,0
0.005874,0.006241,0.00324,0,0,0,0,0,0,0,0,0,0,0,0
0.005905,0.00614,0.003209,0,0,0,0,0,0,0,0,0,0,0,0
0.005585,0.005992,0.003121,0,0,0,0,0,0,0,0,0,0,0,0
0.004887,0.004909,0.003213,0,0,0,0,0,0,0,0,0,0,0,0
0.004326,0.004875,0.003022,0,0,0,0,0,0,0,0,0,0,0,0
0.00439,0.004648,0.003173,0,0,0,0,0,0,0,0,0,0,0,0
0.004282,0.003933,0.003161,0,0,0,0,0,0,0,0,0,0,0,0
0.00424,0.003529,0.003077,0,0,0,0,0,0,0,0,0,0,0,0
0.003521,0.003553,0.003592,0,0,0,0,0,0,0,0,0,0,0,0
0.003118,0.003586,0.003414,0,0,0,0,0,0,0,0,0,0,0,0
0.003556,0.00435,0.003496,0,0,0,0,0,0,0,0,0,0,0,0
0.003464,0.006794,0.00332,0,0,0,0,0,0,0,0,0,0,0,0
0.003224,0.00637,0.003715,0,0,0,0,0,0,0,0,0,0,0,0
0.003568,0.003677,0.00404,0,0,0,0,0,0,0,0,0,0,0,0
0.003527,0.003451,0.005763,0,0,0,0,0,0,0,0,0,0,0,0
0.003529,0.003631,0.005769,0,0,0,0,0,0,0,0,0,0,0,0
0.003375,0.005794,0.004718,0,0,0,0,0,0,0,0,0,0,0,0
0.003428,0.005828,0.004973,0,0,0,0,0,0,0,0,0,0,0,0
0.003726,0.00652,0.003897,0,0,0,0,0,0,0,0,0,0,0,0
0.002947,0.00615,0.003908,0,0,0,0,0,0,0,0,0,0,0,0
0.003697,0.004461,0.003372,0,0,0,0,0,0,0,0,0,0,0,0
0.004117,0.005433,0.003414,0,0,0,0,0,0,0,0,0,0,0,0
0.005757,0.003591,0.003382,0,0,0,0,0,0,0,0,0,0,0,0
0.005066,0.003502,0.002975,0,0,0,0,0,0,0,0,0,0,0,0
0.004882,0.003512,0.003222,0,0,0,0,0,0,0,0,0,0,0,0
0.00393,0.006277,0.003678,0,0,0,0,0,0,0,0,0,0,0,0
0.004151,0.009365,0.003319,0,0,0,0,0,0,0,0,0,0,0,0
0.004065,0.010982,0.003543,0,0,0,0,0,0,0,0,0,0,0,0
0.003503,0.009077,0.003294,0,0,0,0,0,0,0,0,0,0,0,0
0.003482,0.006608,0.003387,0,0,0,0,0,0,0,0,0,0,0,0
0.003715,0.006337,0.003664,0,0,0,0,0,0,0,0,0,0,0,0
0.003324,0.006341,0.003317,0,0,0,0,0,0,0,0,0,0,0,0
0.003335,0.00486,0.003752,0,0,0,0,0,0,0,0,0,0,0,0
0.003402,0.004097,0.003458,0,0,0,0,0,0,0,0,0,0,0,0
0.003588,0.004859,0.003192,0,0,0,0,0,0,0,0,0,0,0,0
0.003491,0.003991,0.003921,0,0,0,0,0,0,0,0,0,0,0,0
0.003473,0.00356,0.004032,0,0,0,0,0,0,0,0,0,0,0,0
0.003332,0.004157,0.003141,0,0,0,0,0,0,0,0,0,0,0,0
0.003614,0.006362,0.003019,0,0,0,0,0,0,0,0,0,0,0,0
0.003405,0.005917,0.003453,0,0,0,0,0,0,0,0,0,0,0,0
0.003694,0.005193,0.003377,0,0,0,0,0,0,0,0,0,0,0,0
0.003893,0.004418,0.004377,0,0,0,0,0,0,0,0,0,0,0,0
0.005894,0.004169,0.003003,0,0,0,0,0,0,0,0,0,0,0,0
0.00557,0.004409,0.003104,0,0,0,0,0,0,0,0,0,0,0,0
0.004927,0.0039,0.002979,0,0,0,0,0,0,0,0,0,0,0,0
0.004812,0.003525,0.003635,0,0,0,0,0,0,0,0,0,0,0,0
0.004317,0.00326,0.003581,0,0,0,0,0,0,0,0,0,0,0,0
0.00402,0.003453,0.00329,0,0,0,0,0,0,0,0,0,0,0,0
0.003559,0.003456,0.003528,0,0,0,0,0,0,0,0,0,0,0,0
0.003522,0.003243,0.003312,0,0,0,0,0,0,0,0,0,0,0,0
0.003247,0.003277,0.004245,0,0,0,0,0,0,0,0,0,0,0,0
0.00327,0.003395,0.005771,0,0,0,0,0,0,0,0,0,0,0,0
0.003312,0.003379,0.005041,0,0,0,0,0,0,0,0,0,0,0,0
0.003413,0.003515,0.004906,0,0,0,0,0,0,0,0,0,0,0,0
0.003044,0.003292,0.003989,0,0,0,0,0,0,0,0,0,0,0,0
0.002999,0.003851,0.003825,0,0,0,0,0,0,0,0,0,0,0,0
0.002961,0.003658,0.004049,0,0,0,0,0,0,0,0,0,0,0,0
0.0036,0.003235,0.003843,0,0,0,0,0,0,0,0,0,0,0,0
0.003166,0.003169,0.003364,0,0,0,0,0,0,0,0,0,0,0,0
0.003788,0.003717,0.003331,0,0,0,0,0,0,0,0,0,0,0,0
0.00324,0.003507,0.003332,0,0,0,0,0,0,0,0,0,0,0,0
0.003545,0.005943,0.003045,0,0,0,0,0,0,0,0,0,0,0,0
0.003445,0.005213,0.002949,0,0,0,0,0,0,0,0,0,0,0,0
0.003403,0.005136,0.002868,0,0,0,0,0,0,0,0,0,0,0,0
0.003552,0.005873,0.003209,0,0,0,0,0,0,0,0,0,0,0,0
0.003609,0.005606,0.00303,0,0,0,0,0,0,0,0,0,0,0,0
0.003355,0.005914,0.003029,0,0,0,0,0,0,0,0,0,0,0,0
0.003503,0.005258,0.003039,0,0,0,0,0,0,0,0,0,0,0,0
0.004122,0.004887,0.003014,0,0,0,0,0,0,0,0,0,0,0,0
0.00567,0.00498,0.003938,0,0,0,0,0,0,0,0,0,0,0,0
0.005527,0.004928,0.00553,0,0,0,0,0,0,0,0,0,0,0,0
0.00545,0.003938,0.00509,0,0,0,0,0,0,0,0,0,0,0,0
0.005019,0.003763,0.004632,0,0,0,0,0,0,0,0,0,0,0,0
0.004189,0.003259,0.004155,0,0,0,0,0,0,0,0,0,0,0,0
0.004314,0.003321,0.003845,0,0,0,0,0,0,0,0,0,0,0,0
0.006241,0.003499,0.003821,0,0,0,0,0,0,0,0,0,0,0,0
0.005796,0.003003,0.003317,0,0,0,0,0,0,0,0,0,0,0,0
0.004475,0.003055,0.003359,0,0,0,0,0,0,0,0,0,0,0,0
0.004644,0.003398,0.003269,0,0,0,0,0,0,0,0,0,0,0,0
0.003649,0.00373,0.003076,0,0,0,0,0,0,0,0,0,0,0,0
0.003683,0.003693,0.003018,0,0,0,0,0,0,0,0,0,0,0,0
0.00351,0.003524,0.00324,0,0,0,0,0,0,0,0,0,0,0,0
0.003401,0.003192,0.003254,0,0,0,0,0,0,0,0,0,0,0,0
0.003455,0.003795,0.003326,0,0,0,0,0,0,0,0,0,0,0,0
0.003168,0.003724,0.003133,0,0,0,0,0,0,0,0,0,0,0,0
0.00321,0.003609,0.003084,0,0,0,0,0,0,0,0,0,0,0,0
0.00312,0.003538,0.003031,0,0,0,0,0,0,0,0,0,0,0,0
0.003137,0.003208,0.003547,0,0,0,0,0,0,0,0,0,0,0,0
0.003011,0.003501,0.003365,0,0,0,0,0,0,0,0,0,0,0,0
0.003617,0.003474,0.003451,0,0,0,0,0,0,0,0,0,0,0,0
0.004148,0.003473,0.003518,0,0,0,0,0,0,0,0,0,0,0,0
0.005893,0.0033,0.004115,0,0,0,0,0,0,0,0,0,0,0,0
0.005751,0.003402,0.005897,0,0,0,0,0,0,0,0,0,0,0,0
0.004461,0.003187,0.005006,0,0,0,0,0,0,0,0,0,0,0,0
0.005118,0.003345,0.00481,0,0,0,0,0,0,0,0,0,0,0,0
0.004365,0.003347,0.00411,0,0,0,0,0,0,0,0,0,0,0,0
0.006037,0.003364,0.004758,0,0,0,0,0,0,0,0,0,0,0,0
0.00582,0.003358,0.00353,0,0,0,0,0,0,0,0,0,0,0,0
0.005861,0.003566,0.003372,0,0,0,0,0,0,0,0,0,0,0,0
0.004762,0.003637,0.003335,0,0,0,0,0,0,0,0,0,0,0,0
0.004018,0.003444,0.00361,0,0,0,0,0,0,0,0,0,0,0,0
0.003957,0.003354,0.003386,0,0,0,0,0,0,0,0,0,0,0,0
0.004205,0.00344,0.004133,0,0,0,0,0,0,0,0,0,0,0,0
0.003632,0.003558,0.005738,0,0,0,0,0,0,0,0,0,0,0,0
0.003386,0.003456,0.005274,0,0,0,0,0,0,0,0,0,0,0,0
0.003595,0.003602,0.005118,0,0,0,0,0,0,0,0,0,0,0,0
0.003542,0.003314,0.0042,0,0,0,0,0,0,0,0,0,0,0,0
0.003373,0.003153,0.004326,0,0,0,0,0,0,0,0,0,0,0,0
0.003432,0.003505,0.003522,0,0,0,0,0,0,0,0,0,0,0,0
0.003596,0.00329,0.003429,0,0,0,0,0,0,0,0,0,0,0,0
0.003527,0.003876,0.003513,0,0,0,0,0,0,0,0,0,0,0,0
0.003382,0.005023,0.00322,0,0,0,0,0,0,0,0,0,0,0,0
0.003471,0.003011,0.004234,0,0,0,0,0,0,0,0,0,0,0,0
0.003351,0.003358,0.005814,0,0,0,0,0,0,0,0,0,0,0,0
0.003576,0.004078,0.005529,0,0,0,0,0,0,0,0,0,0,0,0
0.003397,0.003143,0.004905,0,0,0,0,0,0,0,0,0,0,0,0
0.003491,0.003242,0.004898,0,0,0,0,0,0,0,0,0,0,0,0
0.003394,0.00312,0.004105,0,0,0,0,0,0,0,0,0,0,0,0
0.003686,0.004815,0.003842,0,0,0,0,0,0,0,0,0,0,0,0
0.003329,0.003275,0.003524,0,0,0,0,0,0,0,0,0,0,0,0
0.003254,0.003353,0.003571,0,0,0,0,0,0,0,0,0,0,0,0
0.003724,0.0036,0.003142,0,0,0,0,0,0,0,0,0,0,0,0
0.003264,0.003584,0.003148,0,0,0,0,0,0,0,0,0,0,0,0
0.003643,0.003237,0.003164,0,0,0,0,0,0,0,0,0,0,0,0
0.003256,0.00376,0.003199,0,0,0,0,0,0,0,0,0,0,0,0
0.003636,0.003513,0.003483,0,0,0,0,0,0,0,0,0,0,0,0
0.003938,0.003683,0.003386,0,0,0,0,0,0,0,0,0,0,0,0
0.005861,0.003206,0.003539,0,0,0,0,0,0,0,0,0,0,0,0
NaN,NaN,NaN,0,0,0,0,0,0,0,0,0,0,0,0
NaN,NaN,NaN,0,0,0,0,0,0,0,0,0,0,0,0
NaN,NaN,NaN,0,0,0,0,0,0,0,0,0,0,0,0
NaN,NaN,NaN,0,0,0,0,0,0,0,0,0,0,0,0
0.000168,0.000151,0.000167,0,0,0,0,0,0,0,0,0,0,0,0
0.20914,0.23193,0.21343,0,0,0,0,0,0,0,0,0,0,0,0
0.00306,0.002762,0.002736,0,0,0,0,0,0,0,0,0,0,0,0
0.002831,0.003092,0.002815,0,0,0,0,0,0,0,0,0,0,0,0
0.002713,0.002658,0.002723,0,0,0,0,0,0,0,0,0,0,0,0
0.002914,0.002589,0.002704,0,0,0,0,0,0,0,0,0,0,0,0
0.002818,0.002378,0.002598,0,0,0,0,0,0,0,0,0,0,0,0
0.002975,0.002695,0.002798,0,0,0,0,0,0,0,0,0,0,0,0
0.003147,0.002651,0.002677,0,0,0,0,0,0,0,0,0,0,0,0
0.003809,0.003308,0.002676,0,0,0,0,0,0,0,0,0,0,0,0
0.003323,0.004377,0.002744,0,0,0,0,0,0,0,0,0,0,0,0
0.003346,0.013934,0.003068,0,0,0,0,0,0,0,0,0,0,0,0
0.003384,0.009839,0.002836,0,0,0,0,0,0,0,0,0,0,0,0
0.003091,0.003559,0.003367,0,0,0,0,0,0,0,0,0,0,0,0
0.003579,0.003618,0.003124,0,0,0,0,0,0,0,0,0,0,0,0
0.003353,0.003872,0.003044,0,0,0,0,0,0,0,0,0,0,0,0
0.002659,0.002769,0.002615,0,0,0,0,0,0,0,0,0,0,0,0
0.002684,0.002803,0.002721,0,0,0,0,0,0,0,0,0,0,0,0
0.002807,0.002619,0.002856,0,0,0,0,0,0,0,0,0,0,0,0
0.002755,0.003063,0.002814,0,0,0,0,0,0,0,0,0,0,0,0
0.002748,0.00356,0.003182,0,0,0,0,0,0,0,0,0,0,0,0
0.003346,0.003843,0.003252,0,0,0,0,0,0,0,0,0,0,0,0
0.002769,0.003223,0.003462,0,0,0,0,0,0,0,0,0,0,0,0
0.002736,0.003285,0.003279,0,0,0,0,0,0,0,0,0,0,0,0
0.002603,0.003369,0.002893,0,0,0,0,0,0,0,0,0,0,0,0
0.002741,0.003202,0.004951,0,0,0,0,0,0,0,0,0,0,0,0
0.002767,0.002615,0.005011,0,0,0,0,0,0,0,0,0,0,0,0
0.003082,0.002446,0.005137,0,0,0,0,0,0,0,0,0,0,0,0
0.00309,0.002634,0.004048,0,0,0,0,0,0,0,0,0,0,0,0
0.002665,0.002613,0.004055,0,0,0,0,0,0,0,0,0,0,0,0
0.002602,0.003218,0.00356,0,0,0,0,0,0,0,0,0,0,0,0
0.002581,0.002607,0.003599,0,0,0,0,0,0,0,0,0,0,0,0
0.002664,0.002512,0.003526,0,0,0,0,0,0,0,0,0,0,0,0
0.003121,0.002632,0.003148,0,0,0,0,0,0,0,0,0,0,0,0
0.002985,0.002683,0.003225,0,0,0,0,0,0,0,0,0,0,0,0
0.002649,0.002855,0.002807,0,0,0,0,0,0,0,0,0,0,0,0
