0.000167
0.22084
0.004493
0.004584
0.004237
0.005287
0.00549
0.004472
0.004761
0.00474
0.005628
0.006441
0.005082
0.005228
0.004579
0.005245
0.005292
0.005048
0.004751
0.005311
0.00482
0.00434
0.004669
0.00445
0.004352
0.004313
0.004469
0.004479
0.004297
0.004293
0.004534
0.004403
0.004384
0.00429
0.004556
0.004816
0.004462
0.004783
0.004726
0.004414
0.004614
0.004281
0.004212
0.004319
0.004846
0.004602
0.0045
0.004938
0.004897
0.005068
0.004414
0.004326
0.004416
0.004727
0.004364
NaN
NaN
NaN
NaN
0.000165
0.22804
0.007689
0.007434
0.00499
0.005799
0.004459
0.003985
0.004413
0.004054
0.003961
0.004208
0.004511
0.004059
0.00393
0.003945
0.003933
0.004568
0.003983
0.00391
0.003908
0.003897
0.003907
0.00504
0.004141
0.00408
NaN
NaN
NaN
NaN
0.00018
0.24192
0.004284
0.00382
0.003908
0.003845
0.003887
0.004289
0.003868
0.004017
0.004157
0.004237
0.004321
0.004014
0.004039
0.003946
NaN
NaN
NaN
NaN
0.00017
0.22258
0.0047
0.004309
0.004486
0.004237
0.004735
0.004294
0.004345
NaN
NaN
NaN
NaN
0.000166
0.23964
0.003697
0.003377
0.003809
0.003696
0.003806
0.003962
0.004167
0.004212
0.004466
0.004833
0.004522
0.004512
0.004047
0.00486
0.004438
0.004349
0.003334
0.004273
0.003752
0.004842
0.004685
0.003767
0.003748
0.00343
0.003455
0.00327
0.00365
0.004556
0.003804
0.003196
0.00329
NaN
NaN
NaN
NaN
0.000179
0.2241
0.006461
0.004686
0.005317
0.005093
0.005095
0.004774
0.004684
0.004855
0.004917
0.004915
0.004752
0.004706
0.004902
0.004698
0.004607
0.005154
0.005828
0.006029
0.005505
0.005481
0.005481
0.005307
0.004988
0.005127
0.005225
0.005588
0.010681
0.005709
0.004851
0.005142
0.005104
0.004953
0.006962
0.00494
0.005187
0.005249
0.005452
NaN
NaN
NaN
NaN
0.000153
0.21851
0.005057
0.004585
0.004418
0.004842
0.004648
0.004469
0.004442
0.004363
0.004705
0.004961
0.004706
0.004337
NaN
NaN
NaN
NaN
0.000156
0.23224
0.004706
0.004489
0.004711
0.004597
0.004716
0.00511
0.004697
0.004837
0.004972
0.005077
0.005359
0.0052
0.00481
0.005893
0.00518
0.004653
0.004853
0.005173
0.004721
0.004785
0.004878
0.005265
0.004898
0.004694
0.00504
0.005161
0.004761
0.005186
0.005691
0.004697
0.004786
0.004685
0.004611
0.004901
0.004785
0.004646
0.004654
0.004603
0.004704
0.004536
0.004517
0.004694
0.005627
0.00516
0.005308
0.008184
0.008354
0.007048
0.006377
0.005122
0.005506
0.005938
0.00569
0.004967
0.00448
0.004578
0.004444
0.004544
0.00535
0.004551
0.004608
0.004685
0.004763
0.004457
0.004975
0.004512
0.00452
0.005096
0.004471
0.004623
0.004717
0.00464
0.004475
0.004975
0.004717
0.004567
0.005036
0.004823
0.004717
0.004738
0.004777
0.00454
0.004463
0.004682
0.00467
0.004755
0.004703
0.004649
0.007478
0.009316
0.008102
0.006771
0.005429
0.006808
0.009275
0.007977
0.006399
0.005491
0.004913
0.004914
0.008514
0.009349
0.008029
0.00608
0.005504
0.00474
0.004817
0.005381
0.004838
0.004693
0.007947
NaN
NaN
NaN
NaN
0.000254
0.25705
0.005556
0.005603
0.004801
0.005438
0.005222
0.005233
0.005984
0.009392
0.009064
0.00965
0.010138
0.00637
0.005241
0.005375
0.004928
0.006094
0.004819
0.004747
0.004738
0.005524
0.006077
0.004741
0.007812
0.008929
0.00752
0.010029
0.008046
0.007582
0.006672
0.004981
0.005105
0.009598
0.0104
0.007135
0.005725
0.005667
0.005414
0.006877
0.006266
0.004934
0.005035
0.005535
0.004842
0.005682
0.00569
0.005031
0.005393
0.005068
0.006333
0.006952
0.005418
0.005249
0.005809
0.007352
0.005487
0.005031
0.00478
0.008149
0.00882
0.007201
0.005708
0.005248
0.00563
0.00509
0.00503
0.004798
0.005092
0.005363
0.005267
0.005303
0.004956
0.005241
0.005509
0.004971
0.005659
0.005587
0.00512
0.005282
0.005663
0.005295
0.005089
0.004962
0.004854
0.006384
0.005527
0.00564
0.005507
0.004724
0.004668
0.004836
0.004925
0.005119
0.004912
0.004706
0.005016
0.004863
0.005817
0.005045
0.005172
0.004846
0.004789
NaN
NaN
NaN
NaN
0.000147
0.23536
0.005015
0.004878
0.005786
0.004704
0.005028
0.005724
0.00517
0.004839
0.004976
0.005412
0.004882
0.004584
0.00459
0.004744
0.005821
0.004916
0.006084
0.007749
0.009341
0.008923
0.010377
0.009649
0.007431
0.006882
0.005618
0.005132
0.005495
0.005694
0.006139
0.005076
0.00574
0.005491
0.00504
0.004725
0.004832
0.007741
0.010228
0.008789
0.006421
0.00658
0.006692
0.005489
0.005568
0.004843
0.004756
0.005493
0.005927
0.00481
0.004904
0.005155
0.00497
0.005476
0.006453
0.007916
0.008053
0.007151
0.005671
0.005649
0.007112
0.005118
0.005485
0.005337
0.00773
0.008166
0.00699
0.006126
0.005221
0.004728
0.004596
0.004926
0.004702
0.004813
0.004643
0.004906
0.00466
0.004692
0.004919
0.005121
0.004678
0.004615
0.005062
0.004857
0.004808
0.004744
0.004824
0.004615
0.004627
0.004595
0.004575
0.004691
0.004635
0.004814
0.004667
0.004871
0.00559
0.005238
0.005573
0.004889
0.004711
0.004684
0.005073
0.00505
0.004963
0.005065
0.005097
0.0073
0.006779
0.004741
0.005034
0.00558
0.004862
0.005279
0.004746
0.005184
0.004535
0.004497
0.00509
0.004485
0.004565
0.007041
0.008183
0.006966
0.005564
0.00519
0.004796
0.005033
0.004936
0.004552
0.005388
0.006936
0.005735
0.004585
0.005159
0.005103
0.004399
0.00457
0.004493
0.004694
0.004516
0.00454
0.004494
0.005102
0.004433
0.004684
0.005115
0.006775
0.008609
0.008392
0.007859
0.006128
0.005221
0.004876
0.0046
0.004401
0.00439
0.004683
0.004363
0.004345
0.004525
0.004405
0.004451
0.004271
0.004352
0.004538
0.005557
0.004327
0.004413
0.004426
0.00448
0.004405
0.004755
0.004475
0.004335
0.004534
0.004481
0.004385
0.004511
0.004537
0.004564
0.005097
0.00468
0.004534
0.004614
0.004945
0.004747
0.00475
0.004606
0.004499
0.004469
0.004482
0.004587
0.004438
0.004855
0.004523
0.00448
NaN
NaN
NaN
NaN
0.000181
0.22143
0.004286
0.004471
0.004316
0.004152
0.004042
0.004183
0.004244
0.004379
0.004578
0.004563
0.004807
0.005227
0.004763
0.004363
0.004397
0.004483
0.004378
0.004719
0.004421
0.004453
0.004333
0.004572
0.005081
0.006076
0.004681
0.00417
0.0059
0.004279
0.004352
0.004449
0.004223
0.004261
0.004255
0.006216
NaN
NaN
NaN
NaN
0.000225
0.25633
0.005293
0.00553
0.004337
0.004768
0.005081
0.004624
0.004208
0.006279
0.004791
0.004165
0.004986
0.005093
0.005469
0.005565
0.005324
0.004466
0.00457
0.004591
0.005566
0.005347
0.004382
0.005179
0.004765
0.004857
0.005776
0.005627
0.004677
0.004416
0.004852
0.004973
0.004665
0.004621
0.004728
0.004462
0.004277
0.004329
0.004311
0.004357
0.004922
0.004516
0.004127
0.004883
0.004436
0.005525
0.004554
0.004361
0.0041
0.004049
0.004747
0.005235
0.005229
0.004386
0.004486
0.00411
0.004995
0.005595
0.005198
0.004393
0.004124
0.004471
0.004517
0.004588
0.005627
0.00543
0.004423
0.004634
0.004869
0.004539
0.005644
0.005024
0.004606
0.004411
0.004389
0.00497
0.005399
0.006595
0.007367
0.006816
0.005359
NaN
NaN
NaN
NaN
0.000132
0.26968
0.006877
0.006262
0.006742
0.008474
0.006962
0.006166
0.004623
0.004634
0.004354
0.004121
0.003915
0.005099
0.004591
0.004421
0.004192
0.00373
0.00385
0.008233
0.007123
0.005899
0.005253
0.005276
0.004951
0.004278
0.003774
0.004285
0.004248
0.004503
0.004871
0.005134
0.004315
0.004526
0.004069
0.004069
0.003915
0.004611
0.004487
0.004116
0.004105
0.00585
0.004198
0.004441
0.004473
0.003984
0.004045
0.003996
0.005367
NaN
NaN
NaN
NaN
0.000155
0.23659
0.00367
0.003518
0.003661
0.003539
0.00388
0.003717
0.003883
0.004094
0.003331
0.003628
0.004477
NaN
NaN
NaN
NaN
0.000165
0.22832
0.004589
0.003997
0.003853
0.003897
0.004184
0.003663
0.003647
0.003865
0.003665
0.003456
0.003634
0.003514
0.003657
0.003733
0.00405
0.003533
0.003466
0.003464
0.003265
0.003543
0.003387
0.003367
0.003406
0.003346
0.003237
0.003387
0.003302
0.003335
0.003349
0.003304
0.003377
0.003313
0.003432
0.003345
0.003455
0.003581
0.003489
0.003493
NaN
NaN
NaN
NaN
0.000158
0.22602
0.00351
0.003095
0.003091
0.003114
0.003029
0.003086
0.003133
0.004062
0.006117
0.005697
NaN
NaN
NaN
NaN
0.000179
0.20926
0.003282
0.003999
0.003236
0.003053
0.003134
0.003208
0.003197
0.003126
0.003089
0.003107
0.003042
0.003056
0.003075
0.004279
0.005957
NaN
NaN
NaN
NaN
0.000234
0.24769
0.003476
0.003544
0.00318
0.003045
0.003196
0.003339
0.003854
0.003671
0.003276
0.0036
0.003315
0.003328
0.003448
0.003247
0.003332
0.003255
0.003845
0.003962
NaN
NaN
NaN
NaN
0.000168
0.21132
0.003088
0.002947
0.003133
0.003106
0.003142
0.003185
0.003233
0.003269
0.006243
0.005529
0.005413
0.004617
NaN
NaN
NaN
NaN
0.00016
0.2349
0.003972
0.003129
0.003477
0.003949
0.005976
0.005294
0.005214
0.005877
0.006332
0.00488
0.004365
0.005927
0.006356
0.00554
0.004999
0.004282
0.004178
0.003839
0.003532
0.003578
0.003174
0.00321
0.003052
0.003109
0.002985
0.003176
0.003325
0.00318
0.005039
0.005972
0.006011
0.006048
0.006254
0.004666
0.004042
0.003723
0.003901
0.003522
0.003829
0.003726
0.00483
0.003055
0.003322
0.003131
0.003585
0.003214
0.00345
0.003771
0.003415
0.003375
0.003191
0.003015
0.003521
0.003434
0.00328
0.003516
0.003331
NaN
NaN
NaN
NaN
0.000155
0.2488
0.007435
0.006586
0.005884
0.004737
0.004496
0.004293
0.005169
0.004148
0.004283
0.00425
0.004018
0.00419
0.004238
0.00431
0.004216
0.004674
0.003957
0.004412
0.004025
0.003817
0.004081
NaN
NaN
NaN
NaN
0.00022
0.24088
0.00516
0.00439
0.004348
0.005435
0.004885
0.005009
0.004576
0.004342
0.006262
0.004507
0.005995
0.004581
0.004636
0.004711
0.004474
0.00553
0.004473
0.004238
0.004225
0.004383
0.004399
0.004346
0.005566
0.007583
NaN
NaN
NaN
NaN
0.000151
0.23924
0.005696
0.005891
0.005043
0.005419
0.00547
0.005614
0.005669
0.005732
0.006429
0.005183
0.005264
0.004896
0.004655
0.00534
0.00539
0.009204
NaN
NaN
NaN
NaN
0.000172
0.21724
0.005108
0.004949
0.004839
0.005284
0.004984
0.00518
0.004728
0.004669
0.004784
0.004761
0.004738
0.004491
0.004755
0.009213
0.007321
0.00607
0.005896
0.004629
0.004674
0.004661
0.005171
0.004373
0.00435
0.004661
0.004186
0.004333
NaN
NaN
NaN
NaN
0.000165
0.21663
0.004766
0.004794
0.004313
0.004375
0.004353
0.004562
0.004597
0.004467
0.004503
0.004142
0.004193
0.004241
NaN
NaN
NaN
NaN
0.000138
0.21637
0.005215
0.004621
0.004616
0.004868
0.004558
0.004461
0.005052
0.005313
0.005235
0.004854
0.004666
0.006806
0.008967
0.007209
0.005778
0.005326
0.005184
0.004777
0.004637
0.004674
0.004594
0.004612
0.004518
0.00503
0.004734
0.004755
0.004558
0.004471
0.004413
0.004786
0.004434
0.004428
0.004585
0.006812
0.009114
0.007743
0.008477
0.008852
0.00864
0.006975
0.005886
0.004957
0.004873
0.004837
0.004826
0.004513
0.00496
0.004501
0.004605
0.007179
0.008786
0.006523
0.005802
0.005415
0.004888
0.005407
0.004714
0.004497
0.004606
0.005077
0.005531
0.0092
0.007125
0.006361
0.005762
0.004839
0.005462
0.004639
0.004544
0.004987
0.004551
0.00447
0.004982
0.004585
0.004509
0.004782
0.004402
0.004469
0.00433
0.004492
0.004473
0.004445
0.004416
0.00427
0.004349
0.00454
0.005251
0.004673
0.004644
0.010168
0.007226
0.008819
0.008367
0.008162
0.006529
0.005168
NaN
NaN
NaN
NaN
5.4e-05
0.22319
0.004336
0.004087
0.006468
0.008257
0.007237
0.006371
0.00546
0.004741
0.006732
0.008603
0.007348
0.006478
0.005574
0.004654
0.004873
0.004352
NaN
NaN
NaN
NaN
0.000139
0.21522
0.004774
0.004696
0.004642
0.004763
0.004684
0.005274
0.004583
0.004572
0.005758
NaN
NaN
NaN
NaN
0.000185
0.23183
0.005168
0.00466
0.004552
0.004731
0.005095
0.005164
0.005702
0.006923
0.005088
0.005353
0.005042
0.005898
0.005399
0.005252
0.006265
0.007448
0.005313
0.005017
0.005045
0.008082
0.006701
0.005352
0.004954
0.005343
0.005228
0.007601
0.008396
0.00599
0.006253
0.007253
0.006858
0.005663
0.006484
0.00901
0.008432
0.005959
0.006707
0.005782
0.010025
0.008803
0.00729
0.006425
0.006084
0.005018
0.005467
0.005645
0.005986
0.005113
0.005541
0.004842
NaN
NaN
NaN
NaN
0.000184
0.22047
0.004294
0.004289
0.004126
0.00451
0.004394
0.004729
0.004107
0.004225
0.004209
0.004184
0.004362
0.004174
0.004296
0.004362
0.00439
0.004126
0.004207
0.004141
0.004689
0.004387
0.00447
0.00511
0.004502
0.004372
0.004963
0.00414
0.004261
0.004156
0.004788
0.004523
0.004184
0.004156
0.004599
0.004241
0.004203
NaN
NaN
NaN
NaN
0.000156
0.20982
0.006043
0.004691
0.005279
0.004819
0.00468
0.004579
NaN
NaN
NaN
NaN
0.000155
0.21171
0.00422
0.003785
0.003821
0.004213
0.004009
0.003968
0.003965
0.003865
0.003847
0.004137
0.003994
0.003864
0.004152
0.003808
0.003943
0.003874
0.004497
0.003826
0.003902
0.003901
0.003866
0.003875
0.004371
0.004086
0.004065
0.004047
0.004016
0.004241
0.003807
0.0039
0.004008
0.003923
0.003706
0.003961
0.004594
0.003886
0.004178
0.004021
0.00426
0.004051
0.004042
0.004005
0.004351
0.004338
0.006287
0.005269
NaN
NaN
NaN
NaN
0.000174
0.22409
0.003926
0.003612
0.003496
0.003482
0.003549
0.003519
0.003791
0.003621
0.004498
0.004296
0.004019
0.003329
0.003765
0.005415
0.005381
0.005508
0.004439
0.004053
0.004484
0.00365
0.003715
0.003505
0.003461
0.003592
0.003522
0.00439
0.004956
0.00349
0.003567
0.004671
0.003817
0.003524
0.003408
0.003639
0.003804
0.003756
0.003299
0.003406
0.003198
0.004144
0.00308
0.003252
0.003272
