0.000137
0.21662
0.003221
0.002837
0.002879
0.002847
0.002936
0.002906
0.002777
0.002772
0.00287
0.002957
0.003147
0.003209
0.003615
0.003297
0.003545
0.003465
0.0034
0.003343
0.003079
0.002757
0.004239
0.002822
0.002931
0.002925
0.002822
0.002967
0.003598
0.003419
0.003498
0.003487
0.003339
0.003451
0.0034
0.003295
0.002904
0.002847
0.002816
0.003373
0.002936
0.002971
0.003031
0.003524
0.00367
0.003591
0.003449
0.003308
0.003629
0.004194
0.002919
0.003364
0.003608
0.003343
0.003481
0.0032
0.00303
0.003129
0.003187
0.003086
0.00301
0.002899
0.00295
0.003613
0.003558
0.003592
0.005613
0.005801
0.005846
0.004372
0.004374
0.003767
0.003778
0.003198
0.003063
0.003098
0.003353
0.003445
0.003385
0.003
0.002889
0.002823
0.002915
0.002921
0.003133
0.005533
0.005329
0.005082
0.004138
0.004389
0.004746
0.003674
0.003556
0.003207
0.003167
0.003205
0.003417
0.003432
0.003541
0.003467
0.003168
0.002861
0.002777
0.002923
0.002872
0.002855
0.003385
0.003325
0.003175
0.002985
0.003035
0.002898
0.002866
0.002902
0.003015
0.003119
0.002871
0.002752
0.002715
0.002949
0.002838
0.003451
0.00343
0.00324
0.002985
0.002811
0.002897
0.002982
0.002904
0.003167
0.003467
0.003504
0.003345
0.003125
0.002815
0.002832
0.002955
0.003325
0.002959
0.002821
0.003479
0.003595
0.003449
0.003229
0.002935
0.00285
0.002883
0.002855
0.002876
0.003024
0.003157
0.002988
0.003101
0.005244
0.00532
0.005479
0.004636
0.004461
0.003885
0.003813
0.003083
0.00314
0.00313
0.003044
0.002972
0.002951
0.0034
0.003317
0.003126
0.002829
0.002795
0.00286
0.003011
0.002833
0.003585
0.003404
0.002916
0.002781
0.002827
0.003351
0.005729
0.005413
0.004787
0.004524
0.003498
0.00366
0.003492
0.003467
0.003342
0.003619
0.003595
0.003439
0.003654
0.003598
0.005531
0.00576
0.004717
0.004222
0.003767
0.00371
0.003255
0.003259
0.003284
0.00329
0.003036
0.002888
0.002709
0.003015
0.003036
0.002811
0.002928
0.002844
0.002803
0.003248
0.002998
0.00272
0.00282
0.002825
0.002641
0.003274
0.002924
0.002828
0.002727
0.002887
0.002865
0.002922
0.003743
0.003545
0.003813
0.003531
0.00555
0.005347
0.005197
0.006058
0.004293
0.004241
0.003799
0.003786
0.003614
0.003353
0.003512
0.00341
0.003616
0.005546
0.005455
0.00533
0.004521
0.003633
0.003575
0.003497
0.003145
0.003139
0.003605
0.003729
0.005367
0.005415
0.004931
0.004694
0.0039
0.004072
0.003881
0.00364
0.003569
0.003342
0.003593
0.005349
0.005272
0.004561
0.004572
0.003856
0.004001
0.003811
0.003133
0.003295
0.003186
0.003276
0.003226
0.003101
0.003092
0.003517
0.003635
0.003343
0.003294
0.002899
0.002805
0.00291
0.002852
0.0029
0.003231
0.003048
0.002791
0.002859
0.002901
0.002734
0.002899
0.003007
0.002796
0.002772
0.002851
0.002792
0.00333
0.003308
0.003246
0.002947
0.002947
0.00273
0.002825
0.00274
0.003274
0.002889
0.002783
0.002647
0.002841
0.002906
0.003321
0.003493
0.003566
0.003657
0.003156
0.003402
0.003291
0.003518
0.003698
0.002908
0.002948
0.002936
0.003572
0.002842
0.002845
0.002825
0.003287
0.003016
0.002992
0.002985
0.002901
0.002776
0.002739
0.002864
0.002724
0.002766
0.002884
0.002747
0.003334
0.003252
0.002859
0.002838
0.002819
0.002894
0.002888
0.003098
0.003124
0.003003
0.002807
0.002932
0.002862
0.002886
0.003541
0.007447
0.004957
0.004521
0.005936
0.003661
0.003285
0.003416
0.002993
0.002903
