0.000159
0.20924
0.00351
0.003536
0.003639
0.003565
0.003779
0.00342
0.003441
0.003455
0.003623
0.003598
0.00356
0.003548
0.003796
0.003992
0.00338
0.003371
0.003713
0.003383
0.003559
0.005222
0.004051
0.003583
0.003309
0.003947
0.003478
0.00338
0.00343
0.003762
0.003623
0.003477
0.002674
0.003386
0.003281
0.003314
0.003443
0.002999
0.003046
0.002959
0.003357
0.003171
0.003061
0.003441
0.003488
0.003138
0.003311
0.003174
0.003092
0.003024
0.003232
0.003193
0.003278
0.003398
0.003041
0.003142
0.002823
0.003592
0.003483
0.00338
0.003411
0.003429
0.003571
0.003473
0.003321
0.004867
0.004622
0.003601
0.003774
0.003491
0.003435
0.003379
0.003562
0.004156
0.003027
0.003015
0.002925
0.003837
0.00323
0.003661
0.003863
0.003955
0.003412
0.003378
0.003266
0.003428
0.003892
0.003486
0.003348
0.003314
0.003628
0.003202
0.003545
0.003424
0.003352
0.002614
0.002545
0.00296
0.002839
0.002611
0.002722
0.003021
0.003005
0.002677
0.002723
0.003655
0.003803
0.003398
0.003569
0.003549
0.003535
0.003528
0.003402
0.003648
0.003538
0.003819
0.003406
0.002968
0.003681
0.003268
0.003599
0.003445
0.003802
0.003744
0.003441
0.003501
0.003403
0.003817
0.003334
0.003445
0.003891
0.00371
0.003813
0.004155
0.005258
0.006497
0.006115
0.004955
0.004757
0.004761
0.003885
0.003482
0.003598
0.005321
0.006326
0.00553
0.00599
0.00632
0.005097
0.004746
0.003902
0.003962
0.003593
0.00349
0.003501
0.003558
0.003483
0.003404
0.003441
0.003623
0.003664
0.003654
0.003517
0.003434
0.003497
0.00354
0.003578
0.003577
0.00355
0.003484
0.003498
0.00344
0.003573
0.00372
0.003547
0.003325
0.003347
0.003135
0.003177
0.003508
0.003552
0.003246
0.003488
0.003405
0.003437
0.002965
0.005058
0.005218
0.004676
0.004037
0.004112
0.004818
0.004462
0.004002
0.003961
0.005866
0.006203
0.005224
0.00504
0.003991
0.003797
0.003663
0.003605
0.003541
0.00353
0.003512
0.003511
0.003479
0.003482
0.003474
0.003516
0.003469
0.003449
0.003483
0.00356
0.003418
0.003508
0.003565
0.003589
0.003662
0.003603
0.003374
0.003677
0.003455
0.003288
0.0033
0.00371
0.003529
0.003429
0.003476
0.003619
0.003377
0.003586
0.00372
0.00336
0.003565
0.005278
0.006222
0.005129
0.005037
0.004533
0.004189
0.00363
0.003467
0.00346
0.003381
0.003393
0.003442
0.003386
0.003365
0.003461
0.003482
0.003472
0.003344
0.003484
0.003466
0.003506
0.003445
0.003371
0.003506
0.008447
0.006268
0.005682
0.006632
0.005463
0.005453
0.004546
0.004306
0.003868
0.00364
0.002956
0.003093
0.003696
0.003636
0.00349
0.003405
0.003331
0.00342
0.003358
0.003468
0.003444
0.003607
0.003678
0.00344
0.003076
0.003049
0.003118
0.003139
0.003014
0.002651
0.003092
0.003351
0.003644
0.003656
0.003505
0.003408
0.0034
0.003315
0.003144
0.003241
0.003329
0.003163
0.004359
0.003002
0.002728
0.002749
0.003315
0.00369
0.003359
0.006565
0.006148
0.00433
0.004306
0.004217
0.003437
0.003525
0.003271
0.003171
0.002811
0.003377
0.003475
0.003415
0.003407
0.003471
0.003331
0.003263
0.003066
0.003178
0.003071
0.002996
0.003251
0.00292
0.002668
0.003338
0.003354
0.003381
0.003369
0.003397
0.003273
0.003361
0.002999
0.00312
0.003118
0.003429
0.00325
0.005119
0.00525
0.005233
0.003982
0.003546
0.003401
0.003529
0.003136
0.003609
0.003459
0.003451
0.003529
0.003327
0.003419
0.003327
0.003428
0.003354
0.003376
0.003109
0.003767
0.00351
0.003584
0.003555
0.003418
0.003487
0.003548
0.003555
0.003487
0.003675
0.00346
0.003482
0.006229
0.00498
0.004458
0.005203
0.005298
0.004489
0.004081
0.003862
0.003863
0.003973
0.004579
0.003523
0.003519
0.003533
0.003555
0.00361
0.003597
0.003552
0.00335
0.003588
0.003576
0.003441
0.003473
0.003105
0.00335
0.003603
0.003153
0.003423
0.003442
0.002993
0.002941
0.00304
0.003456
0.003523
0.003473
0.003336
0.003036
0.003005
0.003108
0.003446
0.003791
0.003322
0.003653
0.003492
0.00365
0.003367
0.003877
0.003527
0.003917
0.00367
0.003492
0.003344
0.003437
0.003345
0.003221
0.004252
0.004875
0.003921
0.005084
0.003565
0.003546
0.002939
0.003456
0.003072
0.003008
0.003551
0.003423
0.003609
0.003226
0.003012
0.002761
0.003091
0.003477
0.003511
0.003541
0.003615
0.003354
0.003016
0.003378
0.003283
0.003074
0.00331
0.003802
0.00335
0.003431
0.00294
0.002661
0.002902
0.002653
0.00297
0.003749
0.003476
0.003408
0.003369
0.003352
0.003357
0.003651
0.003424
0.00376
0.004518
0.003968
0.004033
0.003932
0.003636
0.003346
0.003442
0.003029
0.002999
0.003265
0.003452
0.00312
0.003019
0.002668
0.00313
0.002939
0.003016
0.002806
0.002636
0.003315
0.00337
0.003321
0.003719
0.003386
0.003622
0.003465
0.003698
0.003055
0.005765
0.006028
0.005222
0.004973
0.003899
0.004199
0.003928
0.003716
0.003663
0.003318
0.003298
0.003504
0.003305
0.00335
0.003334
0.00312
0.002967
0.004043
0.003509
0.003618
0.003598
0.003568
0.003325
0.003451
0.00352
0.003489
0.003502
0.00352
0.003479
0.003571
0.003904
0.003365
0.003616
0.003266
0.003407
0.003302
0.003815
0.003287
0.003621
0.003635
0.003331
0.003521
0.003497
0.003665
0.003509
0.003548
0.002871
0.003198
0.002905
0.002799
0.002749
0.00277
0.00298
0.003483
0.005095
0.005175
0.005282
0.004919
0.005394
0.005115
0.004855
0.004812
0.004101
0.003403
0.004583
0.005394
0.005373
0.005346
0.004668
0.004136
0.003938
0.003481
0.003098
0.003699
0.003509
0.003555
0.004039
0.003541
0.003419
0.003413
0.003316
0.003274
0.003035
0.003019
0.003354
0.002921
0.003329
0.002611
0.002979
0.003468
0.003296
0.003389
0.003495
0.00363
0.003362
0.003472
0.005362
0.00607
0.005093
0.004991
0.003937
0.003915
0.003461
0.003509
0.003552
0.003585
0.003616
0.003378
0.003385
0.003518
0.003757
0.003589
0.00355
0.003405
0.003522
0.003391
0.003387
0.003408
0.003347
0.003492
0.003523
0.003713
0.003498
0.003387
0.003385
0.003345
0.003485
0.003463
0.003224
0.003137
0.003402
0.003327
0.003051
0.003293
0.003612
0.003418
0.003405
0.003389
0.00301
0.002858
0.00335
0.00335
0.003337
0.003359
0.003094
0.003075
0.003005
0.003163
0.003699
0.003333
0.003565
0.003547
0.003008
0.002793
0.003115
0.003782
0.003676
0.003644
