1.2354,1.2087,1.2417,0,0,0,0,0,0,0,0,0,0,0,0
0.17605,0.15055,0.15265,0,0,0,0,0,0,0,0,0,0,0,0
0.10762,0.085003,0.08604,0,0,0,0,0,0,0,0,0,0,0,0
0.088674,0.068201,0.068693,0,0,0,0,0,0,0,0,0,0,0,0
0.13897,0.10644,0.098909,0,0,0,0,0,0,0,0,0,0,0,0
0.10793,0.095831,0.086543,0,0,0,0,0,0,0,0,0,0,0,0
0.063728,0.062484,0.053473,0,0,0,0,0,0,0,0,0,0,0,0
0.072687,0.060673,0.06265,0,0,0,0,0,0,0,0,0,0,0,0
0.068896,0.054646,0.050196,0,0,0,0,0,0,0,0,0,0,0,0
0.041678,0.027189,0.025497,0,0,0,0,0,0,0,0,0,0,0,0
0.024922,0.027726,0.025824,0,0,0,0,0,0,0,0,0,0,0,0
0.027385,0.026624,0.026343,0,0,0,0,0,0,0,0,0,0,0,0
0.026556,0.027322,0.025045,0,0,0,0,0,0,0,0,0,0,0,0
0.027437,0.027853,0.025911,0,0,0,0,0,0,0,0,0,0,0,0
0.059951,0.059327,0.05059,0,0,0,0,0,0,0,0,0,0,0,0
0.045088,0.027578,0.026725,0,0,0,0,0,0,0,0,0,0,0,0
0.039814,0.028362,0.025177,0,0,0,0,0,0,0,0,0,0,0,0
0.046267,0.028019,0.025029,0,0,0,0,0,0,0,0,0,0,0,0
0.029598,0.028558,0.026052,0,0,0,0,0,0,0,0,0,0,0,0
0.025157,0.026425,0.025607,0,0,0,0,0,0,0,0,0,0,0,0
0.051876,0.060172,0.050211,0,0,0,0,0,0,0,0,0,0,0,0
0.025626,0.035511,0.024528,0,0,0,0,0,0,0,0,0,0,0,0
0.043183,0.028485,0.02595,0,0,0,0,0,0,0,0,0,0,0,0
0.029216,0.030968,0.024087,0,0,0,0,0,0,0,0,0,0,0,0
0.030453,0.027783,0.026681,0,0,0,0,0,0,0,0,0,0,0,0
0.027858,0.026953,0.025553,0,0,0,0,0,0,0,0,0,0,0,0
0.051529,0.054361,0.04996,0,0,0,0,0,0,0,0,0,0,0,0
0.035261,0.029009,0.033178,0,0,0,0,0,0,0,0,0,0,0,0
0.03001,0.028738,0.034882,0,0,0,0,0,0,0,0,0,0,0,0
0.030573,0.027063,0.032271,0,0,0,0,0,0,0,0,0,0,0,0
0.033538,0.03853,0.035964,0,0,0,0,0,0,0,0,0,0,0,0
0.048339,0.031237,0.036053,0,0,0,0,0,0,0,0,0,0,0,0
0.056663,0.064813,0.062111,0,0,0,0,0,0,0,0,0,0,0,0
0.036493,0.031436,0.02818,0,0,0,0,0,0,0,0,0,0,0,0
0.050835,0.03541,0.032914,0,0,0,0,0,0,0,0,0,0,0,0
0.031735,0.026994,0.028406,0,0,0,0,0,0,0,0,0,0,0,0
0.026656,0.025104,0.030336,0,0,0,0,0,0,0,0,0,0,0,0
0.038267,0.025491,0.025913,0,0,0,0,0,0,0,0,0,0,0,0
0.07425,0.052927,0.053953,0,0,0,0,0,0,0,0,0,0,0,0
0.030342,0.025633,0.027245,0,0,0,0,0,0,0,0,0,0,0,0
0.03844,0.027006,0.02464,0,0,0,0,0,0,0,0,0,0,0,0
0.029597,0.025872,0.024213,0,0,0,0,0,0,0,0,0,0,0,0
0.044166,0.030028,0.037646,0,0,0,0,0,0,0,0,0,0,0,0
0.053427,0.037591,0.027467,0,0,0,0,0,0,0,0,0,0,0,0
0.064953,0.059257,0.051751,0,0,0,0,0,0,0,0,0,0,0,0
0.044515,0.027152,0.024207,0,0,0,0,0,0,0,0,0,0,0,0
0.038173,0.02704,0.024035,0,0,0,0,0,0,0,0,0,0,0,0
0.043052,0.025759,0.024649,0,0,0,0,0,0,0,0,0,0,0,0
0.050872,0.025347,0.025545,0,0,0,0,0,0,0,0,0,0,0,0
0.026005,0.026783,0.024731,0,0,0,0,0,0,0,0,0,0,0,0
0.050358,0.062731,0.050493,0,0,0,0,0,0,0,0,0,0,0,0
0.037927,0.025076,0.024868,0,0,0,0,0,0,0,0,0,0,0,0
0.04108,0.034984,0.023527,0,0,0,0,0,0,0,0,0,0,0,0
0.037657,0.036067,0.02562,0,0,0,0,0,0,0,0,0,0,0,0
0.024863,0.033804,0.024074,0,0,0,0,0,0,0,0,0,0,0,0
0.026933,0.026905,0.039678,0,0,0,0,0,0,0,0,0,0,0,0
0.057607,0.064482,0.050646,0,0,0,0,0,0,0,0,0,0,0,0
0.027427,0.027452,0.026802,0,0,0,0,0,0,0,0,0,0,0,0
0.023648,0.027269,0.02884,0,0,0,0,0,0,0,0,0,0,0,0
0.045319,0.026832,0.029785,0,0,0,0,0,0,0,0,0,0,0,0
0.033834,0.02684,0.027287,0,0,0,0,0,0,0,0,0,0,0,0
0.04252,0.027747,0.027535,0,0,0,0,0,0,0,0,0,0,0,0
0.072341,0.05613,0.055292,0,0,0,0,0,0,0,0,0,0,0,0
0.03617,0.027449,0.027397,0,0,0,0,0,0,0,0,0,0,0,0
0.048288,0.026228,0.025003,0,0,0,0,0,0,0,0,0,0,0,0
0.036633,0.031301,0.028002,0,0,0,0,0,0,0,0,0,0,0,0
0.042818,0.036422,0.026086,0,0,0,0,0,0,0,0,0,0,0,0
0.04554,0.027674,0.027405,0,0,0,0,0,0,0,0,0,0,0,0
0.054496,0.057647,0.05452,0,0,0,0,0,0,0,0,0,0,0,0
0.035311,0.034993,0.027555,0,0,0,0,0,0,0,0,0,0,0,0
0.024457,0.026386,0.027033,0,0,0,0,0,0,0,0,0,0,0,0
0.026433,0.035726,0.02897,0,0,0,0,0,0,0,0,0,0,0,0
0.038171,0.025883,0.025921,0,0,0,0,0,0,0,0,0,0,0,0
0.034487,0.025352,0.026568,0,0,0,0,0,0,0,0,0,0,0,0
0.075276,0.054661,0.054085,0,0,0,0,0,0,0,0,0,0,0,0
0.034764,0.027475,0.026495,0,0,0,0,0,0,0,0,0,0,0,0
0.036925,0.028144,0.025736,0,0,0,0,0,0,0,0,0,0,0,0
0.026419,0.027187,0.026698,0,0,0,0,0,0,0,0,0,0,0,0
0.034006,0.025015,0.024009,0,0,0,0,0,0,0,0,0,0,0,0
0.035207,0.02594,0.030557,0,0,0,0,0,0,0,0,0,0,0,0
0.045275,0.055253,0.060907,0,0,0,0,0,0,0,0,0,0,0,0
0.02627,0.025585,0.036774,0,0,0,0,0,0,0,0,0,0,0,0
0.023848,0.02587,0.025349,0,0,0,0,0,0,0,0,0,0,0,0
0.030133,0.024658,0.028043,0,0,0,0,0,0,0,0,0,0,0,0
0.036615,0.036752,0.026275,0,0,0,0,0,0,0,0,0,0,0,0
0.026153,0.026563,0.027194,0,0,0,0,0,0,0,0,0,0,0,0
0.064706,0.058039,0.056328,0,0,0,0,0,0,0,0,0,0,0,0
0.034974,0.025991,0.027606,0,0,0,0,0,0,0,0,0,0,0,0
0.034366,0.026229,0.025024,0,0,0,0,0,0,0,0,0,0,0,0
0.032164,0.027159,0.038646,0,0,0,0,0,0,0,0,0,0,0,0
0.035809,0.025127,0.023897,0,0,0,0,0,0,0,0,0,0,0,0
0.024525,0.025142,0.035683,0,0,0,0,0,0,0,0,0,0,0,0
0.057007,0.053927,0.049426,0,0,0,0,0,0,0,0,0,0,0,0
0.04857,0.025476,0.026912,0,0,0,0,0,0,0,0,0,0,0,0
0.022193,0.026377,0.021133,0,0,0,0,0,0,0,0,0,0,0,0
0.041102,0.024969,0.02282,0,0,0,0,0,0,0,0,0,0,0,0
0.030226,0.02819,0.023378,0,0,0,0,0,0,0,0,0,0,0,0
0.025846,0.026279,0.024357,0,0,0,0,0,0,0,0,0,0,0,0
0.064068,0.053071,0.049436,0,0,0,0,0,0,0,0,0,0,0,0
0.048313,0.025424,0.036344,0,0,0,0,0,0,0,0,0,0,0,0
0.041907,0.024977,0.022609,0,0,0,0,0,0,0,0,0,0,0,0
0.030832,0.026135,0.026028,0,0,0,0,0,0,0,0,0,0,0,0
0.032386,0.026695,0.02448,0,0,0,0,0,0,0,0,0,0,0,0
0.026693,0.02535,0.023971,0,0,0,0,0,0,0,0,0,0,0,0
0.055972,0.062253,0.050159,0,0,0,0,0,0,0,0,0,0,0,0
0.031152,0.024952,0.021929,0,0,0,0,0,0,0,0,0,0,0,0
0.039814,0.026313,0.022748,0,0,0,0,0,0,0,0,0,0,0,0
0.044242,0.025881,0.025389,0,0,0,0,0,0,0,0,0,0,0,0
0.038046,0.03046,0.02424,0,0,0,0,0,0,0,0,0,0,0,0
0.029338,0.026035,0.025762,0,0,0,0,0,0,0,0,0,0,0,0
0.071975,0.055139,0.055165,0,0,0,0,0,0,0,0,0,0,0,0
0.024802,0.024244,0.023587,0,0,0,0,0,0,0,0,0,0,0,0
0.032399,0.028185,0.029217,0,0,0,0,0,0,0,0,0,0,0,0
0.027493,0.023736,0.02502,0,0,0,0,0,0,0,0,0,0,0,0
0.031106,0.0234,0.024664,0,0,0,0,0,0,0,0,0,0,0,0
0.034055,0.023703,0.025712,0,0,0,0,0,0,0,0,0,0,0,0
0.078883,0.06533,0.056049,0,0,0,0,0,0,0,0,0,0,0,0
0.031722,0.024624,0.026751,0,0,0,0,0,0,0,0,0,0,0,0
0.040195,0.023718,0.025936,0,0,0,0,0,0,0,0,0,0,0,0
0.049844,0.024135,0.033604,0,0,0,0,0,0,0,0,0,0,0,0
0.034516,0.022557,0.023903,0,0,0,0,0,0,0,0,0,0,0,0
0.024752,0.035367,0.026443,0,0,0,0,0,0,0,0,0,0,0,0
0.08462,0.051628,0.057545,0,0,0,0,0,0,0,0,0,0,0,0
0.032666,0.022996,0.025471,0,0,0,0,0,0,0,0,0,0,0,0
0.026506,0.023133,0.021697,0,0,0,0,0,0,0,0,0,0,0,0
0.024739,0.024144,0.023989,0,0,0,0,0,0,0,0,0,0,0,0
0.023943,0.026507,0.022338,0,0,0,0,0,0,0,0,0,0,0,0
0.03942,0.023305,0.024764,0,0,0,0,0,0,0,0,0,0,0,0
0.047654,0.043884,0.051256,0,0,0,0,0,0,0,0,0,0,0,0
0.043999,0.024416,0.03455,0,0,0,0,0,0,0,0,0,0,0,0
0.03038,0.02316,0.026202,0,0,0,0,0,0,0,0,0,0,0,0
0.027982,0.023747,0.024061,0,0,0,0,0,0,0,0,0,0,0,0
0.027761,0.023864,0.021955,0,0,0,0,0,0,0,0,0,0,0,0
0.0411,0.034697,0.025359,0,0,0,0,0,0,0,0,0,0,0,0
0.048721,0.04567,0.059265,0,0,0,0,0,0,0,0,0,0,0,0
0.032317,0.021395,0.02381,0,0,0,0,0,0,0,0,0,0,0,0
0.031256,0.024103,0.025622,0,0,0,0,0,0,0,0,0,0,0,0
0.043524,0.029407,0.025732,0,0,0,0,0,0,0,0,0,0,0,0
0.022854,0.023414,0.022397,0,0,0,0,0,0,0,0,0,0,0,0
0.024806,0.024012,0.026373,0,0,0,0,0,0,0,0,0,0,0,0
0.069184,0.047535,0.050046,0,0,0,0,0,0,0,0,0,0,0,0
0.024677,0.025035,0.032867,0,0,0,0,0,0,0,0,0,0,0,0
0.034098,0.023693,0.023485,0,0,0,0,0,0,0,0,0,0,0,0
0.028595,0.025012,0.02428,0,0,0,0,0,0,0,0,0,0,0,0
0.023541,0.023169,0.024426,0,0,0,0,0,0,0,0,0,0,0,0
0.025649,0.02312,0.027914,0,0,0,0,0,0,0,0,0,0,0,0
0.051131,0.047998,0.053439,0,0,0,0,0,0,0,0,0,0,0,0
0.027255,0.023642,0.026298,0,0,0,0,0,0,0,0,0,0,0,0
0.033735,0.024269,0.02497,0,0,0,0,0,0,0,0,0,0,0,0
0.027098,0.026114,0.026743,0,0,0,0,0,0,0,0,0,0,0,0
0.035468,0.024226,0.032733,0,0,0,0,0,0,0,0,0,0,0,0
0.033682,0.024664,0.02484,0,0,0,0,0,0,0,0,0,0,0,0
0.056183,0.050595,0.048277,0,0,0,0,0,0,0,0,0,0,0,0
0.03245,0.024169,0.037471,0,0,0,0,0,0,0,0,0,0,0,0
0.036352,0.024873,0.023258,0,0,0,0,0,0,0,0,0,0,0,0
0.027208,0.02318,0.024898,0,0,0,0,0,0,0,0,0,0,0,0
0.023719,0.034682,0.022403,0,0,0,0,0,0,0,0,0,0,0,0
0.025166,0.02321,0.024198,0,0,0,0,0,0,0,0,0,0,0,0
0.04852,0.046793,0.047195,0,0,0,0,0,0,0,0,0,0,0,0
0.055101,0.023765,0.025947,0,0,0,0,0,0,0,0,0,0,0,0
0.023426,0.024257,0.022094,0,0,0,0,0,0,0,0,0,0,0,0
0.026045,0.023644,0.024139,0,0,0,0,0,0,0,0,0,0,0,0
0.022705,0.023413,0.023213,0,0,0,0,0,0,0,0,0,0,0,0
0.024318,0.024084,0.023199,0,0,0,0,0,0,0,0,0,0,0,0
0.059278,0.047293,0.046176,0,0,0,0,0,0,0,0,0,0,0,0
0.024275,0.023738,0.029564,0,0,0,0,0,0,0,0,0,0,0,0
0.025966,0.029444,0.022149,0,0,0,0,0,0,0,0,0,0,0,0
0.028718,0.035919,0.025486,0,0,0,0,0,0,0,0,0,0,0,0
0.023202,0.023538,0.021115,0,0,0,0,0,0,0,0,0,0,0,0
0.02492,0.036352,0.027268,0,0,0,0,0,0,0,0,0,0,0,0
0.071894,0.044798,0.048726,0,0,0,0,0,0,0,0,0,0,0,0
0.032218,0.028028,0.023866,0,0,0,0,0,0,0,0,0,0,0,0
0.042808,0.025211,0.023612,0,0,0,0,0,0,0,0,0,0,0,0
0.024188,0.023137,0.026328,0,0,0,0,0,0,0,0,0,0,0,0
0.023329,0.037414,0.024042,0,0,0,0,0,0,0,0,0,0,0,0
0.029005,0.023144,0.02558,0,0,0,0,0,0,0,0,0,0,0,0
0.048829,0.059965,0.053133,0,0,0,0,0,0,0,0,0,0,0,0
0.048323,0.023693,0.026075,0,0,0,0,0,0,0,0,0,0,0,0
0.023082,0.027785,0.036338,0,0,0,0,0,0,0,0,0,0,0,0
0.029876,0.024329,0.024882,0,0,0,0,0,0,0,0,0,0,0,0
0.031288,0.023488,0.02366,0,0,0,0,0,0,0,0,0,0,0,0
0.042877,0.025165,0.02555,0,0,0,0,0,0,0,0,0,0,0,0
0.056267,0.04855,0.05303,0,0,0,0,0,0,0,0,0,0,0,0
0.025201,0.023245,0.027883,0,0,0,0,0,0,0,0,0,0,0,0
0.024298,0.026226,0.023794,0,0,0,0,0,0,0,0,0,0,0,0
0.022217,0.0357,0.025141,0,0,0,0,0,0,0,0,0,0,0,0
0.034659,0.023861,0.039876,0,0,0,0,0,0,0,0,0,0,0,0
0.048999,0.02299,0.039156,0,0,0,0,0,0,0,0,0,0,0,0
0.068108,0.045236,0.053562,0,0,0,0,0,0,0,0,0,0,0,0
0.035807,0.024941,0.023038,0,0,0,0,0,0,0,0,0,0,0,0
0.028863,0.029563,0.024067,0,0,0,0,0,0,0,0,0,0,0,0
0.023248,0.022253,0.025671,0,0,0,0,0,0,0,0,0,0,0,0
0.020841,0.02247,0.023323,0,0,0,0,0,0,0,0,0,0,0,0
0.023558,0.023593,0.023906,0,0,0,0,0,0,0,0,0,0,0,0
0.04608,0.044802,0.055487,0,0,0,0,0,0,0,0,0,0,0,0
0.026257,0.023847,0.023028,0,0,0,0,0,0,0,0,0,0,0,0
0.024011,0.0224,0.025275,0,0,0,0,0,0,0,0,0,0,0,0
0.029511,0.022311,0.02288,0,0,0,0,0,0,0,0,0,0,0,0
0.023623,0.022277,0.021766,0,0,0,0,0,0,0,0,0,0,0,0
0.022989,0.022585,0.023502,0,0,0,0,0,0,0,0,0,0,0,0
0.048132,0.045367,0.045816,0,0,0,0,0,0,0,0,0,0,0,0
0.03626,0.021986,0.023567,0,0,0,0,0,0,0,0,0,0,0,0
0.034688,0.024437,0.023551,0,0,0,0,0,0,0,0,0,0,0,0
0.024882,0.022773,0.024376,0,0,0,0,0,0,0,0,0,0,0,0
0.027065,0.029783,0.023481,0,0,0,0,0,0,0,0,0,0,0,0
0.032628,0.022555,0.023421,0,0,0,0,0,0,0,0,0,0,0,0
0.073496,0.045896,0.055335,0,0,0,0,0,0,0,0,0,0,0,0
0.027092,0.023245,0.025114,0,0,0,0,0,0,0,0,0,0,0,0
0.022874,0.024206,0.023136,0,0,0,0,0,0,0,0,0,0,0,0
0.034118,0.023241,0.023927,0,0,0,0,0,0,0,0,0,0,0,0
0.03564,0.024117,0.023192,0,0,0,0,0,0,0,0,0,0,0,0
0.024875,0.022996,0.026622,0,0,0,0,0,0,0,0,0,0,0,0
0.074959,0.046735,0.043429,0,0,0,0,0,0,0,0,0,0,0,0
0.035313,0.024184,0.023689,0,0,0,0,0,0,0,0,0,0,0,0
0.038953,0.022904,0.024922,0,0,0,0,0,0,0,0,0,0,0,0
0.042648,0.024373,0.024064,0,0,0,0,0,0,0,0,0,0,0,0
0.034899,0.044427,0.02189,0,0,0,0,0,0,0,0,0,0,0,0
0.04154,0.023826,0.024624,0,0,0,0,0,0,0,0,0,0,0,0
0.064856,0.045868,0.047023,0,0,0,0,0,0,0,0,0,0,0,0
0.031543,0.023754,0.031354,0,0,0,0,0,0,0,0,0,0,0,0
0.03805,0.022161,0.030118,0,0,0,0,0,0,0,0,0,0,0,0
0.026157,0.023495,0.03606,0,0,0,0,0,0,0,0,0,0,0,0
0.036762,0.023557,0.021696,0,0,0,0,0,0,0,0,0,0,0,0
0.042677,0.023498,0.025327,0,0,0,0,0,0,0,0,0,0,0,0
0.056081,0.046979,0.046474,0,0,0,0,0,0,0,0,0,0,0,0
0.039368,0.021893,0.024143,0,0,0,0,0,0,0,0,0,0,0,0
0.042176,0.03579,0.02324,0,0,0,0,0,0,0,0,0,0,0,0
0.052461,0.022509,0.030101,0,0,0,0,0,0,0,0,0,0,0,0
0.040027,0.021316,0.023444,0,0,0,0,0,0,0,0,0,0,0,0
0.042305,0.027907,0.025538,0,0,0,0,0,0,0,0,0,0,0,0
0.044423,0.045553,0.054394,0,0,0,0,0,0,0,0,0,0,0,0
0.043835,0.026393,0.0263,0,0,0,0,0,0,0,0,0,0,0,0
0.036472,0.021996,0.023649,0,0,0,0,0,0,0,0,0,0,0,0
0.031347,0.033002,0.025813,0,0,0,0,0,0,0,0,0,0,0,0
0.023008,0.028331,0.02379,0,0,0,0,0,0,0,0,0,0,0,0
0.041916,0.022749,0.026049,0,0,0,0,0,0,0,0,0,0,0,0
0.050709,0.050469,0.055328,0,0,0,0,0,0,0,0,0,0,0,0
0.033266,0.021461,0.0244,0,0,0,0,0,0,0,0,0,0,0,0
0.031566,0.022679,0.02299,0,0,0,0,0,0,0,0,0,0,0,0
0.038923,0.022696,0.024861,0,0,0,0,0,0,0,0,0,0,0,0
0.040899,0.027464,0.024637,0,0,0,0,0,0,0,0,0,0,0,0
0.033656,0.023331,0.025452,0,0,0,0,0,0,0,0,0,0,0,0
0.063939,0.044632,0.052486,0,0,0,0,0,0,0,0,0,0,0,0
0.023573,0.029314,0.024782,0,0,0,0,0,0,0,0,0,0,0,0
0.028292,0.036493,0.024136,0,0,0,0,0,0,0,0,0,0,0,0
0.057405,0.022331,0.025578,0,0,0,0,0,0,0,0,0,0,0,0
0.037234,0.025334,0.027236,0,0,0,0,0,0,0,0,0,0,0,0
0.046621,0.030271,0.024613,0,0,0,0,0,0,0,0,0,0,0,0
0.047648,0.046534,0.052097,0,0,0,0,0,0,0,0,0,0,0,0
NaN,NaN,NaN,0,0,0,0,0,0,0,0,0,0,0,0
NaN,NaN,NaN,0,0,0,0,0,0,0,0,0,0,0,0
NaN,NaN,NaN,0,0,0,0,0,0,0,0,0,0,0,0
NaN,NaN,NaN,0,0,0,0,0,0,0,0,0,0,0,0
1.2496,1.2272,1.2896,0,0,0,0,0,0,0,0,0,0,0,0
0.18743,0.16298,0.16358,0,0,0,0,0,0,0,0,0,0,0,0
0.12243,0.092264,0.094373,0,0,0,0,0,0,0,0,0,0,0,0
0.083672,0.069763,0.068538,0,0,0,0,0,0,0,0,0,0,0,0
0.10082,0.099419,0.097925,0,0,0,0,0,0,0,0,0,0,0,0
0.087506,0.081054,0.08446,0,0,0,0,0,0,0,0,0,0,0,0
0.069478,0.052607,0.054976,0,0,0,0,0,0,0,0,0,0,0,0
0.071804,0.052841,0.062961,0,0,0,0,0,0,0,0,0,0,0,0
0.072737,0.052022,0.055557,0,0,0,0,0,0,0,0,0,0,0,0
0.02763,0.035848,0.030202,0,0,0,0,0,0,0,0,0,0,0,0
0.03561,0.025069,0.035877,0,0,0,0,0,0,0,0,0,0,0,0
0.045681,0.026237,0.035326,0,0,0,0,0,0,0,0,0,0,0,0
0.040142,0.033834,0.026393,0,0,0,0,0,0,0,0,0,0,0,0
0.026788,0.027134,0.032821,0,0,0,0,0,0,0,0,0,0,0,0
0.048924,0.050281,0.055174,0,0,0,0,0,0,0,0,0,0,0,0
0.029335,0.026419,0.025003,0,0,0,0,0,0,0,0,0,0,0,0
0.042225,0.026113,0.025729,0,0,0,0,0,0,0,0,0,0,0,0
0.028909,0.026736,0.02489,0,0,0,0,0,0,0,0,0,0,0,0
0.049153,0.026894,0.03766,0,0,0,0,0,0,0,0,0,0,0,0
0.028607,0.02621,0.024612,0,0,0,0,0,0,0,0,0,0,0,0
0.076585,0.051116,0.050012,0,0,0,0,0,0,0,0,0,0,0,0
0.038047,0.028099,0.024978,0,0,0,0,0,0,0,0,0,0,0,0
0.056338,0.034755,0.03251,0,0,0,0,0,0,0,0,0,0,0,0
0.035621,0.032638,0.036074,0,0,0,0,0,0,0,0,0,0,0,0
0.03014,0.027323,0.026181,0,0,0,0,0,0,0,0,0,0,0,0
0.029218,0.035808,0.025488,0,0,0,0,0,0,0,0,0,0,0,0
0.050253,0.048792,0.056709,0,0,0,0,0,0,0,0,0,0,0,0
0.026342,0.029159,0.025943,0,0,0,0,0,0,0,0,0,0,0,0
0.024643,0.024658,0.025526,0,0,0,0,0,0,0,0,0,0,0,0
0.044253,0.03189,0.032574,0,0,0,0,0,0,0,0,0,0,0,0
0.038989,0.034539,0.037629,0,0,0,0,0,0,0,0,0,0,0,0
0.034164,0.037063,0.028829,0,0,0,0,0,0,0,0,0,0,0,0
0.0587,0.061497,0.060342,0,0,0,0,0,0,0,0,0,0,0,0
0.039697,0.029636,0.041274,0,0,0,0,0,0,0,0,0,0,0,0
0.047154,0.032356,0.032268,0,0,0,0,0,0,0,0,0,0,0,0
0.041868,0.027263,0.027894,0,0,0,0,0,0,0,0,0,0,0,0
0.057517,0.031943,0.034029,0,0,0,0,0,0,0,0,0,0,0,0
0.030606,0.035551,0.027525,0,0,0,0,0,0,0,0,0,0,0,0
0.073988,0.052998,0.053962,0,0,0,0,0,0,0,0,0,0,0,0
0.027229,0.02732,0.02572,0,0,0,0,0,0,0,0,0,0,0,0
0.044873,0.025502,0.025901,0,0,0,0,0,0,0,0,0,0,0,0
0.030057,0.026579,0.026245,0,0,0,0,0,0,0,0,0,0,0,0
0.048919,0.02638,0.027646,0,0,0,0,0,0,0,0,0,0,0,0
0.027032,0.027819,0.027774,0,0,0,0,0,0,0,0,0,0,0,0
0.058932,0.048061,0.051404,0,0,0,0,0,0,0,0,0,0,0,0
0.044639,0.026495,0.025983,0,0,0,0,0,0,0,0,0,0,0,0
0.027311,0.026934,0.027563,0,0,0,0,0,0,0,0,0,0,0,0
0.036263,0.027679,0.026477,0,0,0,0,0,0,0,0,0,0,0,0
0.049435,0.027001,0.025615,0,0,0,0,0,0,0,0,0,0,0,0
0.027864,0.027761,0.026425,0,0,0,0,0,0,0,0,0,0,0,0
0.055604,0.052061,0.049974,0,0,0,0,0,0,0,0,0,0,0,0
0.035023,0.028812,0.030767,0,0,0,0,0,0,0,0,0,0,0,0
0.026056,0.026224,0.025295,0,0,0,0,0,0,0,0,0,0,0,0
0.050634,0.027014,0.025346,0,0,0,0,0,0,0,0,0,0,0,0
0.038509,0.025985,0.02661,0,0,0,0,0,0,0,0,0,0,0,0
0.027564,0.027271,0.025507,0,0,0,0,0,0,0,0,0,0,0,0
0.075917,0.048472,0.055046,0,0,0,0,0,0,0,0,0,0,0,0
0.048272,0.027398,0.027019,0,0,0,0,0,0,0,0,0,0,0,0
0.032808,0.025808,0.025905,0,0,0,0,0,0,0,0,0,0,0,0
0.026509,0.026448,0.025241,0,0,0,0,0,0,0,0,0,0,0,0
0.033702,0.023972,0.025154,0,0,0,0,0,0,0,0,0,0,0,0
0.047422,0.027167,0.026118,0,0,0,0,0,0,0,0,0,0,0,0
0.066935,0.047977,0.050905,0,0,0,0,0,0,0,0,0,0,0,0
0.046757,0.027164,0.026312,0,0,0,0,0,0,0,0,0,0,0,0
0.025753,0.02392,0.026035,0,0,0,0,0,0,0,0,0,0,0,0
0.029426,0.02684,0.025248,0,0,0,0,0,0,0,0,0,0,0,0
0.029421,0.025656,0.025772,0,0,0,0,0,0,0,0,0,0,0,0
0.03968,0.025869,0.039569,0,0,0,0,0,0,0,0,0,0,0,0
0.076595,0.046068,0.058422,0,0,0,0,0,0,0,0,0,0,0,0
0.041888,0.025869,0.026279,0,0,0,0,0,0,0,0,0,0,0,0
0.025821,0.024507,0.025561,0,0,0,0,0,0,0,0,0,0,0,0
0.032567,0.027218,0.026025,0,0,0,0,0,0,0,0,0,0,0,0
0.025912,0.024455,0.024896,0,0,0,0,0,0,0,0,0,0,0,0
0.027329,0.025074,0.02626,0,0,0,0,0,0,0,0,0,0,0,0
0.061801,0.049374,0.047463,0,0,0,0,0,0,0,0,0,0,0,0
0.047872,0.024631,0.030829,0,0,0,0,0,0,0,0,0,0,0,0
0.044803,0.030058,0.036218,0,0,0,0,0,0,0,0,0,0,0,0
0.03248,0.027284,0.036704,0,0,0,0,0,0,0,0,0,0,0,0
0.028589,0.027262,0.032598,0,0,0,0,0,0,0,0,0,0,0,0
0.030354,0.026622,0.027449,0,0,0,0,0,0,0,0,0,0,0,0
0.050819,0.048741,0.056345,0,0,0,0,0,0,0,0,0,0,0,0
0.028016,0.02692,0.02808,0,0,0,0,0,0,0,0,0,0,0,0
0.031636,0.026251,0.028029,0,0,0,0,0,0,0,0,0,0,0,0
0.030224,0.027282,0.031199,0,0,0,0,0,0,0,0,0,0,0,0
0.0635,0.026815,0.041029,0,0,0,0,0,0,0,0,0,0,0,0
0.045918,0.026178,0.026897,0,0,0,0,0,0,0,0,0,0,0,0
0.063894,0.048001,0.049705,0,0,0,0,0,0,0,0,0,0,0,0
0.041498,0.025738,0.032195,0,0,0,0,0,0,0,0,0,0,0,0
0.054722,0.025964,0.039872,0,0,0,0,0,0,0,0,0,0,0,0
0.028201,0.028179,0.026157,0,0,0,0,0,0,0,0,0,0,0,0
0.024892,0.027029,0.026276,0,0,0,0,0,0,0,0,0,0,0,0
0.030376,0.028922,0.028211,0,0,0,0,0,0,0,0,0,0,0,0
0.064136,0.053575,0.051219,0,0,0,0,0,0,0,0,0,0,0,0
0.043008,0.028394,0.026272,0,0,0,0,0,0,0,0,0,0,0,0
0.033655,0.028017,0.025505,0,0,0,0,0,0,0,0,0,0,0,0
0.028956,0.027926,0.026298,0,0,0,0,0,0,0,0,0,0,0,0
0.024884,0.026219,0.026516,0,0,0,0,0,0,0,0,0,0,0,0
0.038269,0.024532,0.03516,0,0,0,0,0,0,0,0,0,0,0,0
0.047456,0.050486,0.047365,0,0,0,0,0,0,0,0,0,0,0,0
0.045325,0.024251,0.023263,0,0,0,0,0,0,0,0,0,0,0,0
0.023179,0.023945,0.023645,0,0,0,0,0,0,0,0,0,0,0,0
0.023545,0.024522,0.023653,0,0,0,0,0,0,0,0,0,0,0,0
0.026311,0.025159,0.023668,0,0,0,0,0,0,0,0,0,0,0,0
0.024079,0.025094,0.022875,0,0,0,0,0,0,0,0,0,0,0,0
0.049348,0.052184,0.049987,0,0,0,0,0,0,0,0,0,0,0,0
0.034449,0.024616,0.024969,0,0,0,0,0,0,0,0,0,0,0,0
0.035883,0.024217,0.025209,0,0,0,0,0,0,0,0,0,0,0,0
0.043835,0.024586,0.023896,0,0,0,0,0,0,0,0,0,0,0,0
0.024626,0.025337,0.024034,0,0,0,0,0,0,0,0,0,0,0,0
0.065187,0.024464,0.02462,0,0,0,0,0,0,0,0,0,0,0,0
0.064234,0.051637,0.048355,0,0,0,0,0,0,0,0,0,0,0,0
0.031387,0.024387,0.024202,0,0,0,0,0,0,0,0,0,0,0,0
0.024151,0.023858,0.023143,0,0,0,0,0,0,0,0,0,0,0,0
0.042033,0.024561,0.024341,0,0,0,0,0,0,0,0,0,0,0,0
0.050447,0.02459,0.023457,0,0,0,0,0,0,0,0,0,0,0,0
0.037976,0.026022,0.024984,0,0,0,0,0,0,0,0,0,0,0,0
0.074702,0.047034,0.047082,0,0,0,0,0,0,0,0,0,0,0,0
0.029508,0.024395,0.024159,0,0,0,0,0,0,0,0,0,0,0,0
0.025771,0.026966,0.036213,0,0,0,0,0,0,0,0,0,0,0,0
0.026068,0.023878,0.02261,0,0,0,0,0,0,0,0,0,0,0,0
0.039113,0.02364,0.024298,0,0,0,0,0,0,0,0,0,0,0,0
0.027101,0.024638,0.023902,0,0,0,0,0,0,0,0,0,0,0,0
0.07271,0.046475,0.047789,0,0,0,0,0,0,0,0,0,0,0,0
0.046262,0.024967,0.024685,0,0,0,0,0,0,0,0,0,0,0,0
0.025333,0.02534,0.035014,0,0,0,0,0,0,0,0,0,0,0,0
0.028086,0.024684,0.024934,0,0,0,0,0,0,0,0,0,0,0,0
0.03772,0.024538,0.023855,0,0,0,0,0,0,0,0,0,0,0,0
0.026311,0.024828,0.023974,0,0,0,0,0,0,0,0,0,0,0,0
0.063696,0.048561,0.046872,0,0,0,0,0,0,0,0,0,0,0,0
0.044946,0.024747,0.024292,0,0,0,0,0,0,0,0,0,0,0,0
0.024507,0.025632,0.023464,0,0,0,0,0,0,0,0,0,0,0,0
0.039879,0.025064,0.024377,0,0,0,0,0,0,0,0,0,0,0,0
0.045641,0.024006,0.036298,0,0,0,0,0,0,0,0,0,0,0,0
0.035379,0.024035,0.036431,0,0,0,0,0,0,0,0,0,0,0,0
0.079117,0.047405,0.047214,0,0,0,0,0,0,0,0,0,0,0,0
0.036416,0.023829,0.024459,0,0,0,0,0,0,0,0,0,0,0,0
0.054721,0.023599,0.023398,0,0,0,0,0,0,0,0,0,0,0,0
0.028864,0.024533,0.024283,0,0,0,0,0,0,0,0,0,0,0,0
0.030627,0.023556,0.023771,0,0,0,0,0,0,0,0,0,0,0,0
0.029547,0.02434,0.023795,0,0,0,0,0,0,0,0,0,0,0,0
0.079318,0.048087,0.046524,0,0,0,0,0,0,0,0,0,0,0,0
0.030111,0.023056,0.023324,0,0,0,0,0,0,0,0,0,0,0,0
0.024706,0.02355,0.023974,0,0,0,0,0,0,0,0,0,0,0,0
0.042043,0.025933,0.025828,0,0,0,0,0,0,0,0,0,0,0,0
0.03577,0.025684,0.025478,0,0,0,0,0,0,0,0,0,0,0,0
0.030334,0.027672,0.026572,0,0,0,0,0,0,0,0,0,0,0,0
0.051033,0.050688,0.048792,0,0,0,0,0,0,0,0,0,0,0,0
0.026648,0.02632,0.025846,0,0,0,0,0,0,0,0,0,0,0,0
0.027985,0.025815,0.024992,0,0,0,0,0,0,0,0,0,0,0,0
0.032594,0.025897,0.026779,0,0,0,0,0,0,0,0,0,0,0,0
0.030387,0.025497,0.02536,0,0,0,0,0,0,0,0,0,0,0,0
0.03326,0.024444,0.025836,0,0,0,0,0,0,0,0,0,0,0,0
0.069035,0.049854,0.04968,0,0,0,0,0,0,0,0,0,0,0,0
0.027588,0.027848,0.025426,0,0,0,0,0,0,0,0,0,0,0,0
0.027166,0.024787,0.036002,0,0,0,0,0,0,0,0,0,0,0,0
0.029207,0.026658,0.026049,0,0,0,0,0,0,0,0,0,0,0,0
0.026879,0.024989,0.02678,0,0,0,0,0,0,0,0,0,0,0,0
0.040623,0.024238,0.0388,0,0,0,0,0,0,0,0,0,0,0,0
0.071291,0.048291,0.057994,0,0,0,0,0,0,0,0,0,0,0,0
0.034426,0.024675,0.026888,0,0,0,0,0,0,0,0,0,0,0,0
0.043553,0.024808,0.026873,0,0,0,0,0,0,0,0,0,0,0,0
0.02597,0.034792,0.026433,0,0,0,0,0,0,0,0,0,0,0,0
0.058482,0.024389,0.027054,0,0,0,0,0,0,0,0,0,0,0,0
0.0263,0.025424,0.026846,0,0,0,0,0,0,0,0,0,0,0,0
0.056792,0.05558,0.059036,0,0,0,0,0,0,0,0,0,0,0,0
0.028315,0.028216,0.027057,0,0,0,0,0,0,0,0,0,0,0,0
0.025987,0.026658,0.027137,0,0,0,0,0,0,0,0,0,0,0,0
0.02803,0.027007,0.036803,0,0,0,0,0,0,0,0,0,0,0,0
0.032058,0.026315,0.027349,0,0,0,0,0,0,0,0,0,0,0,0
0.027568,0.025875,0.026019,0,0,0,0,0,0,0,0,0,0,0,0
0.04805,0.056387,0.047788,0,0,0,0,0,0,0,0,0,0,0,0
0.033097,0.028445,0.029925,0,0,0,0,0,0,0,0,0,0,0,0
0.026226,0.026872,0.037848,0,0,0,0,0,0,0,0,0,0,0,0
0.027016,0.02699,0.028154,0,0,0,0,0,0,0,0,0,0,0,0
0.025332,0.026663,0.030933,0,0,0,0,0,0,0,0,0,0,0,0
0.031732,0.028428,0.0271,0,0,0,0,0,0,0,0,0,0,0,0
0.069939,0.056707,0.055487,0,0,0,0,0,0,0,0,0,0,0,0
0.026075,0.02752,0.028113,0,0,0,0,0,0,0,0,0,0,0,0
0.024373,0.037346,0.032719,0,0,0,0,0,0,0,0,0,0,0,0
0.026004,0.027163,0.027196,0,0,0,0,0,0,0,0,0,0,0,0
0.027059,0.026704,0.027874,0,0,0,0,0,0,0,0,0,0,0,0
0.027793,0.028277,0.027027,0,0,0,0,0,0,0,0,0,0,0,0
0.051638,0.058687,0.055393,0,0,0,0,0,0,0,0,0,0,0,0
0.029163,0.028126,0.028495,0,0,0,0,0,0,0,0,0,0,0,0
0.035242,0.02698,0.027798,0,0,0,0,0,0,0,0,0,0,0,0
0.035965,0.02761,0.027221,0,0,0,0,0,0,0,0,0,0,0,0
0.040951,0.027506,0.031952,0,0,0,0,0,0,0,0,0,0,0,0
0.046602,0.027587,0.027385,0,0,0,0,0,0,0,0,0,0,0,0
0.066251,0.050034,0.058147,0,0,0,0,0,0,0,0,0,0,0,0
0.029152,0.026104,0.026492,0,0,0,0,0,0,0,0,0,0,0,0
0.04776,0.038375,0.028558,0,0,0,0,0,0,0,0,0,0,0,0
0.035185,0.027033,0.02676,0,0,0,0,0,0,0,0,0,0,0,0
0.027566,0.025456,0.040099,0,0,0,0,0,0,0,0,0,0,0,0
0.028996,0.02569,0.026899,0,0,0,0,0,0,0,0,0,0,0,0
0.049097,0.046466,0.057548,0,0,0,0,0,0,0,0,0,0,0,0
0.044585,0.030588,0.026391,0,0,0,0,0,0,0,0,0,0,0,0
0.0373,0.02704,0.027523,0,0,0,0,0,0,0,0,0,0,0,0
0.047053,0.027322,0.027969,0,0,0,0,0,0,0,0,0,0,0,0
0.042899,0.026373,0.026823,0,0,0,0,0,0,0,0,0,0,0,0
0.03735,0.039197,0.027476,0,0,0,0,0,0,0,0,0,0,0,0
0.058768,0.058423,0.047771,0,0,0,0,0,0,0,0,0,0,0,0
0.034161,0.027974,0.026526,0,0,0,0,0,0,0,0,0,0,0,0
0.036211,0.028202,0.027127,0,0,0,0,0,0,0,0,0,0,0,0
0.027881,0.02797,0.026046,0,0,0,0,0,0,0,0,0,0,0,0
0.026162,0.027203,0.025903,0,0,0,0,0,0,0,0,0,0,0,0
0.047346,0.027748,0.026103,0,0,0,0,0,0,0,0,0,0,0,0
0.074945,0.057305,0.058597,0,0,0,0,0,0,0,0,0,0,0,0
0.027966,0.027278,0.036546,0,0,0,0,0,0,0,0,0,0,0,0
0.039674,0.026162,0.026101,0,0,0,0,0,0,0,0,0,0,0,0
NaN,NaN,NaN,0,0,0,0,0,0,0,0,0,0,0,0
NaN,NaN,NaN,0,0,0,0,0,0,0,0,0,0,0,0
NaN,NaN,NaN,0,0,0,0,0,0,0,0,0,0,0,0
NaN,NaN,NaN,0,0,0,0,0,0,0,0,0,0,0,0
1.2461,1.3528,1.2551,0,0,0,0,0,0,0,0,0,0,0,0
0.16738,0.15091,0.15685,0,0,0,0,0,0,0,0,0,0,0,0
0.089422,0.083915,0.086987,0,0,0,0,0,0,0,0,0,0,0,0
0.066432,0.067735,0.07567,0,0,0,0,0,0,0,0,0,0,0,0
0.11504,0.098305,0.098094,0,0,0,0,0,0,0,0,0,0,0,0
0.084334,0.084563,0.084741,0,0,0,0,0,0,0,0,0,0,0,0
0.078321,0.054947,0.062716,0,0,0,0,0,0,0,0,0,0,0,0
0.056279,0.064331,0.054715,0,0,0,0,0,0,0,0,0,0,0,0
0.050183,0.051895,0.052124,0,0,0,0,0,0,0,0,0,0,0,0
0.05343,0.030493,0.028786,0,0,0,0,0,0,0,0,0,0,0,0
0.028449,0.02673,0.026998,0,0,0,0,0,0,0,0,0,0,0,0
0.029512,0.036869,0.027668,0,0,0,0,0,0,0,0,0,0,0,0
0.028178,0.027534,0.026313,0,0,0,0,0,0,0,0,0,0,0,0
0.033279,0.026671,0.028546,0,0,0,0,0,0,0,0,0,0,0,0
0.064649,0.051291,0.053322,0,0,0,0,0,0,0,0,0,0,0,0
0.042298,0.028022,0.028519,0,0,0,0,0,0,0,0,0,0,0,0
0.026663,0.036611,0.034667,0,0,0,0,0,0,0,0,0,0,0,0
0.036212,0.036647,0.030994,0,0,0,0,0,0,0,0,0,0,0,0
0.043125,0.027126,0.028009,0,0,0,0,0,0,0,0,0,0,0,0
0.029512,0.028714,0.0275,0,0,0,0,0,0,0,0,0,0,0,0
0.060657,0.053816,0.054009,0,0,0,0,0,0,0,0,0,0,0,0
0.027767,0.03814,0.027332,0,0,0,0,0,0,0,0,0,0,0,0
0.026731,0.026899,0.02701,0,0,0,0,0,0,0,0,0,0,0,0
0.041123,0.028786,0.02735,0,0,0,0,0,0,0,0,0,0,0,0
0.035462,0.026105,0.025052,0,0,0,0,0,0,0,0,0,0,0,0
0.04708,0.03745,0.029379,0,0,0,0,0,0,0,0,0,0,0,0
0.054271,0.048872,0.057828,0,0,0,0,0,0,0,0,0,0,0,0
0.027016,0.036874,0.040292,0,0,0,0,0,0,0,0,0,0,0,0
0.03104,0.035807,0.025752,0,0,0,0,0,0,0,0,0,0,0,0
0.04758,0.036225,0.033885,0,0,0,0,0,0,0,0,0,0,0,0
0.05135,0.047427,0.047717,0,0,0,0,0,0,0,0,0,0,0,0
0.036526,0.030267,0.049723,0,0,0,0,0,0,0,0,0,0,0,0
0.058087,0.057007,0.068204,0,0,0,0,0,0,0,0,0,0,0,0
0.039623,0.030776,0.029949,0,0,0,0,0,0,0,0,0,0,0,0
0.032691,0.038108,0.034245,0,0,0,0,0,0,0,0,0,0,0,0
0.051074,0.03616,0.030799,0,0,0,0,0,0,0,0,0,0,0,0
0.0316,0.026921,0.026056,0,0,0,0,0,0,0,0,0,0,0,0
0.034754,0.033728,0.041472,0,0,0,0,0,0,0,0,0,0,0,0
0.06704,0.051737,0.051354,0,0,0,0,0,0,0,0,0,0,0,0
0.027932,0.029597,0.028267,0,0,0,0,0,0,0,0,0,0,0,0
0.027222,0.026224,0.027274,0,0,0,0,0,0,0,0,0,0,0,0
0.028055,0.028714,0.036857,0,0,0,0,0,0,0,0,0,0,0,0
0.030169,0.027563,0.027381,0,0,0,0,0,0,0,0,0,0,0,0
0.036153,0.038292,0.026181,0,0,0,0,0,0,0,0,0,0,0,0
0.068088,0.063822,0.050028,0,0,0,0,0,0,0,0,0,0,0,0
0.050396,0.028935,0.02811,0,0,0,0,0,0,0,0,0,0,0,0
0.050743,0.025037,0.026461,0,0,0,0,0,0,0,0,0,0,0,0
0.033568,0.024528,0.027017,0,0,0,0,0,0,0,0,0,0,0,0
0.026077,0.023649,0.026314,0,0,0,0,0,0,0,0,0,0,0,0
0.026881,0.027559,0.026005,0,0,0,0,0,0,0,0,0,0,0,0
0.05589,0.05057,0.050769,0,0,0,0,0,0,0,0,0,0,0,0
0.036031,0.029253,0.028801,0,0,0,0,0,0,0,0,0,0,0,0
0.02832,0.024623,0.025123,0,0,0,0,0,0,0,0,0,0,0,0
0.048867,0.029031,0.025817,0,0,0,0,0,0,0,0,0,0,0,0
0.025309,0.026578,0.025842,0,0,0,0,0,0,0,0,0,0,0,0
0.036704,0.026301,0.026582,0,0,0,0,0,0,0,0,0,0,0,0
0.04959,0.050966,0.050066,0,0,0,0,0,0,0,0,0,0,0,0
0.032104,0.030571,0.027536,0,0,0,0,0,0,0,0,0,0,0,0
0.037637,0.027024,0.034639,0,0,0,0,0,0,0,0,0,0,0,0
0.044771,0.027451,0.026217,0,0,0,0,0,0,0,0,0,0,0,0
0.027811,0.025207,0.032623,0,0,0,0,0,0,0,0,0,0,0,0
0.026812,0.025705,0.02505,0,0,0,0,0,0,0,0,0,0,0,0
0.047669,0.05022,0.066917,0,0,0,0,0,0,0,0,0,0,0,0
0.027021,0.035248,0.027035,0,0,0,0,0,0,0,0,0,0,0,0
0.03655,0.024788,0.026718,0,0,0,0,0,0,0,0,0,0,0,0
0.035662,0.035323,0.033046,0,0,0,0,0,0,0,0,0,0,0,0
0.026658,0.025819,0.039813,0,0,0,0,0,0,0,0,0,0,0,0
0.030648,0.02754,0.032337,0,0,0,0,0,0,0,0,0,0,0,0
0.051046,0.051809,0.05198,0,0,0,0,0,0,0,0,0,0,0,0
0.040348,0.030285,0.026962,0,0,0,0,0,0,0,0,0,0,0,0
0.025321,0.024448,0.026071,0,0,0,0,0,0,0,0,0,0,0,0
0.029315,0.027606,0.028272,0,0,0,0,0,0,0,0,0,0,0,0
0.028979,0.040593,0.029115,0,0,0,0,0,0,0,0,0,0,0,0
0.046477,0.027539,0.027278,0,0,0,0,0,0,0,0,0,0,0,0
0.067778,0.049797,0.053329,0,0,0,0,0,0,0,0,0,0,0,0
0.027214,0.025361,0.029488,0,0,0,0,0,0,0,0,0,0,0,0
0.025201,0.025261,0.025903,0,0,0,0,0,0,0,0,0,0,0,0
0.032772,0.025688,0.028105,0,0,0,0,0,0,0,0,0,0,0,0
0.052777,0.026423,0.02717,0,0,0,0,0,0,0,0,0,0,0,0
0.027592,0.026282,0.02705,0,0,0,0,0,0,0,0,0,0,0,0
0.05161,0.047337,0.060111,0,0,0,0,0,0,0,0,0,0,0,0
0.033736,0.02734,0.026487,0,0,0,0,0,0,0,0,0,0,0,0
0.042213,0.024839,0.027303,0,0,0,0,0,0,0,0,0,0,0,0
0.031311,0.024439,0.024977,0,0,0,0,0,0,0,0,0,0,0,0
0.026657,0.02574,0.025412,0,0,0,0,0,0,0,0,0,0,0,0
0.046177,0.042968,0.025259,0,0,0,0,0,0,0,0,0,0,0,0
0.065718,0.050092,0.051755,0,0,0,0,0,0,0,0,0,0,0,0
0.045539,0.025447,0.027378,0,0,0,0,0,0,0,0,0,0,0,0
0.024563,0.024342,0.024854,0,0,0,0,0,0,0,0,0,0,0,0
0.027198,0.025935,0.025364,0,0,0,0,0,0,0,0,0,0,0,0
0.026195,0.025062,0.025045,0,0,0,0,0,0,0,0,0,0,0,0
0.035676,0.025279,0.024431,0,0,0,0,0,0,0,0,0,0,0,0
0.058277,0.048633,0.048798,0,0,0,0,0,0,0,0,0,0,0,0
0.031281,0.027874,0.024452,0,0,0,0,0,0,0,0,0,0,0,0
0.032651,0.035958,0.025241,0,0,0,0,0,0,0,0,0,0,0,0
0.030556,0.023658,0.027838,0,0,0,0,0,0,0,0,0,0,0,0
0.04329,0.02557,0.025048,0,0,0,0,0,0,0,0,0,0,0,0
0.02574,0.024003,0.026489,0,0,0,0,0,0,0,0,0,0,0,0
0.052597,0.05066,0.054025,0,0,0,0,0,0,0,0,0,0,0,0
0.031472,0.032203,0.026969,0,0,0,0,0,0,0,0,0,0,0,0
0.025906,0.036948,0.02559,0,0,0,0,0,0,0,0,0,0,0,0
0.029264,0.026535,0.03657,0,0,0,0,0,0,0,0,0,0,0,0
0.028604,0.024839,0.025452,0,0,0,0,0,0,0,0,0,0,0,0
0.027991,0.026857,0.02465,0,0,0,0,0,0,0,0,0,0,0,0
0.059658,0.051473,0.060267,0,0,0,0,0,0,0,0,0,0,0,0
0.04486,0.024015,0.025844,0,0,0,0,0,0,0,0,0,0,0,0
0.044601,0.025392,0.026185,0,0,0,0,0,0,0,0,0,0,0,0
0.027767,0.025695,0.026407,0,0,0,0,0,0,0,0,0,0,0,0
0.037326,0.025335,0.027182,0,0,0,0,0,0,0,0,0,0,0,0
0.041465,0.024849,0.039246,0,0,0,0,0,0,0,0,0,0,0,0
0.049345,0.049581,0.051904,0,0,0,0,0,0,0,0,0,0,0,0
0.043936,0.026206,0.026046,0,0,0,0,0,0,0,0,0,0,0,0
0.037757,0.032146,0.030163,0,0,0,0,0,0,0,0,0,0,0,0
0.031855,0.027291,0.025829,0,0,0,0,0,0,0,0,0,0,0,0
0.025026,0.02366,0.02525,0,0,0,0,0,0,0,0,0,0,0,0
0.043824,0.034194,0.025771,0,0,0,0,0,0,0,0,0,0,0,0
0.048991,0.04797,0.047738,0,0,0,0,0,0,0,0,0,0,0,0
0.036813,0.024018,0.027726,0,0,0,0,0,0,0,0,0,0,0,0
0.027915,0.048214,0.026549,0,0,0,0,0,0,0,0,0,0,0,0
0.040437,0.023999,0.02589,0,0,0,0,0,0,0,0,0,0,0,0
0.043031,0.026672,0.024766,0,0,0,0,0,0,0,0,0,0,0,0
0.026889,0.024412,0.035296,0,0,0,0,0,0,0,0,0,0,0,0
0.048304,0.049648,0.048,0,0,0,0,0,0,0,0,0,0,0,0
0.045574,0.030427,0.030318,0,0,0,0,0,0,0,0,0,0,0,0
0.024557,0.02694,0.025903,0,0,0,0,0,0,0,0,0,0,0,0
0.034645,0.024424,0.028939,0,0,0,0,0,0,0,0,0,0,0,0
0.031624,0.031642,0.028444,0,0,0,0,0,0,0,0,0,0,0,0
0.039897,0.037026,0.026082,0,0,0,0,0,0,0,0,0,0,0,0
0.064089,0.052346,0.054854,0,0,0,0,0,0,0,0,0,0,0,0
0.033778,0.024344,0.02791,0,0,0,0,0,0,0,0,0,0,0,0
0.042853,0.023813,0.02479,0,0,0,0,0,0,0,0,0,0,0,0
0.036974,0.028119,0.026875,0,0,0,0,0,0,0,0,0,0,0,0
0.044358,0.029219,0.024982,0,0,0,0,0,0,0,0,0,0,0,0
0.029014,0.0357,0.026253,0,0,0,0,0,0,0,0,0,0,0,0
0.071352,0.049823,0.062859,0,0,0,0,0,0,0,0,0,0,0,0
0.035278,0.034806,0.025044,0,0,0,0,0,0,0,0,0,0,0,0
0.059333,0.025506,0.035143,0,0,0,0,0,0,0,0,0,0,0,0
0.046648,0.033624,0.026512,0,0,0,0,0,0,0,0,0,0,0,0
0.053618,0.024705,0.025304,0,0,0,0,0,0,0,0,0,0,0,0
0.047241,0.026662,0.026635,0,0,0,0,0,0,0,0,0,0,0,0
0.061744,0.051079,0.05707,0,0,0,0,0,0,0,0,0,0,0,0
0.029392,0.025179,0.028053,0,0,0,0,0,0,0,0,0,0,0,0
0.046183,0.026196,0.025139,0,0,0,0,0,0,0,0,0,0,0,0
0.046675,0.029017,0.026228,0,0,0,0,0,0,0,0,0,0,0,0
0.042046,0.024857,0.025633,0,0,0,0,0,0,0,0,0,0,0,0
0.027887,0.026648,0.026602,0,0,0,0,0,0,0,0,0,0,0,0
0.073606,0.048414,0.048938,0,0,0,0,0,0,0,0,0,0,0,0
0.026459,0.031622,0.026578,0,0,0,0,0,0,0,0,0,0,0,0
0.046775,0.036536,0.028289,0,0,0,0,0,0,0,0,0,0,0,0
0.040634,0.025344,0.026873,0,0,0,0,0,0,0,0,0,0,0,0
0.034143,0.026672,0.026871,0,0,0,0,0,0,0,0,0,0,0,0
0.040976,0.024878,0.034772,0,0,0,0,0,0,0,0,0,0,0,0
0.049586,0.064286,0.06263,0,0,0,0,0,0,0,0,0,0,0,0
0.027743,0.029077,0.02844,0,0,0,0,0,0,0,0,0,0,0,0
0.027627,0.02662,0.029099,0,0,0,0,0,0,0,0,0,0,0,0
0.045428,0.025404,0.025726,0,0,0,0,0,0,0,0,0,0,0,0
0.03193,0.025575,0.026338,0,0,0,0,0,0,0,0,0,0,0,0
0.043121,0.02613,0.027943,0,0,0,0,0,0,0,0,0,0,0,0
0.049474,0.051213,0.051956,0,0,0,0,0,0,0,0,0,0,0,0
0.026904,0.028189,0.030894,0,0,0,0,0,0,0,0,0,0,0,0
0.046628,0.035581,0.02723,0,0,0,0,0,0,0,0,0,0,0,0
0.037034,0.026652,0.024702,0,0,0,0,0,0,0,0,0,0,0,0
0.025588,0.026536,0.024389,0,0,0,0,0,0,0,0,0,0,0,0
0.027594,0.02679,0.038895,0,0,0,0,0,0,0,0,0,0,0,0
0.049696,0.051561,0.050533,0,0,0,0,0,0,0,0,0,0,0,0
0.044786,0.026933,0.027246,0,0,0,0,0,0,0,0,0,0,0,0
0.03639,0.024984,0.031737,0,0,0,0,0,0,0,0,0,0,0,0
0.031077,0.032487,0.039382,0,0,0,0,0,0,0,0,0,0,0,0
0.033988,0.024149,0.028563,0,0,0,0,0,0,0,0,0,0,0,0
0.031415,0.025349,0.029153,0,0,0,0,0,0,0,0,0,0,0,0
0.063325,0.048617,0.055822,0,0,0,0,0,0,0,0,0,0,0,0
0.046836,0.023289,0.025822,0,0,0,0,0,0,0,0,0,0,0,0
0.024423,0.02563,0.038289,0,0,0,0,0,0,0,0,0,0,0,0
0.026446,0.026143,0.025181,0,0,0,0,0,0,0,0,0,0,0,0
0.027266,0.025731,0.024977,0,0,0,0,0,0,0,0,0,0,0,0
0.034251,0.02573,0.02554,0,0,0,0,0,0,0,0,0,0,0,0
0.066535,0.062316,0.048485,0,0,0,0,0,0,0,0,0,0,0,0
0.030726,0.025643,0.029151,0,0,0,0,0,0,0,0,0,0,0,0
0.044544,0.034522,0.024836,0,0,0,0,0,0,0,0,0,0,0,0
0.036472,0.02491,0.025814,0,0,0,0,0,0,0,0,0,0,0,0
0.049166,0.025014,0.025349,0,0,0,0,0,0,0,0,0,0,0,0
0.04247,0.026498,0.026265,0,0,0,0,0,0,0,0,0,0,0,0
0.056843,0.057524,0.047956,0,0,0,0,0,0,0,0,0,0,0,0
0.030408,0.02437,0.025287,0,0,0,0,0,0,0,0,0,0,0,0
0.026759,0.035638,0.026997,0,0,0,0,0,0,0,0,0,0,0,0
0.02607,0.024162,0.026756,0,0,0,0,0,0,0,0,0,0,0,0
0.027612,0.025264,0.024126,0,0,0,0,0,0,0,0,0,0,0,0
0.026175,0.023784,0.023794,0,0,0,0,0,0,0,0,0,0,0,0
0.065589,0.046974,0.050443,0,0,0,0,0,0,0,0,0,0,0,0
0.042479,0.024858,0.035512,0,0,0,0,0,0,0,0,0,0,0,0
0.044969,0.02584,0.035704,0,0,0,0,0,0,0,0,0,0,0,0
0.026202,0.025864,0.029428,0,0,0,0,0,0,0,0,0,0,0,0
0.043536,0.024383,0.029601,0,0,0,0,0,0,0,0,0,0,0,0
0.025611,0.029377,0.024372,0,0,0,0,0,0,0,0,0,0,0,0
0.060065,0.067199,0.050631,0,0,0,0,0,0,0,0,0,0,0,0
0.031676,0.028254,0.025301,0,0,0,0,0,0,0,0,0,0,0,0
0.041085,0.027339,0.024111,0,0,0,0,0,0,0,0,0,0,0,0
0.029314,0.027144,0.031775,0,0,0,0,0,0,0,0,0,0,0,0
0.025989,0.027286,0.024316,0,0,0,0,0,0,0,0,0,0,0,0
0.026818,0.026902,0.026559,0,0,0,0,0,0,0,0,0,0,0,0
0.065957,0.058522,0.05783,0,0,0,0,0,0,0,0,0,0,0,0
0.037002,0.03298,0.035943,0,0,0,0,0,0,0,0,0,0,0,0
0.040369,0.037,0.026753,0,0,0,0,0,0,0,0,0,0,0,0
0.031679,0.026171,0.026862,0,0,0,0,0,0,0,0,0,0,0,0
0.029387,0.027089,0.031065,0,0,0,0,0,0,0,0,0,0,0,0
0.033574,0.028586,0.035694,0,0,0,0,0,0,0,0,0,0,0,0
0.083298,0.062282,0.054686,0,0,0,0,0,0,0,0,0,0,0,0
0.043464,0.027857,0.029406,0,0,0,0,0,0,0,0,0,0,0,0
0.029795,0.027152,0.027102,0,0,0,0,0,0,0,0,0,0,0,0
0.048954,0.029022,0.035332,0,0,0,0,0,0,0,0,0,0,0,0
0.047572,0.026717,0.025534,0,0,0,0,0,0,0,0,0,0,0,0
0.028912,0.033944,0.026233,0,0,0,0,0,0,0,0,0,0,0,0
0.059019,0.060247,0.055633,0,0,0,0,0,0,0,0,0,0,0,0
0.059266,0.025895,0.024138,0,0,0,0,0,0,0,0,0,0,0,0
0.045216,0.024393,0.025023,0,0,0,0,0,0,0,0,0,0,0,0
0.046188,0.025192,0.025401,0,0,0,0,0,0,0,0,0,0,0,0
0.031464,0.023839,0.02537,0,0,0,0,0,0,0,0,0,0,0,0
0.027144,0.024742,0.025782,0,0,0,0,0,0,0,0,0,0,0,0
0.076204,0.057017,0.057876,0,0,0,0,0,0,0,0,0,0,0,0
0.024677,0.024578,0.035851,0,0,0,0,0,0,0,0,0,0,0,0
0.047775,0.024971,0.026151,0,0,0,0,0,0,0,0,0,0,0,0
0.04111,0.025286,0.032565,0,0,0,0,0,0,0,0,0,0,0,0
0.036686,0.033754,0.025804,0,0,0,0,0,0,0,0,0,0,0,0
0.029462,0.024875,0.032816,0,0,0,0,0,0,0,0,0,0,0,0
0.074194,0.050186,0.049268,0,0,0,0,0,0,0,0,0,0,0,0
0.02836,0.024787,0.026351,0,0,0,0,0,0,0,0,0,0,0,0
0.034789,0.025748,0.024659,0,0,0,0,0,0,0,0,0,0,0,0
0.039525,0.028656,0.025664,0,0,0,0,0,0,0,0,0,0,0,0
0.050063,0.027766,0.02434,0,0,0,0,0,0,0,0,0,0,0,0
0.043749,0.025338,0.024755,0,0,0,0,0,0,0,0,0,0,0,0
0.049977,0.049976,0.048213,0,0,0,0,0,0,0,0,0,0,0,0
0.051725,0.0243,0.024912,0,0,0,0,0,0,0,0,0,0,0,0
0.035576,0.02412,0.02502,0,0,0,0,0,0,0,0,0,0,0,0
0.032544,0.033052,0.030548,0,0,0,0,0,0,0,0,0,0,0,0
0.029141,0.024591,0.035513,0,0,0,0,0,0,0,0,0,0,0,0
0.032797,0.035401,0.032336,0,0,0,0,0,0,0,0,0,0,0,0
0.067351,0.049793,0.053276,0,0,0,0,0,0,0,0,0,0,0,0
0.027549,0.02402,0.025111,0,0,0,0,0,0,0,0,0,0,0,0
0.030683,0.025403,0.023898,0,0,0,0,0,0,0,0,0,0,0,0
0.030089,0.025391,0.024649,0,0,0,0,0,0,0,0,0,0,0,0
0.025528,0.024866,0.024302,0,0,0,0,0,0,0,0,0,0,0,0
0.024022,0.024434,0.024812,0,0,0,0,0,0,0,0,0,0,0,0
0.049835,0.056015,0.048937,0,0,0,0,0,0,0,0,0,0,0,0
0.023182,0.035587,0.023843,0,0,0,0,0,0,0,0,0,0,0,0
0.036018,0.024631,0.02413,0,0,0,0,0,0,0,0,0,0,0,0
0.023344,0.024126,0.030107,0,0,0,0,0,0,0,0,0,0,0,0
0.037092,0.023594,0.024868,0,0,0,0,0,0,0,0,0,0,0,0
0.036359,0.024682,0.024726,0,0,0,0,0,0,0,0,0,0,0,0
0.070755,0.051056,0.058288,0,0,0,0,0,0,0,0,0,0,0,0
0.045357,0.025336,0.023945,0,0,0,0,0,0,0,0,0,0,0,0
0.046196,0.028957,0.036536,0,0,0,0,0,0,0,0,0,0,0,0
0.043178,0.035565,0.028587,0,0,0,0,0,0,0,0,0,0,0,0
0.032452,0.035847,0.024853,0,0,0,0,0,0,0,0,0,0,0,0
0.024945,0.034899,0.025369,0,0,0,0,0,0,0,0,0,0,0,0
0.06702,0.058178,0.060053,0,0,0,0,0,0,0,0,0,0,0,0
0.047389,0.027082,0.023735,0,0,0,0,0,0,0,0,0,0,0,0
0.035522,0.0275,0.026099,0,0,0,0,0,0,0,0,0,0,0,0
0.043663,0.026222,0.025538,0,0,0,0,0,0,0,0,0,0,0,0
0.062137,0.024894,0.03492,0,0,0,0,0,0,0,0,0,0,0,0
0.041441,0.025196,0.024863,0,0,0,0,0,0,0,0,0,0,0,0
0.059018,0.053716,0.054696,0,0,0,0,0,0,0,0,0,0,0,0
0.051844,0.027967,0.042701,0,0,0,0,0,0,0,0,0,0,0,0
0.024589,0.023799,0.025724,0,0,0,0,0,0,0,0,0,0,0,0
0.024512,0.022908,0.032396,0,0,0,0,0,0,0,0,0,0,0,0
0.031345,0.022641,0.025549,0,0,0,0,0,0,0,0,0,0,0,0
0.022557,0.024465,0.028418,0,0,0,0,0,0,0,0,0,0,0,0
0.065535,0.049505,0.055796,0,0,0,0,0,0,0,0,0,0,0,0
0.02617,0.025616,0.026126,0,0,0,0,0,0,0,0,0,0,0,0
0.043138,0.028335,0.033525,0,0,0,0,0,0,0,0,0,0,0,0
0.03244,0.024147,0.029248,0,0,0,0,0,0,0,0,0,0,0,0
0.024112,0.024717,0.024306,0,0,0,0,0,0,0,0,0,0,0,0
0.026133,0.025199,0.025017,0,0,0,0,0,0,0,0,0,0,0,0
0.07493,0.047916,0.054554,0,0,0,0,0,0,0,0,0,0,0,0
0.043195,0.024237,0.023987,0,0,0,0,0,0,0,0,0,0,0,0
0.039175,0.025221,0.024762,0,0,0,0,0,0,0,0,0,0,0,0
0.030913,0.026079,0.034988,0,0,0,0,0,0,0,0,0,0,0,0
0.036768,0.024968,0.023939,0,0,0,0,0,0,0,0,0,0,0,0
0.023448,0.025064,0.024317,0,0,0,0,0,0,0,0,0,0,0,0
0.07525,0.049937,0.059574,0,0,0,0,0,0,0,0,0,0,0,0
0.034003,0.039277,0.036471,0,0,0,0,0,0,0,0,0,0,0,0
0.039146,0.023965,0.025634,0,0,0,0,0,0,0,0,0,0,0,0
0.023887,0.023043,0.024901,0,0,0,0,0,0,0,0,0,0,0,0
0.04449,0.036879,0.025287,0,0,0,0,0,0,0,0,0,0,0,0
0.042568,0.022639,0.024783,0,0,0,0,0,0,0,0,0,0,0,0
0.050486,0.050852,0.050104,0,0,0,0,0,0,0,0,0,0,0,0
0.037742,0.033301,0.025362,0,0,0,0,0,0,0,0,0,0,0,0
0.029658,0.022987,0.024283,0,0,0,0,0,0,0,0,0,0,0,0
0.025561,0.025293,0.024392,0,0,0,0,0,0,0,0,0,0,0,0
0.032357,0.028362,0.02398,0,0,0,0,0,0,0,0,0,0,0,0
0.053373,0.023397,0.036304,0,0,0,0,0,0,0,0,0,0,0,0
0.051796,0.050133,0.057949,0,0,0,0,0,0,0,0,0,0,0,0
0.027059,0.024093,0.025497,0,0,0,0,0,0,0,0,0,0,0,0
0.03933,0.024635,0.026046,0,0,0,0,0,0,0,0,0,0,0,0
0.027974,0.027563,0.024937,0,0,0,0,0,0,0,0,0,0,0,0
0.027759,0.024609,0.025976,0,0,0,0,0,0,0,0,0,0,0,0
0.039857,0.025868,0.023323,0,0,0,0,0,0,0,0,0,0,0,0
0.069226,0.055898,0.04474,0,0,0,0,0,0,0,0,0,0,0,0
0.029999,0.024708,0.023866,0,0,0,0,0,0,0,0,0,0,0,0
0.032779,0.026248,0.022907,0,0,0,0,0,0,0,0,0,0,0,0
0.04337,0.026757,0.023733,0,0,0,0,0,0,0,0,0,0,0,0
0.028001,0.027008,0.023519,0,0,0,0,0,0,0,0,0,0,0,0
0.030439,0.029461,0.024476,0,0,0,0,0,0,0,0,0,0,0,0
0.053687,0.060233,0.057111,0,0,0,0,0,0,0,0,0,0,0,0
0.025628,0.024093,0.024254,0,0,0,0,0,0,0,0,0,0,0,0
0.034116,0.02665,0.02427,0,0,0,0,0,0,0,0,0,0,0,0
0.038812,0.023697,0.035143,0,0,0,0,0,0,0,0,0,0,0,0
0.025586,0.023219,0.022904,0,0,0,0,0,0,0,0,0,0,0,0
0.031216,0.023918,0.023146,0,0,0,0,0,0,0,0,0,0,0,0
0.056021,0.045678,0.050108,0,0,0,0,0,0,0,0,0,0,0,0
0.023245,0.022881,0.023104,0,0,0,0,0,0,0,0,0,0,0,0
0.027869,0.022876,0.024749,0,0,0,0,0,0,0,0,0,0,0,0
0.030682,0.024268,0.023629,0,0,0,0,0,0,0,0,0,0,0,0
0.031292,0.024202,0.025662,0,0,0,0,0,0,0,0,0,0,0,0
0.02295,0.025591,0.03007,0,0,0,0,0,0,0,0,0,0,0,0
0.065869,0.050328,0.047713,0,0,0,0,0,0,0,0,0,0,0,0
0.039253,0.02501,0.039494,0,0,0,0,0,0,0,0,0,0,0,0
0.025767,0.025793,0.029437,0,0,0,0,0,0,0,0,0,0,0,0
0.027889,0.041844,0.024568,0,0,0,0,0,0,0,0,0,0,0,0
0.024886,0.025424,0.026636,0,0,0,0,0,0,0,0,0,0,0,0
0.03799,0.02639,0.024708,0,0,0,0,0,0,0,0,0,0,0,0
0.074433,0.047863,0.055724,0,0,0,0,0,0,0,0,0,0,0,0
0.047949,0.025299,0.022245,0,0,0,0,0,0,0,0,0,0,0,0
0.035774,0.022977,0.023385,0,0,0,0,0,0,0,0,0,0,0,0
0.045761,0.023685,0.023607,0,0,0,0,0,0,0,0,0,0,0,0
0.026764,0.023151,0.024248,0,0,0,0,0,0,0,0,0,0,0,0
0.026231,0.023611,0.036156,0,0,0,0,0,0,0,0,0,0,0,0
0.057355,0.056085,0.045794,0,0,0,0,0,0,0,0,0,0,0,0
0.036004,0.026648,0.023132,0,0,0,0,0,0,0,0,0,0,0,0
0.057311,0.033956,0.023751,0,0,0,0,0,0,0,0,0,0,0,0
0.02762,0.02501,0.027159,0,0,0,0,0,0,0,0,0,0,0,0
0.049611,0.023668,0.024073,0,0,0,0,0,0,0,0,0,0,0,0
0.023088,0.025408,0.023017,0,0,0,0,0,0,0,0,0,0,0,0
0.050583,0.049635,0.045734,0,0,0,0,0,0,0,0,0,0,0,0
0.022332,0.024194,0.024531,0,0,0,0,0,0,0,0,0,0,0,0
0.036672,0.024843,0.028623,0,0,0,0,0,0,0,0,0,0,0,0
0.035713,0.031179,0.043735,0,0,0,0,0,0,0,0,0,0,0,0
0.034133,0.023722,0.027741,0,0,0,0,0,0,0,0,0,0,0,0
0.041148,0.023405,0.022875,0,0,0,0,0,0,0,0,0,0,0,0
0.057134,0.053834,0.048883,0,0,0,0,0,0,0,0,0,0,0,0
0.050506,0.026126,0.035496,0,0,0,0,0,0,0,0,0,0,0,0
0.023975,0.023413,0.023133,0,0,0,0,0,0,0,0,0,0,0,0
0.023628,0.026976,0.023003,0,0,0,0,0,0,0,0,0,0,0,0
0.046046,0.024035,0.023019,0,0,0,0,0,0,0,0,0,0,0,0
0.025859,0.036401,0.024725,0,0,0,0,0,0,0,0,0,0,0,0
0.047586,0.045376,0.050509,0,0,0,0,0,0,0,0,0,0,0,0
0.02296,0.027742,0.033677,0,0,0,0,0,0,0,0,0,0,0,0
0.025393,0.022593,0.036808,0,0,0,0,0,0,0,0,0,0,0,0
0.022503,0.022636,0.0241,0,0,0,0,0,0,0,0,0,0,0,0
0.03424,0.023209,0.024322,0,0,0,0,0,0,0,0,0,0,0,0
0.042931,0.03836,0.023533,0,0,0,0,0,0,0,0,0,0,0,0
0.049201,0.044876,0.058736,0,0,0,0,0,0,0,0,0,0,0,0
0.024684,0.022442,0.024229,0,0,0,0,0,0,0,0,0,0,0,0
0.031244,0.028408,0.034791,0,0,0,0,0,0,0,0,0,0,0,0
0.022618,0.024298,0.022817,0,0,0,0,0,0,0,0,0,0,0,0
0.039969,0.033602,0.023211,0,0,0,0,0,0,0,0,0,0,0,0
0.027818,0.035359,0.023299,0,0,0,0,0,0,0,0,0,0,0,0
0.062867,0.048829,0.045814,0,0,0,0,0,0,0,0,0,0,0,0
0.040191,0.02434,0.023219,0,0,0,0,0,0,0,0,0,0,0,0
0.032535,0.027769,0.039587,0,0,0,0,0,0,0,0,0,0,0,0
0.02325,0.031125,0.02342,0,0,0,0,0,0,0,0,0,0,0,0
0.029692,0.029053,0.023888,0,0,0,0,0,0,0,0,0,0,0,0
0.042289,0.024709,0.024144,0,0,0,0,0,0,0,0,0,0,0,0
0.053303,0.046308,0.043929,0,0,0,0,0,0,0,0,0,0,0,0
0.042286,0.023324,0.023038,0,0,0,0,0,0,0,0,0,0,0,0
0.028544,0.04447,0.02926,0,0,0,0,0,0,0,0,0,0,0,0
0.02319,0.035251,0.024264,0,0,0,0,0,0,0,0,0,0,0,0
0.030822,0.036483,0.034931,0,0,0,0,0,0,0,0,0,0,0,0
0.022222,0.024329,0.023437,0,0,0,0,0,0,0,0,0,0,0,0
0.049621,0.048313,0.046245,0,0,0,0,0,0,0,0,0,0,0,0
0.02239,0.024003,0.024392,0,0,0,0,0,0,0,0,0,0,0,0
0.028157,0.024383,0.023729,0,0,0,0,0,0,0,0,0,0,0,0
0.029385,0.024036,0.026845,0,0,0,0,0,0,0,0,0,0,0,0
0.033488,0.022433,0.023058,0,0,0,0,0,0,0,0,0,0,0,0
0.035338,0.02357,0.039076,0,0,0,0,0,0,0,0,0,0,0,0
0.047084,0.044894,0.045346,0,0,0,0,0,0,0,0,0,0,0,0
0.023116,0.030171,0.02826,0,0,0,0,0,0,0,0,0,0,0,0
0.029536,0.022172,0.023683,0,0,0,0,0,0,0,0,0,0,0,0
0.040642,0.023398,0.023185,0,0,0,0,0,0,0,0,0,0,0,0
0.026377,0.022934,0.022985,0,0,0,0,0,0,0,0,0,0,0,0
0.029565,0.023068,0.024196,0,0,0,0,0,0,0,0,0,0,0,0
0.055513,0.045942,0.045536,0,0,0,0,0,0,0,0,0,0,0,0
0.025604,0.031728,0.023193,0,0,0,0,0,0,0,0,0,0,0,0
0.04689,0.023017,0.022698,0,0,0,0,0,0,0,0,0,0,0,0
0.0219,0.026771,0.026638,0,0,0,0,0,0,0,0,0,0,0,0
0.026827,0.022609,0.023576,0,0,0,0,0,0,0,0,0,0,0,0
0.029195,0.023404,0.023263,0,0,0,0,0,0,0,0,0,0,0,0
0.047827,0.051071,0.045819,0,0,0,0,0,0,0,0,0,0,0,0
0.030024,0.035819,0.023534,0,0,0,0,0,0,0,0,0,0,0,0
0.023601,0.024395,0.023153,0,0,0,0,0,0,0,0,0,0,0,0
0.023586,0.026184,0.023422,0,0,0,0,0,0,0,0,0,0,0,0
0.028017,0.040426,0.023083,0,0,0,0,0,0,0,0,0,0,0,0
0.042642,0.02817,0.032319,0,0,0,0,0,0,0,0,0,0,0,0
0.05766,0.047447,0.044735,0,0,0,0,0,0,0,0,0,0,0,0
0.055271,0.025371,0.024214,0,0,0,0,0,0,0,0,0,0,0,0
0.034441,0.023646,0.022789,0,0,0,0,0,0,0,0,0,0,0,0
0.043802,0.022428,0.022755,0,0,0,0,0,0,0,0,0,0,0,0
0.024875,0.022768,0.022925,0,0,0,0,0,0,0,0,0,0,0,0
0.035516,0.036262,0.023883,0,0,0,0,0,0,0,0,0,0,0,0
0.051617,0.048437,0.047939,0,0,0,0,0,0,0,0,0,0,0,0
0.02667,0.022834,0.023219,0,0,0,0,0,0,0,0,0,0,0,0
0.043522,0.022803,0.03327,0,0,0,0,0,0,0,0,0,0,0,0
0.02669,0.023215,0.023091,0,0,0,0,0,0,0,0,0,0,0,0
0.025375,0.027691,0.023448,0,0,0,0,0,0,0,0,0,0,0,0
0.023333,0.02447,0.02295,0,0,0,0,0,0,0,0,0,0,0,0
0.055364,0.046141,0.046379,0,0,0,0,0,0,0,0,0,0,0,0
0.032631,0.023862,0.023634,0,0,0,0,0,0,0,0,0,0,0,0
0.050412,0.025538,0.02294,0,0,0,0,0,0,0,0,0,0,0,0
0.032461,0.022975,0.023696,0,0,0,0,0,0,0,0,0,0,0,0
0.044722,0.022471,0.022638,0,0,0,0,0,0,0,0,0,0,0,0
0.024862,0.023194,0.023406,0,0,0,0,0,0,0,0,0,0,0,0
0.073412,0.049941,0.056299,0,0,0,0,0,0,0,0,0,0,0,0
0.033073,0.023519,0.023426,0,0,0,0,0,0,0,0,0,0,0,0
0.026737,0.036143,0.036954,0,0,0,0,0,0,0,0,0,0,0,0
0.031238,0.024389,0.023833,0,0,0,0,0,0,0,0,0,0,0,0
0.031511,0.036659,0.022933,0,0,0,0,0,0,0,0,0,0,0,0
0.023028,0.023813,0.023663,0,0,0,0,0,0,0,0,0,0,0,0
0.062705,0.047878,0.046021,0,0,0,0,0,0,0,0,0,0,0,0
0.032926,0.022521,0.023187,0,0,0,0,0,0,0,0,0,0,0,0
0.024194,0.022847,0.023516,0,0,0,0,0,0,0,0,0,0,0,0
0.023688,0.026423,0.023055,0,0,0,0,0,0,0,0,0,0,0,0
0.023614,0.033854,0.022863,0,0,0,0,0,0,0,0,0,0,0,0
0.036704,0.026169,0.023257,0,0,0,0,0,0,0,0,0,0,0,0
0.069527,0.045205,0.045183,0,0,0,0,0,0,0,0,0,0,0,0
0.023769,0.029685,0.023783,0,0,0,0,0,0,0,0,0,0,0,0
0.032612,0.039354,0.024218,0,0,0,0,0,0,0,0,0,0,0,0
0.029923,0.024019,0.025488,0,0,0,0,0,0,0,0,0,0,0,0
0.023613,0.037924,0.022924,0,0,0,0,0,0,0,0,0,0,0,0
0.042898,0.022816,0.024652,0,0,0,0,0,0,0,0,0,0,0,0
0.062768,0.047492,0.049976,0,0,0,0,0,0,0,0,0,0,0,0
0.033745,0.024901,0.024656,0,0,0,0,0,0,0,0,0,0,0,0
0.041551,0.022774,0.022982,0,0,0,0,0,0,0,0,0,0,0,0
0.022796,0.024429,0.024499,0,0,0,0,0,0,0,0,0,0,0,0
0.029462,0.027147,0.022732,0,0,0,0,0,0,0,0,0,0,0,0
0.023281,0.033196,0.022748,0,0,0,0,0,0,0,0,0,0,0,0
0.064304,0.044674,0.045012,0,0,0,0,0,0,0,0,0,0,0,0
0.039705,0.024328,0.022911,0,0,0,0,0,0,0,0,0,0,0,0
0.027276,0.021633,0.023076,0,0,0,0,0,0,0,0,0,0,0,0
0.027345,0.024929,0.024738,0,0,0,0,0,0,0,0,0,0,0,0
0.04845,0.02339,0.023906,0,0,0,0,0,0,0,0,0,0,0,0
0.043529,0.024082,0.034014,0,0,0,0,0,0,0,0,0,0,0,0
0.066929,0.044769,0.053645,0,0,0,0,0,0,0,0,0,0,0,0
0.022558,0.023982,0.025224,0,0,0,0,0,0,0,0,0,0,0,0
0.053071,0.023636,0.024256,0,0,0,0,0,0,0,0,0,0,0,0
0.040648,0.024612,0.023966,0,0,0,0,0,0,0,0,0,0,0,0
0.039445,0.022388,0.023931,0,0,0,0,0,0,0,0,0,0,0,0
0.022565,0.033873,0.023718,0,0,0,0,0,0,0,0,0,0,0,0
0.055861,0.044995,0.045435,0,0,0,0,0,0,0,0,0,0,0,0
0.040509,0.023719,0.023302,0,0,0,0,0,0,0,0,0,0,0,0
0.024314,0.02142,0.030349,0,0,0,0,0,0,0,0,0,0,0,0
0.026489,0.023764,0.023351,0,0,0,0,0,0,0,0,0,0,0,0
0.032994,0.022711,0.023118,0,0,0,0,0,0,0,0,0,0,0,0
0.041523,0.023032,0.023291,0,0,0,0,0,0,0,0,0,0,0,0
NaN,NaN,NaN,0,0,0,0,0,0,0,0,0,0,0,0
NaN,NaN,NaN,0,0,0,0,0,0,0,0,0,0,0,0
NaN,NaN,NaN,0,0,0,0,0,0,0,0,0,0,0,0
NaN,NaN,NaN,0,0,0,0,0,0,0,0,0,0,0,0
1.1875,1.3239,1.21,0,0,0,0,0,0,0,0,0,0,0,0
0.17078,0.1466,0.14869,0,0,0,0,0,0,0,0,0,0,0,0
0.080731,0.079965,0.080604,0,0,0,0,0,0,0,0,0,0,0,0
0.065026,0.066177,0.070937,0,0,0,0,0,0,0,0,0,0,0,0
0.11776,0.096434,0.10463,0,0,0,0,0,0,0,0,0,0,0,0
0.082053,0.085246,0.08248,0,0,0,0,0,0,0,0,0,0,0,0
0.081144,0.052539,0.0611,0,0,0,0,0,0,0,0,0,0,0,0
0.07584,0.054092,0.055607,0,0,0,0,0,0,0,0,0,0,0,0
0.055594,0.050916,0.051722,0,0,0,0,0,0,0,0,0,0,0,0
0.034997,0.024515,0.026248,0,0,0,0,0,0,0,0,0,0,0,0
0.04009,0.024396,0.023828,0,0,0,0,0,0,0,0,0,0,0,0
0.026539,0.024353,0.02604,0,0,0,0,0,0,0,0,0,0,0,0
0.026077,0.025021,0.037374,0,0,0,0,0,0,0,0,0,0,0,0
0.045067,0.027188,0.034674,0,0,0,0,0,0,0,0,0,0,0,0
0.053624,0.053901,0.052367,0,0,0,0,0,0,0,0,0,0,0,0
0.040157,0.029448,0.028682,0,0,0,0,0,0,0,0,0,0,0,0
0.029594,0.026113,0.042306,0,0,0,0,0,0,0,0,0,0,0,0
0.033763,0.026648,0.026504,0,0,0,0,0,0,0,0,0,0,0,0
0.026098,0.025271,0.025113,0,0,0,0,0,0,0,0,0,0,0,0
0.034747,0.035117,0.027421,0,0,0,0,0,0,0,0,0,0,0,0
0.061039,0.051894,0.051962,0,0,0,0,0,0,0,0,0,0,0,0
0.028938,0.027523,0.026711,0,0,0,0,0,0,0,0,0,0,0,0
0.044067,0.023838,0.034113,0,0,0,0,0,0,0,0,0,0,0,0
0.036045,0.029395,0.04509,0,0,0,0,0,0,0,0,0,0,0,0
0.046651,0.022914,0.024031,0,0,0,0,0,0,0,0,0,0,0,0
0.029809,0.025113,0.026827,0,0,0,0,0,0,0,0,0,0,0,0
0.056216,0.049251,0.055942,0,0,0,0,0,0,0,0,0,0,0,0
0.032349,0.037663,0.031137,0,0,0,0,0,0,0,0,0,0,0,0
0.026468,0.035993,0.023747,0,0,0,0,0,0,0,0,0,0,0,0
0.031674,0.028932,0.036194,0,0,0,0,0,0,0,0,0,0,0,0
0.036814,0.056516,0.036774,0,0,0,0,0,0,0,0,0,0,0,0
0.0426,0.032286,0.034347,0,0,0,0,0,0,0,0,0,0,0,0
0.078259,0.061006,0.061676,0,0,0,0,0,0,0,0,0,0,0,0
0.0443,0.030546,0.035339,0,0,0,0,0,0,0,0,0,0,0,0
0.054367,0.032943,0.035314,0,0,0,0,0,0,0,0,0,0,0,0
0.055435,0.030109,0.030767,0,0,0,0,0,0,0,0,0,0,0,0
0.037386,0.027403,0.029536,0,0,0,0,0,0,0,0,0,0,0,0
0.047711,0.029499,0.028977,0,0,0,0,0,0,0,0,0,0,0,0
0.056759,0.054644,0.058133,0,0,0,0,0,0,0,0,0,0,0,0
0.029555,0.030854,0.036416,0,0,0,0,0,0,0,0,0,0,0,0
0.027983,0.028173,0.025658,0,0,0,0,0,0,0,0,0,0,0,0
0.04337,0.050554,0.02887,0,0,0,0,0,0,0,0,0,0,0,0
0.056426,0.026011,0.026278,0,0,0,0,0,0,0,0,0,0,0,0
0.042217,0.032203,0.030716,0,0,0,0,0,0,0,0,0,0,0,0
0.075087,0.054291,0.049897,0,0,0,0,0,0,0,0,0,0,0,0
0.027629,0.026789,0.028595,0,0,0,0,0,0,0,0,0,0,0,0
0.027785,0.02737,0.038046,0,0,0,0,0,0,0,0,0,0,0,0
0.045011,0.038409,0.039037,0,0,0,0,0,0,0,0,0,0,0,0
0.033348,0.048302,0.029197,0,0,0,0,0,0,0,0,0,0,0,0
0.04658,0.025702,0.03001,0,0,0,0,0,0,0,0,0,0,0,0
0.051755,0.047406,0.056189,0,0,0,0,0,0,0,0,0,0,0,0
0.029231,0.029084,0.035447,0,0,0,0,0,0,0,0,0,0,0,0
0.025966,0.025815,0.025536,0,0,0,0,0,0,0,0,0,0,0,0
0.028086,0.038653,0.027875,0,0,0,0,0,0,0,0,0,0,0,0
0.036684,0.02498,0.026137,0,0,0,0,0,0,0,0,0,0,0,0
0.028841,0.035822,0.033729,0,0,0,0,0,0,0,0,0,0,0,0
0.074393,0.061579,0.052577,0,0,0,0,0,0,0,0,0,0,0,0
0.039627,0.030639,0.029117,0,0,0,0,0,0,0,0,0,0,0,0
0.026252,0.028589,0.027364,0,0,0,0,0,0,0,0,0,0,0,0
0.048199,0.028534,0.027842,0,0,0,0,0,0,0,0,0,0,0,0
0.042101,0.027544,0.02644,0,0,0,0,0,0,0,0,0,0,0,0
0.055532,0.03165,0.027406,0,0,0,0,0,0,0,0,0,0,0,0
0.048227,0.055696,0.047143,0,0,0,0,0,0,0,0,0,0,0,0
0.027704,0.039978,0.027513,0,0,0,0,0,0,0,0,0,0,0,0
0.027111,0.030857,0.025535,0,0,0,0,0,0,0,0,0,0,0,0
0.042601,0.030086,0.028389,0,0,0,0,0,0,0,0,0,0,0,0
0.04422,0.027854,0.027312,0,0,0,0,0,0,0,0,0,0,0,0
0.027205,0.028902,0.027292,0,0,0,0,0,0,0,0,0,0,0,0
0.050367,0.056757,0.053043,0,0,0,0,0,0,0,0,0,0,0,0
0.028487,0.030347,0.029262,0,0,0,0,0,0,0,0,0,0,0,0
0.046749,0.034246,0.026426,0,0,0,0,0,0,0,0,0,0,0,0
NaN,NaN,NaN,0,0,0,0,0,0,0,0,0,0,0,0
NaN,NaN,NaN,0,0,0,0,0,0,0,0,0,0,0,0
NaN,NaN,NaN,0,0,0,0,0,0,0,0,0,0,0,0
NaN,NaN,NaN,0,0,0,0,0,0,0,0,0,0,0,0
1.2705,1.5024,1.2336,0,0,0,0,0,0,0,0,0,0,0,0
0.17275,0.14904,0.15121,0,0,0,0,0,0,0,0,0,0,0,0
