1.0224
0.14545
0.073033
0.051575
0.082413
NaN
0.067051
0.038214
0.05192
0.048178
0.024664
0.018013
0.016625
0.016992
0.016571
0.047528
0.019508
0.015932
0.017361
0.01738
0.021317
0.035159
0.018187
0.019544
NaN
NaN
NaN
NaN
1.0557
0.14032
0.069676
0.053802
0.084265
NaN
0.071524
0.041287
0.043828
0.039953
0.021667
0.017856
0.016867
NaN
NaN
NaN
NaN
1.0137
0.13828
0.069984
0.057934
0.088622
NaN
0.068003
0.035958
0.053752
0.043269
0.031405
0.017233
0.016833
NaN
NaN
NaN
NaN
1.0217
0.15067
0.069737
0.059228
0.088115
NaN
0.062126
0.035898
0.038739
0.036649
0.017283
0.030512
0.017899
0.01763
0.01727
0.035279
0.015525
0.01574
0.016806
0.01665
0.025004
0.031678
0.017535
0.025766
0.016961
0.017125
0.017244
0.034688
0.024637
0.023767
0.018883
0.032982
0.027331
0.051183
0.02624
0.030649
0.017626
0.01866
0.0191
0.041293
NaN
NaN
NaN
NaN
1.0416
0.1403
0.072788
0.060332
0.088068
NaN
0.064997
0.038091
0.04346
0.036797
0.019208
0.018219
0.017746
0.017905
0.018649
0.047358
0.018854
0.017857
0.01812
0.025121
0.023717
0.04904
NaN
NaN
NaN
NaN
1.0464
0.14627
0.083379
0.054354
0.080789
NaN
0.07318
0.058456
0.0529
0.044184
0.020002
0.01841
0.017616
0.017565
0.018664
0.041503
0.018303
NaN
NaN
NaN
NaN
1.0703
0.12904
0.074922
0.050391
0.077554
