1
376.0000,460.0000,83.0000,88.0000
382.0000,452.0000,84.0000,89.0000
389.0000,444.0000,85.0000,90.0000
392.0000,441.0000,85.0000,90.0000
388.0000,442.0000,85.0000,90.0000
378.0000,446.0000,83.0000,88.0000
365.0000,450.0000,85.0000,89.0000
359.0000,453.0000,87.0000,92.0000
344.0000,470.0000,86.0000,91.0000
273.0000,451.0000,88.0000,93.0000
2
0
0
0
0
1
719.0000,422.0000,103.0000,53.0000
780.0000,409.0000,106.0000,55.0000
843.0000,391.0000,108.0000,56.0000
902.0000,380.0000,111.0000,57.0000
967.0000,369.0000,112.0000,58.0000
1023.0000,363.0000,112.0000,58.0000
1088.0000,353.0000,110.0000,57.0000
1137.0000,345.0000,107.0000,55.0000
1193.0000,337.0000,104.0000,54.0000
1241.0000,328.0000,103.0000,53.0000
1291.0000,319.0000,100.0000,52.0000
1339.0000,312.0000,97.0000,50.0000
1383.0000,303.0000,94.0000,49.0000
1419.0000,293.0000,94.0000,49.0000
1454.0000,285.0000,97.0000,50.0000
1491.0000,278.0000,96.0000,49.0000
1483.0000,282.0000,95.0000,49.0000
1483.0000,285.0000,93.0000,48.0000
1505.0000,289.0000,94.0000,49.0000
1521.0000,295.0000,92.0000,48.0000
1566.0000,295.0000,95.0000,49.0000
1577.0000,277.0000,96.0000,49.0000
1585.0000,278.0000,98.0000,50.0000
1565.0000,284.0000,98.0000,50.0000
1577.0000,309.0000,96.0000,49.0000
1576.0000,307.0000,98.0000,50.0000
1600.0000,287.0000,98.0000,50.0000
1599.0000,280.0000,101.0000,52.0000
1592.0000,273.0000,102.0000,53.0000
1593.0000,284.0000,105.0000,54.0000
1586.0000,280.0000,106.0000,55.0000
1586.0000,272.0000,106.0000,55.0000
1585.0000,262.0000,104.0000,54.0000
1582.0000,254.0000,107.0000,55.0000
2
0
0
0
0
1
1576.0000,217.0000,64.0000,44.0000
1569.0000,211.0000,64.0000,44.0000
1571.0000,208.0000,62.0000,43.0000
1571.0000,204.0000,60.0000,42.0000
1582.0000,193.0000,62.0000,43.0000
1578.0000,221.0000,61.0000,42.0000
1572.0000,220.0000,61.0000,43.0000
2
0
0
0
0
1
1498.0000,200.0000,69.0000,52.0000
2
0
0
0
0
1
1071.0000,269.0000,89.0000,75.0000
1025.0000,281.0000,87.0000,74.0000
976.0000,292.0000,90.0000,76.0000
930.0000,307.0000,88.0000,75.0000
880.0000,320.0000,91.0000,77.0000
833.0000,336.0000,92.0000,78.0000
786.0000,352.0000,92.0000,78.0000
738.0000,370.0000,93.0000,78.0000
690.0000,387.0000,95.0000,80.0000
644.0000,407.0000,96.0000,81.0000
601.0000,424.0000,96.0000,81.0000
555.0000,442.0000,98.0000,83.0000
511.0000,461.0000,100.0000,85.0000
468.0000,483.0000,100.0000,85.0000
429.0000,507.0000,98.0000,82.0000
427.0000,498.0000,98.0000,82.0000
407.0000,498.0000,95.0000,80.0000
407.0000,502.0000,93.0000,78.0000
402.0000,508.0000,91.0000,77.0000
398.0000,553.0000,92.0000,78.0000
395.0000,561.0000,93.0000,78.0000
391.0000,564.0000,96.0000,81.0000
393.0000,565.0000,93.0000,78.0000
392.0000,567.0000,91.0000,77.0000
348.0000,548.0000,93.0000,78.0000
348.0000,541.0000,95.0000,80.0000
347.0000,536.0000,92.0000,78.0000
2
0
0
0
0
1
421.0000,530.0000,69.0000,65.0000
420.0000,533.0000,67.0000,63.0000
421.0000,531.0000,67.0000,63.0000
419.0000,531.0000,66.0000,63.0000
422.0000,530.0000,65.0000,61.0000
421.0000,530.0000,64.0000,61.0000
421.0000,529.0000,65.0000,61.0000
422.0000,527.0000,67.0000,63.0000
426.0000,527.0000,68.0000,64.0000
429.0000,527.0000,68.0000,64.0000
429.0000,526.0000,66.0000,63.0000
437.0000,512.0000,64.0000,61.0000
444.0000,500.0000,63.0000,60.0000
445.0000,497.0000,61.0000,58.0000
440.0000,504.0000,59.0000,56.0000
424.0000,493.0000,58.0000,55.0000
397.0000,520.0000,59.0000,56.0000
399.0000,517.0000,59.0000,56.0000
401.0000,516.0000,61.0000,57.0000
395.0000,529.0000,62.0000,59.0000
2
0
0
0
0
1
939.0000,378.0000,96.0000,48.0000
1011.0000,368.0000,98.0000,49.0000
1079.0000,358.0000,95.0000,47.0000
1147.0000,350.0000,94.0000,47.0000
1214.0000,346.0000,91.0000,45.0000
1271.0000,337.0000,94.0000,47.0000
1330.0000,323.0000,97.0000,48.0000
1393.0000,313.0000,94.0000,47.0000
1451.0000,303.0000,92.0000,46.0000
1504.0000,295.0000,94.0000,47.0000
1560.0000,283.0000,96.0000,48.0000
1583.0000,281.0000,93.0000,46.0000
1601.0000,279.0000,96.0000,48.0000
1625.0000,302.0000,95.0000,47.0000
1607.0000,271.0000,97.0000,48.0000
1624.0000,288.0000,94.0000,47.0000
1625.0000,281.0000,92.0000,46.0000
1625.0000,281.0000,95.0000,47.0000
2
0
0
0
0
1
1567.0000,268.0000,51.0000,21.0000
1557.0000,267.0000,50.0000,20.0000
1550.0000,263.0000,50.0000,20.0000
1574.0000,278.0000,50.0000,20.0000
1560.0000,274.0000,49.0000,20.0000
1551.0000,271.0000,48.0000,19.0000
1560.0000,250.0000,49.0000,20.0000
1559.0000,244.0000,49.0000,20.0000
1559.0000,239.0000,48.0000,19.0000
1554.0000,241.0000,49.0000,20.0000
1554.0000,246.0000,49.0000,20.0000
1549.0000,247.0000,48.0000,19.0000
1540.0000,235.0000,48.0000,19.0000
1534.0000,220.0000,47.0000,19.0000
2
0
0
0
0
1
1303.0000,297.0000,91.0000,63.0000
1253.0000,306.0000,91.0000,64.0000
1204.0000,316.0000,94.0000,66.0000
1154.0000,326.0000,95.0000,66.0000
1108.0000,335.0000,95.0000,66.0000
1062.0000,345.0000,94.0000,66.0000
1017.0000,356.0000,94.0000,66.0000
972.0000,366.0000,95.0000,66.0000
924.0000,375.0000,95.0000,66.0000
881.0000,384.0000,98.0000,68.0000
837.0000,393.0000,101.0000,70.0000
791.0000,401.0000,103.0000,72.0000
750.0000,411.0000,103.0000,72.0000
709.0000,423.0000,100.0000,70.0000
668.0000,433.0000,99.0000,69.0000
631.0000,440.0000,98.0000,68.0000
593.0000,447.0000,101.0000,70.0000
555.0000,455.0000,101.0000,70.0000
518.0000,464.0000,98.0000,68.0000
482.0000,472.0000,98.0000,68.0000
449.0000,481.0000,96.0000,67.0000
420.0000,486.0000,93.0000,65.0000
389.0000,489.0000,94.0000,66.0000
361.0000,491.0000,94.0000,66.0000
331.0000,494.0000,95.0000,66.0000
311.0000,490.0000,96.0000,67.0000
307.0000,489.0000,96.0000,67.0000
300.0000,484.0000,98.0000,68.0000
293.0000,484.0000,97.0000,68.0000
285.0000,486.0000,95.0000,66.0000
279.0000,488.0000,95.0000,66.0000
279.0000,496.0000,93.0000,65.0000
242.0000,486.0000,91.0000,63.0000
251.0000,512.0000,92.0000,64.0000
255.0000,511.0000,94.0000,66.0000
261.0000,509.0000,97.0000,68.0000
271.0000,510.0000,97.0000,68.0000
281.0000,514.0000,96.0000,67.0000
286.0000,525.0000,93.0000,65.0000
289.0000,540.0000,92.0000,64.0000
225.0000,518.0000,92.0000,64.0000
230.0000,514.0000,94.0000,66.0000
2
0
0
0
0
1
559.0000,521.0000,104.0000,59.0000
634.0000,516.0000,104.0000,59.0000
706.0000,508.0000,104.0000,59.0000
775.0000,505.0000,104.0000,59.0000
848.0000,496.0000,105.0000,60.0000
913.0000,494.0000,105.0000,60.0000
978.0000,490.0000,108.0000,62.0000
1043.0000,487.0000,106.0000,61.0000
1107.0000,486.0000,107.0000,61.0000
1167.0000,484.0000,105.0000,60.0000
1227.0000,477.0000,107.0000,61.0000
1284.0000,477.0000,107.0000,61.0000
1342.0000,470.0000,105.0000,60.0000
1396.0000,469.0000,104.0000,59.0000
1448.0000,469.0000,102.0000,58.0000
1495.0000,462.0000,105.0000,60.0000
1537.0000,460.0000,102.0000,58.0000
1551.0000,464.0000,99.0000,56.0000
1559.0000,478.0000,96.0000,55.0000
1594.0000,449.0000,98.0000,56.0000
