1
376.0000,460.0000,83.0000,88.0000
382.0000,452.0000,84.0000,89.0000
389.0000,444.0000,85.0000,90.0000
392.0000,441.0000,85.0000,90.0000
388.0000,442.0000,85.0000,90.0000
378.0000,446.0000,83.0000,88.0000
365.0000,450.0000,85.0000,89.0000
359.0000,453.0000,87.0000,92.0000
344.0000,470.0000,86.0000,91.0000
273.0000,451.0000,88.0000,93.0000
2
0
0
0
0
1
719.0000,422.0000,103.0000,53.0000
780.0000,409.0000,106.0000,55.0000
843.0000,391.0000,108.0000,56.0000
902.0000,380.0000,111.0000,57.0000
967.0000,369.0000,112.0000,58.0000
1023.0000,363.0000,112.0000,58.0000
1088.0000,353.0000,110.0000,57.0000
1137.0000,345.0000,107.0000,55.0000
1193.0000,337.0000,104.0000,54.0000
1241.0000,328.0000,103.0000,53.0000
1291.0000,319.0000,100.0000,52.0000
1339.0000,312.0000,97.0000,50.0000
1383.0000,303.0000,94.0000,49.0000
1419.0000,293.0000,94.0000,49.0000
1454.0000,285.0000,97.0000,50.0000
1491.0000,278.0000,96.0000,49.0000
1483.0000,282.0000,95.0000,49.0000
1483.0000,285.0000,93.0000,48.0000
1505.0000,289.0000,94.0000,49.0000
1521.0000,295.0000,92.0000,48.0000
1566.0000,295.0000,95.0000,49.0000
1581.0000,277.0000,95.0000,49.0000
1589.0000,279.0000,92.0000,48.0000
1574.0000,283.0000,91.0000,47.0000
1581.0000,312.0000,89.0000,46.0000
1584.0000,306.0000,89.0000,46.0000
1584.0000,316.0000,86.0000,44.0000
1592.0000,293.0000,84.0000,43.0000
1594.0000,286.0000,84.0000,43.0000
1592.0000,281.0000,86.0000,44.0000
1593.0000,283.0000,88.0000,45.0000
1593.0000,268.0000,85.0000,44.0000
1587.0000,270.0000,83.0000,43.0000
1577.0000,263.0000,80.0000,41.0000
1590.0000,272.0000,78.0000,40.0000
1600.0000,252.0000,75.0000,39.0000
1627.0000,255.0000,77.0000,40.0000
1622.0000,251.0000,75.0000,39.0000
2
0
0
0
0
1
1560.0000,192.0000,66.0000,62.0000
1562.0000,186.0000,65.0000,62.0000
1539.0000,190.0000,65.0000,61.0000
1531.0000,191.0000,63.0000,60.0000
1563.0000,189.0000,65.0000,62.0000
1563.0000,191.0000,65.0000,61.0000
1520.0000,188.0000,65.0000,61.0000
1507.0000,189.0000,65.0000,62.0000
1495.0000,194.0000,67.0000,63.0000
1460.0000,194.0000,67.0000,63.0000
1405.0000,198.0000,66.0000,62.0000
1380.0000,180.0000,65.0000,61.0000
2
0
0
0
0
1
979.0000,302.0000,80.0000,54.0000
934.0000,318.0000,77.0000,52.0000
887.0000,333.0000,77.0000,52.0000
839.0000,348.0000,79.0000,54.0000
791.0000,363.0000,80.0000,55.0000
742.0000,380.0000,82.0000,56.0000
695.0000,398.0000,85.0000,57.0000
648.0000,416.0000,86.0000,59.0000
605.0000,434.0000,89.0000,60.0000
558.0000,452.0000,92.0000,62.0000
514.0000,472.0000,94.0000,64.0000
471.0000,494.0000,92.0000,63.0000
433.0000,518.0000,91.0000,62.0000
432.0000,510.0000,92.0000,62.0000
404.0000,512.0000,90.0000,61.0000
410.0000,512.0000,89.0000,60.0000
401.0000,519.0000,86.0000,59.0000
389.0000,538.0000,84.0000,57.0000
395.0000,568.0000,86.0000,59.0000
395.0000,576.0000,85.0000,57.0000
396.0000,575.0000,85.0000,57.0000
2
0
0
0
0
1
403.0000,538.0000,66.0000,82.0000
399.0000,535.0000,68.0000,84.0000
402.0000,536.0000,66.0000,82.0000
401.0000,534.0000,68.0000,84.0000
426.0000,522.0000,67.0000,83.0000
400.0000,538.0000,66.0000,83.0000
382.0000,550.0000,66.0000,83.0000
347.0000,529.0000,68.0000,85.0000
345.0000,521.0000,70.0000,88.0000
347.0000,515.0000,73.0000,90.0000
397.0000,531.0000,75.0000,93.0000
400.0000,528.0000,75.0000,93.0000
403.0000,529.0000,73.0000,90.0000
369.0000,496.0000,71.0000,89.0000
375.0000,495.0000,69.0000,86.0000
387.0000,495.0000,69.0000,86.0000
394.0000,486.0000,70.0000,87.0000
409.0000,504.0000,70.0000,87.0000
369.0000,505.0000,72.0000,89.0000
378.0000,506.0000,71.0000,89.0000
389.0000,507.0000,70.0000,87.0000
376.0000,531.0000,71.0000,89.0000
391.0000,509.0000,70.0000,87.0000
390.0000,513.0000,68.0000,84.0000
2
0
0
0
0
1
939.0000,378.0000,96.0000,48.0000
1011.0000,368.0000,98.0000,49.0000
1079.0000,358.0000,95.0000,47.0000
1147.0000,350.0000,94.0000,47.0000
1214.0000,346.0000,91.0000,45.0000
1271.0000,337.0000,94.0000,47.0000
1330.0000,323.0000,97.0000,48.0000
1393.0000,313.0000,94.0000,47.0000
1451.0000,303.0000,92.0000,46.0000
1504.0000,295.0000,94.0000,47.0000
1560.0000,283.0000,96.0000,48.0000
1583.0000,280.0000,93.0000,46.0000
1601.0000,278.0000,96.0000,48.0000
1626.0000,301.0000,97.0000,48.0000
2
0
0
0
0
1
1595.0000,290.0000,52.0000,11.0000
1595.0000,293.0000,50.0000,11.0000
2
0
0
0
0
1
1550.0000,259.0000,44.0000,24.0000
1576.0000,242.0000,43.0000,23.0000
1589.0000,237.0000,43.0000,23.0000
1595.0000,236.0000,43.0000,23.0000
1603.0000,230.0000,44.0000,24.0000
2
0
0
0
0
1
1507.0000,253.0000,82.0000,65.0000
1501.0000,259.0000,85.0000,67.0000
1505.0000,263.0000,83.0000,66.0000
2
0
0
0
0
1
1114.0000,341.0000,80.0000,58.0000
1066.0000,350.0000,81.0000,59.0000
1020.0000,361.0000,83.0000,61.0000
973.0000,370.0000,85.0000,62.0000
927.0000,379.0000,83.0000,61.0000
884.0000,389.0000,85.0000,62.0000
839.0000,398.0000,87.0000,64.0000
799.0000,409.0000,85.0000,62.0000
756.0000,419.0000,84.0000,61.0000
713.0000,429.0000,86.0000,62.0000
671.0000,438.0000,87.0000,63.0000
632.0000,446.0000,87.0000,63.0000
596.0000,454.0000,86.0000,62.0000
559.0000,461.0000,87.0000,63.0000
517.0000,470.0000,88.0000,64.0000
483.0000,477.0000,88.0000,64.0000
448.0000,484.0000,89.0000,65.0000
414.0000,489.0000,91.0000,66.0000
382.0000,492.0000,93.0000,68.0000
354.0000,494.0000,92.0000,67.0000
328.0000,497.0000,91.0000,66.0000
303.0000,492.0000,94.0000,68.0000
301.0000,490.0000,96.0000,70.0000
291.0000,488.0000,95.0000,69.0000
283.0000,487.0000,98.0000,71.0000
272.0000,488.0000,99.0000,72.0000
271.0000,488.0000,99.0000,72.0000
272.0000,493.0000,97.0000,70.0000
236.0000,486.0000,96.0000,70.0000
244.0000,516.0000,99.0000,72.0000
249.0000,515.0000,102.0000,74.0000
256.0000,502.0000,103.0000,75.0000
265.0000,502.0000,104.0000,75.0000
271.0000,505.0000,106.0000,77.0000
278.0000,538.0000,104.0000,75.0000
274.0000,539.0000,107.0000,78.0000
201.0000,539.0000,110.0000,80.0000
208.0000,539.0000,109.0000,79.0000
217.0000,530.0000,108.0000,78.0000
227.0000,527.0000,110.0000,80.0000
2
0
0
0
0
1
712.0000,512.0000,101.0000,51.0000
781.0000,509.0000,99.0000,50.0000
851.0000,503.0000,101.0000,51.0000
920.0000,497.0000,100.0000,51.0000
987.0000,495.0000,99.0000,50.0000
1053.0000,493.0000,98.0000,50.0000
1111.0000,491.0000,101.0000,51.0000
1170.0000,487.0000,103.0000,52.0000
1236.0000,482.0000,100.0000,51.0000
1292.0000,479.0000,101.0000,51.0000
1347.0000,476.0000,100.0000,51.0000
1399.0000,472.0000,101.0000,51.0000
1453.0000,472.0000,99.0000,50.0000
1499.0000,467.0000,99.0000,50.0000
1545.0000,463.0000,97.0000,49.0000
1581.0000,458.0000,95.0000,48.0000
2
0
