1
376.0000,460.0000,83.0000,88.0000
382.0000,452.0000,84.0000,89.0000
389.0000,444.0000,85.0000,90.0000
392.0000,441.0000,85.0000,90.0000
388.0000,442.0000,85.0000,90.0000
378.0000,446.0000,83.0000,88.0000
365.0000,450.0000,85.0000,89.0000
359.0000,453.0000,87.0000,92.0000
344.0000,470.0000,86.0000,91.0000
273.0000,451.0000,88.0000,93.0000
2
0
0
0
0
1
719.0000,422.0000,103.0000,53.0000
780.0000,409.0000,106.0000,55.0000
843.0000,391.0000,108.0000,56.0000
902.0000,380.0000,111.0000,57.0000
967.0000,369.0000,112.0000,58.0000
1023.0000,363.0000,112.0000,58.0000
1088.0000,353.0000,110.0000,57.0000
1137.0000,345.0000,107.0000,55.0000
1193.0000,337.0000,104.0000,54.0000
1241.0000,328.0000,103.0000,53.0000
1291.0000,319.0000,100.0000,52.0000
1339.0000,312.0000,97.0000,50.0000
1383.0000,303.0000,94.0000,49.0000
1419.0000,293.0000,94.0000,49.0000
1454.0000,285.0000,97.0000,50.0000
1491.0000,278.0000,96.0000,49.0000
1483.0000,282.0000,95.0000,49.0000
1483.0000,285.0000,93.0000,48.0000
1505.0000,289.0000,94.0000,49.0000
1521.0000,295.0000,92.0000,48.0000
1566.0000,295.0000,95.0000,49.0000
1577.0000,277.0000,96.0000,49.0000
1585.0000,278.0000,98.0000,50.0000
1565.0000,284.0000,98.0000,50.0000
1577.0000,309.0000,96.0000,49.0000
1576.0000,307.0000,98.0000,50.0000
1600.0000,287.0000,98.0000,50.0000
1599.0000,280.0000,101.0000,52.0000
1592.0000,273.0000,102.0000,53.0000
1593.0000,284.0000,105.0000,54.0000
1586.0000,280.0000,106.0000,55.0000
1586.0000,272.0000,106.0000,55.0000
1585.0000,262.0000,104.0000,54.0000
1582.0000,254.0000,107.0000,55.0000
2
0
0
0
0
1
1576.0000,217.0000,64.0000,44.0000
1569.0000,211.0000,64.0000,44.0000
1571.0000,208.0000,62.0000,43.0000
1571.0000,204.0000,60.0000,42.0000
1582.0000,193.0000,62.0000,43.0000
1578.0000,221.0000,61.0000,42.0000
1572.0000,220.0000,61.0000,43.0000
2
0
0
0
0
1
1498.0000,200.0000,69.0000,52.0000
2
0
0
0
0
1
1071.0000,269.0000,89.0000,75.0000
1025.0000,281.0000,87.0000,74.0000
976.0000,292.0000,90.0000,76.0000
930.0000,307.0000,88.0000,75.0000
880.0000,320.0000,91.0000,77.0000
833.0000,336.0000,92.0000,78.0000
786.0000,352.0000,92.0000,78.0000
738.0000,370.0000,93.0000,78.0000
690.0000,387.0000,95.0000,80.0000
644.0000,407.0000,96.0000,81.0000
601.0000,424.0000,96.0000,81.0000
556.0000,441.0000,98.0000,83.0000
511.0000,461.0000,100.0000,85.0000
468.0000,483.0000,100.0000,85.0000
429.0000,507.0000,98.0000,82.0000
427.0000,498.0000,98.0000,82.0000
407.0000,498.0000,95.0000,80.0000
407.0000,502.0000,93.0000,78.0000
403.0000,509.0000,91.0000,77.0000
398.0000,553.0000,92.0000,78.0000
395.0000,561.0000,93.0000,78.0000
392.0000,564.0000,96.0000,81.0000
393.0000,565.0000,93.0000,78.0000
392.0000,567.0000,91.0000,77.0000
348.0000,548.0000,93.0000,78.0000
348.0000,541.0000,95.0000,80.0000
347.0000,536.0000,92.0000,78.0000
2
0
0
0
0
1
421.0000,530.0000,69.0000,65.0000
420.0000,533.0000,67.0000,63.0000
421.0000,531.0000,67.0000,63.0000
419.0000,531.0000,66.0000,63.0000
422.0000,530.0000,65.0000,61.0000
421.0000,530.0000,64.0000,61.0000
421.0000,529.0000,65.0000,61.0000
422.0000,527.0000,67.0000,63.0000
426.0000,527.0000,68.0000,64.0000
429.0000,527.0000,68.0000,64.0000
429.0000,526.0000,66.0000,63.0000
461.0000,513.0000,67.0000,63.0000
464.0000,511.0000,69.0000,65.0000
425.0000,527.0000,70.0000,67.0000
442.0000,519.0000,68.0000,65.0000
464.0000,514.0000,67.0000,63.0000
455.0000,537.0000,65.0000,61.0000
465.0000,550.0000,66.0000,62.0000
2
0
0
0
0
1
786.0000,391.0000,111.0000,58.0000
856.0000,384.0000,112.0000,59.0000
928.0000,374.0000,109.0000,57.0000
1002.0000,365.0000,107.0000,56.0000
1069.0000,356.0000,107.0000,56.0000
1139.0000,347.0000,108.0000,56.0000
1201.0000,339.0000,110.0000,57.0000
1261.0000,332.0000,108.0000,56.0000
1324.0000,318.0000,110.0000,57.0000
1387.0000,308.0000,107.0000,56.0000
1442.0000,299.0000,107.0000,56.0000
1497.0000,289.0000,105.0000,55.0000
1552.0000,281.0000,105.0000,55.0000
1579.0000,279.0000,105.0000,55.0000
1583.0000,281.0000,103.0000,54.0000
2
0
0
0
0
1
1603.0000,286.0000,57.0000,11.0000
1599.0000,289.0000,56.0000,10.0000
1580.0000,285.0000,55.0000,10.0000
1573.0000,279.0000,56.0000,10.0000
1580.0000,284.0000,57.0000,11.0000
1573.0000,282.0000,56.0000,10.0000
2
0
0
0
0
1
1545.0000,226.0000,69.0000,44.0000
1548.0000,218.0000,70.0000,45.0000
1551.0000,219.0000,72.0000,46.0000
1550.0000,222.0000,70.0000,44.0000
1550.0000,227.0000,68.0000,43.0000
1546.0000,274.0000,66.0000,42.0000
1537.0000,276.0000,64.0000,41.0000
1532.0000,278.0000,62.0000,40.0000
1526.0000,285.0000,63.0000,40.0000
1525.0000,293.0000,61.0000,39.0000
1525.0000,298.0000,60.0000,38.0000
2
0
0
0
0
1
1114.0000,341.0000,80.0000,58.0000
1066.0000,350.0000,81.0000,59.0000
1020.0000,361.0000,83.0000,61.0000
973.0000,370.0000,85.0000,62.0000
927.0000,379.0000,83.0000,61.0000
884.0000,389.0000,85.0000,62.0000
839.0000,398.0000,87.0000,64.0000
799.0000,409.0000,85.0000,62.0000
756.0000,419.0000,84.0000,61.0000
713.0000,429.0000,86.0000,62.0000
671.0000,438.0000,87.0000,63.0000
633.0000,446.0000,87.0000,63.0000
594.0000,453.0000,88.0000,64.0000
557.0000,460.0000,91.0000,66.0000
517.0000,470.0000,88.0000,64.0000
483.0000,477.0000,88.0000,64.0000
448.0000,484.0000,89.0000,65.0000
414.0000,489.0000,91.0000,66.0000
381.0000,491.0000,94.0000,68.0000
352.0000,493.0000,95.0000,69.0000
324.0000,496.0000,93.0000,68.0000
306.0000,494.0000,91.0000,66.0000
304.0000,492.0000,92.0000,67.0000
292.0000,488.0000,95.0000,69.0000
282.0000,487.0000,97.0000,70.0000
272.0000,488.0000,99.0000,72.0000
271.0000,488.0000,99.0000,72.0000
272.0000,494.0000,97.0000,70.0000
237.0000,487.0000,94.0000,68.0000
247.0000,518.0000,96.0000,70.0000
250.0000,516.0000,98.0000,71.0000
258.0000,504.0000,100.0000,72.0000
271.0000,500.0000,97.0000,70.0000
276.0000,504.0000,98.0000,71.0000
283.0000,544.0000,95.0000,69.0000
281.0000,546.0000,97.0000,70.0000
207.0000,546.0000,100.0000,72.0000
214.0000,546.0000,98.0000,71.0000
221.0000,534.0000,101.0000,73.0000
231.0000,530.0000,101.0000,73.0000
2
0
0
0
0
1
712.0000,512.0000,101.0000,51.0000
781.0000,509.0000,99.0000,50.0000
851.0000,503.0000,101.0000,51.0000
920.0000,497.0000,100.0000,51.0000
987.0000,495.0000,99.0000,50.0000
1053.0000,493.0000,98.0000,50.0000
1111.0000,491.0000,101.0000,51.0000
1170.0000,487.0000,103.0000,52.0000
1236.0000,482.0000,100.0000,51.0000
1292.0000,479.0000,101.0000,51.0000
1347.0000,476.0000,100.0000,51.0000
1399.0000,472.0000,101.0000,51.0000
1453.0000,472.0000,99.0000,50.0000
1499.0000,467.0000,99.0000,50.0000
1545.0000,463.0000,97.0000,49.0000
1581.0000,458.0000,95.0000,48.0000
2
0
