1
376.0000,460.0000,83.0000,88.0000
382.0000,452.0000,84.0000,89.0000
389.0000,444.0000,85.0000,90.0000
392.0000,441.0000,85.0000,90.0000
388.0000,442.0000,85.0000,90.0000
378.0000,446.0000,83.0000,88.0000
365.0000,450.0000,85.0000,89.0000
359.0000,453.0000,87.0000,92.0000
344.0000,470.0000,86.0000,91.0000
273.0000,451.0000,88.0000,93.0000
2
0
0
0
0
1
719.0000,422.0000,103.0000,53.0000
780.0000,409.0000,106.0000,55.0000
843.0000,391.0000,108.0000,56.0000
902.0000,380.0000,111.0000,57.0000
967.0000,369.0000,112.0000,58.0000
1023.0000,363.0000,112.0000,58.0000
1088.0000,353.0000,110.0000,57.0000
1137.0000,345.0000,107.0000,55.0000
1193.0000,337.0000,104.0000,54.0000
1241.0000,328.0000,103.0000,53.0000
1291.0000,319.0000,100.0000,52.0000
1339.0000,312.0000,97.0000,50.0000
1383.0000,303.0000,94.0000,49.0000
1419.0000,293.0000,94.0000,49.0000
1453.0000,285.0000,97.0000,50.0000
1491.0000,278.0000,96.0000,49.0000
1483.0000,282.0000,95.0000,49.0000
1483.0000,285.0000,93.0000,48.0000
1505.0000,289.0000,94.0000,49.0000
1521.0000,295.0000,92.0000,48.0000
1566.0000,295.0000,95.0000,49.0000
1581.0000,277.0000,95.0000,49.0000
1589.0000,279.0000,92.0000,48.0000
1574.0000,283.0000,91.0000,47.0000
1581.0000,312.0000,89.0000,46.0000
1584.0000,306.0000,89.0000,46.0000
1633.0000,321.0000,89.0000,46.0000
2
0
0
0
0
1
1587.0000,265.0000,68.0000,42.0000
1582.0000,249.0000,68.0000,42.0000
1586.0000,241.0000,66.0000,41.0000
1587.0000,234.0000,64.0000,40.0000
1588.0000,228.0000,65.0000,40.0000
1584.0000,221.0000,64.0000,40.0000
1582.0000,216.0000,63.0000,39.0000
1576.0000,211.0000,64.0000,40.0000
1572.0000,206.0000,64.0000,40.0000
1583.0000,219.0000,64.0000,40.0000
1576.0000,219.0000,63.0000,39.0000
1564.0000,216.0000,63.0000,39.0000
1564.0000,198.0000,64.0000,40.0000
1545.0000,195.0000,65.0000,40.0000
1540.0000,198.0000,64.0000,40.0000
1535.0000,196.0000,63.0000,39.0000
1541.0000,203.0000,64.0000,40.0000
1524.0000,200.0000,65.0000,40.0000
1520.0000,209.0000,63.0000,39.0000
1499.0000,218.0000,64.0000,40.0000
1495.0000,224.0000,66.0000,41.0000
2
0
0
0
0
1
1071.0000,269.0000,89.0000,75.0000
1025.0000,281.0000,87.0000,74.0000
976.0000,292.0000,90.0000,76.0000
930.0000,307.0000,88.0000,75.0000
880.0000,320.0000,91.0000,77.0000
833.0000,336.0000,92.0000,78.0000
786.0000,352.0000,92.0000,78.0000
738.0000,370.0000,93.0000,78.0000
690.0000,387.0000,95.0000,80.0000
644.0000,407.0000,96.0000,81.0000
601.0000,424.0000,96.0000,81.0000
555.0000,442.0000,98.0000,83.0000
511.0000,461.0000,100.0000,85.0000
468.0000,483.0000,100.0000,85.0000
430.0000,507.0000,98.0000,82.0000
427.0000,498.0000,98.0000,82.0000
407.0000,498.0000,95.0000,80.0000
407.0000,502.0000,93.0000,78.0000
402.0000,508.0000,91.0000,77.0000
398.0000,553.0000,92.0000,78.0000
395.0000,561.0000,93.0000,78.0000
391.0000,564.0000,96.0000,81.0000
393.0000,565.0000,93.0000,78.0000
392.0000,567.0000,91.0000,77.0000
348.0000,548.0000,93.0000,78.0000
348.0000,541.0000,95.0000,80.0000
344.0000,535.0000,96.0000,81.0000
342.0000,526.0000,95.0000,80.0000
386.0000,530.0000,95.0000,80.0000
384.0000,533.0000,97.0000,82.0000
389.0000,525.0000,99.0000,84.0000
398.0000,525.0000,97.0000,82.0000
406.0000,524.0000,95.0000,80.0000
408.0000,529.0000,93.0000,78.0000
407.0000,528.0000,90.0000,76.0000
410.0000,528.0000,89.0000,75.0000
407.0000,528.0000,87.0000,74.0000
392.0000,527.0000,85.0000,72.0000
393.0000,527.0000,83.0000,70.0000
395.0000,526.0000,81.0000,68.0000
402.0000,525.0000,82.0000,69.0000
421.0000,508.0000,82.0000,69.0000
390.0000,495.0000,84.0000,71.0000
378.0000,487.0000,87.0000,73.0000
389.0000,495.0000,87.0000,73.0000
351.0000,505.0000,87.0000,73.0000
362.0000,505.0000,86.0000,72.0000
369.0000,499.0000,87.0000,73.0000
385.0000,509.0000,84.0000,71.0000
389.0000,508.0000,83.0000,70.0000
396.0000,507.0000,82.0000,69.0000
400.0000,504.0000,80.0000,68.0000
2
0
0
0
0
1
866.0000,388.0000,100.0000,53.0000
940.0000,379.0000,98.0000,52.0000
1009.0000,367.0000,101.0000,53.0000
1080.0000,357.0000,99.0000,52.0000
1149.0000,351.0000,96.0000,51.0000
1215.0000,344.0000,94.0000,49.0000
1273.0000,338.0000,93.0000,49.0000
1336.0000,324.0000,94.0000,49.0000
1398.0000,315.0000,94.0000,49.0000
1457.0000,306.0000,91.0000,48.0000
1511.0000,293.0000,89.0000,47.0000
1562.0000,287.0000,86.0000,45.0000
1591.0000,282.0000,86.0000,45.0000
1636.0000,255.0000,84.0000,44.0000
1634.0000,251.0000,86.0000,45.0000
2
0
0
0
0
1
1595.0000,290.0000,52.0000,11.0000
1595.0000,293.0000,50.0000,11.0000
2
0
0
0
0
1
1550.0000,259.0000,44.0000,24.0000
1576.0000,242.0000,43.0000,23.0000
1589.0000,237.0000,43.0000,23.0000
1595.0000,236.0000,43.0000,23.0000
1603.0000,230.0000,44.0000,24.0000
2
0
0
0
0
1
1507.0000,253.0000,82.0000,65.0000
1501.0000,259.0000,85.0000,67.0000
1505.0000,263.0000,83.0000,66.0000
2
0
0
0
0
1
1114.0000,341.0000,80.0000,58.0000
1066.0000,350.0000,81.0000,59.0000
1020.0000,361.0000,83.0000,61.0000
973.0000,370.0000,85.0000,62.0000
927.0000,379.0000,83.0000,61.0000
884.0000,389.0000,85.0000,62.0000
839.0000,398.0000,87.0000,64.0000
799.0000,409.0000,85.0000,62.0000
756.0000,419.0000,84.0000,61.0000
713.0000,429.0000,86.0000,62.0000
671.0000,438.0000,87.0000,63.0000
632.0000,446.0000,87.0000,63.0000
596.0000,454.0000,86.0000,62.0000
559.0000,461.0000,87.0000,63.0000
517.0000,470.0000,88.0000,64.0000
483.0000,477.0000,88.0000,64.0000
448.0000,484.0000,89.0000,65.0000
414.0000,489.0000,91.0000,66.0000
382.0000,492.0000,93.0000,68.0000
354.0000,494.0000,92.0000,67.0000
328.0000,497.0000,91.0000,66.0000
303.0000,492.0000,94.0000,68.0000
301.0000,490.0000,96.0000,70.0000
291.0000,488.0000,95.0000,69.0000
283.0000,487.0000,98.0000,71.0000
272.0000,488.0000,99.0000,72.0000
271.0000,488.0000,99.0000,72.0000
272.0000,493.0000,97.0000,70.0000
236.0000,486.0000,96.0000,70.0000
244.0000,516.0000,99.0000,72.0000
249.0000,515.0000,102.0000,74.0000
256.0000,502.0000,103.0000,75.0000
265.0000,502.0000,104.0000,75.0000
271.0000,505.0000,106.0000,77.0000
278.0000,538.0000,104.0000,75.0000
274.0000,539.0000,107.0000,78.0000
201.0000,539.0000,110.0000,80.0000
208.0000,539.0000,109.0000,79.0000
217.0000,530.0000,108.0000,78.0000
227.0000,527.0000,110.0000,80.0000
2
0
0
0
0
1
712.0000,512.0000,101.0000,51.0000
781.0000,509.0000,99.0000,50.0000
851.0000,503.0000,101.0000,51.0000
920.0000,497.0000,100.0000,51.0000
987.0000,495.0000,99.0000,50.0000
1053.0000,493.0000,98.0000,50.0000
1111.0000,491.0000,101.0000,51.0000
1170.0000,487.0000,103.0000,52.0000
1236.0000,482.0000,100.0000,51.0000
1292.0000,479.0000,101.0000,51.0000
1347.0000,476.0000,100.0000,51.0000
1400.0000,472.0000,101.0000,51.0000
1453.0000,472.0000,99.0000,50.0000
1499.0000,467.0000,99.0000,50.0000
1544.0000,464.0000,97.0000,49.0000
1580.0000,456.0000,98.0000,50.0000
2
0
