1
376.0000,460.0000,83.0000,88.0000
382.0000,452.0000,84.0000,89.0000
389.0000,444.0000,85.0000,90.0000
392.0000,441.0000,85.0000,90.0000
388.0000,442.0000,85.0000,90.0000
378.0000,446.0000,83.0000,88.0000
365.0000,450.0000,85.0000,89.0000
359.0000,453.0000,87.0000,92.0000
344.0000,470.0000,86.0000,91.0000
273.0000,451.0000,88.0000,93.0000
2
0
0
0
0
1
719.0000,422.0000,103.0000,53.0000
780.0000,409.0000,106.0000,55.0000
843.0000,391.0000,108.0000,56.0000
902.0000,380.0000,111.0000,57.0000
967.0000,369.0000,112.0000,58.0000
1023.0000,363.0000,112.0000,58.0000
1088.0000,353.0000,110.0000,57.0000
1137.0000,345.0000,107.0000,55.0000
1193.0000,337.0000,104.0000,54.0000
1241.0000,328.0000,103.0000,53.0000
1291.0000,319.0000,100.0000,52.0000
1339.0000,312.0000,97.0000,50.0000
1383.0000,303.0000,94.0000,49.0000
1419.0000,293.0000,94.0000,49.0000
1453.0000,285.0000,97.0000,50.0000
1491.0000,278.0000,96.0000,49.0000
1483.0000,282.0000,95.0000,49.0000
1483.0000,285.0000,93.0000,48.0000
1505.0000,289.0000,94.0000,49.0000
1521.0000,295.0000,92.0000,48.0000
1566.0000,295.0000,95.0000,49.0000
1577.0000,277.0000,96.0000,49.0000
1585.0000,278.0000,98.0000,50.0000
1565.0000,284.0000,98.0000,50.0000
1577.0000,309.0000,96.0000,49.0000
1576.0000,307.0000,98.0000,50.0000
1600.0000,287.0000,98.0000,50.0000
1618.0000,253.0000,100.0000,52.0000
1660.0000,275.0000,98.0000,50.0000
2
0
0
0
0
1
1589.0000,251.0000,64.0000,30.0000
1591.0000,243.0000,63.0000,29.0000
1592.0000,235.0000,63.0000,29.0000
1574.0000,244.0000,64.0000,30.0000
1585.0000,222.0000,65.0000,30.0000
1569.0000,228.0000,66.0000,31.0000
1577.0000,216.0000,64.0000,30.0000
1588.0000,194.0000,65.0000,30.0000
1588.0000,174.0000,67.0000,31.0000
1570.0000,178.0000,68.0000,32.0000
1568.0000,179.0000,67.0000,31.0000
1610.0000,199.0000,68.0000,32.0000
2
0
0
0
0
1
1498.0000,200.0000,69.0000,52.0000
2
0
0
0
0
1
1071.0000,269.0000,89.0000,75.0000
1025.0000,281.0000,87.0000,74.0000
976.0000,292.0000,90.0000,76.0000
930.0000,307.0000,88.0000,75.0000
880.0000,320.0000,91.0000,77.0000
833.0000,336.0000,92.0000,78.0000
786.0000,352.0000,92.0000,78.0000
738.0000,370.0000,93.0000,78.0000
690.0000,387.0000,95.0000,80.0000
644.0000,407.0000,96.0000,81.0000
601.0000,424.0000,96.0000,81.0000
556.0000,441.0000,98.0000,83.0000
511.0000,461.0000,100.0000,85.0000
468.0000,483.0000,100.0000,85.0000
429.0000,507.0000,98.0000,82.0000
427.0000,498.0000,98.0000,82.0000
407.0000,498.0000,95.0000,80.0000
407.0000,502.0000,93.0000,78.0000
403.0000,509.0000,91.0000,77.0000
398.0000,553.0000,92.0000,78.0000
395.0000,561.0000,93.0000,78.0000
392.0000,564.0000,96.0000,81.0000
393.0000,565.0000,93.0000,78.0000
392.0000,567.0000,91.0000,77.0000
348.0000,548.0000,93.0000,78.0000
348.0000,541.0000,95.0000,80.0000
344.0000,535.0000,96.0000,81.0000
343.0000,526.0000,95.0000,80.0000
386.0000,530.0000,95.0000,80.0000
384.0000,533.0000,97.0000,82.0000
389.0000,525.0000,99.0000,84.0000
398.0000,525.0000,97.0000,82.0000
406.0000,524.0000,95.0000,80.0000
408.0000,529.0000,93.0000,78.0000
407.0000,528.0000,90.0000,76.0000
410.0000,528.0000,89.0000,75.0000
407.0000,528.0000,87.0000,74.0000
392.0000,527.0000,85.0000,72.0000
393.0000,527.0000,83.0000,70.0000
395.0000,526.0000,81.0000,68.0000
402.0000,525.0000,82.0000,69.0000
422.0000,508.0000,82.0000,69.0000
390.0000,495.0000,84.0000,71.0000
378.0000,487.0000,87.0000,73.0000
389.0000,495.0000,87.0000,73.0000
351.0000,505.0000,87.0000,73.0000
362.0000,505.0000,86.0000,72.0000
369.0000,499.0000,87.0000,73.0000
2
0
0
0
0
1
558.0000,421.0000,102.0000,76.0000
633.0000,408.0000,99.0000,74.0000
710.0000,394.0000,101.0000,75.0000
788.0000,386.0000,99.0000,74.0000
857.0000,375.0000,101.0000,75.0000
933.0000,364.0000,100.0000,75.0000
1003.0000,355.0000,102.0000,76.0000
1071.0000,345.0000,102.0000,76.0000
1138.0000,335.0000,105.0000,79.0000
1202.0000,329.0000,104.0000,78.0000
1263.0000,322.0000,104.0000,78.0000
1328.0000,309.0000,102.0000,76.0000
1388.0000,298.0000,101.0000,75.0000
1445.0000,291.0000,99.0000,74.0000
1502.0000,280.0000,98.0000,73.0000
1553.0000,270.0000,100.0000,75.0000
1579.0000,267.0000,101.0000,75.0000
1590.0000,268.0000,99.0000,74.0000
1595.0000,261.0000,96.0000,72.0000
1599.0000,262.0000,94.0000,70.0000
1594.0000,254.0000,94.0000,70.0000
1613.0000,264.0000,94.0000,70.0000
1595.0000,245.0000,91.0000,68.0000
1590.0000,250.0000,88.0000,66.0000
1588.0000,251.0000,86.0000,64.0000
1591.0000,251.0000,88.0000,66.0000
1565.0000,253.0000,90.0000,67.0000
1569.0000,243.0000,87.0000,65.0000
1599.0000,238.0000,86.0000,64.0000
1598.0000,235.0000,85.0000,63.0000
1592.0000,241.0000,86.0000,64.0000
2
0
0
0
0
1
1543.0000,209.0000,72.0000,70.0000
1545.0000,209.0000,72.0000,70.0000
1545.0000,210.0000,73.0000,70.0000
1542.0000,211.0000,74.0000,71.0000
1517.0000,223.0000,73.0000,70.0000
1515.0000,227.0000,72.0000,70.0000
1512.0000,234.0000,72.0000,69.0000
1501.0000,244.0000,74.0000,71.0000
1494.0000,254.0000,72.0000,70.0000
1464.0000,262.0000,72.0000,69.0000
1421.0000,264.0000,74.0000,71.0000
1439.0000,267.0000,75.0000,73.0000
2
0
0
0
0
1
1024.0000,366.0000,83.0000,46.0000
976.0000,375.0000,85.0000,47.0000
930.0000,384.0000,85.0000,47.0000
885.0000,396.0000,85.0000,47.0000
844.0000,404.0000,87.0000,48.0000
802.0000,414.0000,87.0000,49.0000
759.0000,424.0000,87.0000,49.0000
714.0000,433.0000,90.0000,50.0000
674.0000,442.0000,90.0000,50.0000
633.0000,448.0000,93.0000,52.0000
595.0000,456.0000,93.0000,52.0000
558.0000,464.0000,92.0000,51.0000
519.0000,472.0000,94.0000,52.0000
485.0000,481.0000,91.0000,51.0000
449.0000,489.0000,91.0000,51.0000
415.0000,493.0000,94.0000,52.0000
386.0000,497.0000,92.0000,51.0000
356.0000,499.0000,95.0000,53.0000
323.0000,501.0000,98.0000,54.0000
307.0000,498.0000,97.0000,54.0000
302.0000,498.0000,95.0000,53.0000
294.0000,492.0000,96.0000,53.0000
287.0000,492.0000,98.0000,54.0000
275.0000,493.0000,100.0000,56.0000
272.0000,494.0000,99.0000,55.0000
234.0000,522.0000,101.0000,57.0000
236.0000,522.0000,98.0000,55.0000
247.0000,518.0000,96.0000,53.0000
249.0000,519.0000,98.0000,54.0000
257.0000,510.0000,100.0000,56.0000
269.0000,519.0000,98.0000,55.0000
277.0000,518.0000,96.0000,53.0000
279.0000,532.0000,96.0000,53.0000
209.0000,529.0000,95.0000,53.0000
214.0000,556.0000,93.0000,52.0000
219.0000,555.0000,90.0000,50.0000
2
0
0
0
0
1
559.0000,521.0000,104.0000,59.0000
634.0000,516.0000,104.0000,59.0000
706.0000,508.0000,104.0000,59.0000
775.0000,505.0000,104.0000,59.0000
848.0000,496.0000,105.0000,60.0000
913.0000,494.0000,105.0000,60.0000
978.0000,490.0000,108.0000,62.0000
1043.0000,487.0000,106.0000,61.0000
1107.0000,486.0000,107.0000,61.0000
1167.0000,484.0000,105.0000,60.0000
1227.0000,477.0000,107.0000,61.0000
1285.0000,476.0000,107.0000,61.0000
1344.0000,471.0000,104.0000,59.0000
1396.0000,469.0000,102.0000,58.0000
1449.0000,469.0000,99.0000,56.0000
1495.0000,464.0000,101.0000,58.0000
1538.0000,461.0000,100.0000,57.0000
1551.0000,467.0000,97.0000,55.0000
1561.0000,479.0000,94.0000,54.0000
1596.0000,450.0000,94.0000,54.0000
