0.000175
0.23233
0.003677
0.003299
0.003313
0.003494
0.003779
0.003776
0.003674
0.003712
0.003904
0.003521
0.003404
0.003787
0.003819
0.003729
0.003675
0.003625
0.003572
0.003657
0.00363
0.003803
0.003663
0.003606
0.003584
0.003978
0.003777
0.003606
0.003491
0.003586
0.003512
0.003493
0.003653
0.00357
0.003539
0.003551
0.003577
0.003824
0.003736
0.003667
NaN
NaN
NaN
NaN
0.000144
0.21231
0.003663
0.003493
0.003258
0.003276
0.003442
0.003591
0.003351
0.003321
0.003326
0.00332
0.00331
0.003283
0.003293
0.003319
0.003312
0.00328
NaN
NaN
NaN
NaN
0.000135
0.23508
0.003555
0.003393
0.003787
0.003479
0.003619
0.003582
0.003892
0.006995
0.005999
0.005648
0.00427
0.004523
0.003763
0.003557
0.003532
0.003701
0.003711
0.003791
0.006685
0.006788
0.006004
0.006448
0.007036
0.005984
0.005571
0.005706
0.005676
NaN
NaN
NaN
NaN
0.000158
0.21944
0.003493
0.003289
0.003203
0.00335
0.003404
0.003388
0.003189
0.003136
0.003196
0.003249
0.003249
0.003339
0.0034
0.003374
0.003197
0.003226
0.0033
0.003128
0.003155
0.003353
0.003409
0.003452
0.00368
0.006417
0.006266
0.005572
0.005076
0.004058
0.004295
0.003676
0.003875
0.00358
0.003654
0.003907
NaN
NaN
NaN
NaN
0.000181
0.2192
0.003514
0.003251
0.003323
0.003351
0.003276
0.003311
0.003578
0.003718
0.003706
0.003594
0.00367
0.003754
0.003555
0.003499
0.003268
0.00341
0.003603
0.003337
0.003493
0.003546
0.003322
0.003534
0.003373
0.003556
0.003318
0.00353
NaN
NaN
NaN
NaN
0.000181
0.22316
0.003767
0.003302
0.003375
0.003427
0.003712
0.003561
0.003434
0.003541
0.003602
0.0035
0.003504
0.003394
0.003258
0.003356
0.003748
0.003395
0.003347
0.003301
0.003237
0.003514
0.003335
0.003287
0.003349
0.00337
0.003362
0.003493
0.003695
0.003711
0.003476
0.003337
0.003504
0.003209
0.003283
0.003308
0.003292
0.003206
0.003639
0.003751
0.003872
0.004247
0.003444
0.003349
0.003606
0.003136
0.003525
NaN
NaN
NaN
NaN
0.000169
0.21618
0.003539
0.0032
0.003255
0.003258
0.003298
0.003374
0.003399
0.003308
0.003273
0.003369
0.00334
0.003599
0.003505
0.003425
NaN
NaN
NaN
NaN
0.000193
0.23324
0.003394
0.00323
0.003196
0.003084
0.003233
0.003239
0.003212
0.00354
0.003337
0.003419
0.003437
0.003517
0.003396
0.003504
0.003358
0.003488
0.003365
0.003612
0.003605
0.003333
0.00334
0.003376
0.003089
0.003499
0.003984
0.003613
0.00348
0.003349
0.003661
0.003521
NaN
NaN
NaN
NaN
0.000182
0.22561
0.003457
0.003246
0.00326
0.003207
0.003156
0.003118
0.003124
NaN
NaN
NaN
NaN
0.000187
0.23429
0.00344
0.003215
0.003381
0.003605
0.003344
0.003208
0.003243
0.003185
0.003308
0.003522
0.003288
0.00327
0.003537
NaN
NaN
NaN
NaN
0.000176
0.21423
0.003477
0.003525
0.003503
0.003452
0.003238
0.003116
0.003174
0.003118
0.003187
0.003389
0.003591
0.003315
0.003599
0.003535
0.006376
0.00567
NaN
NaN
NaN
NaN
0.00016
0.24162
0.003712
0.003264
0.003341
0.003298
0.003329
0.003363
0.003471
0.003285
0.003399
0.003202
0.003632
0.003369
0.003356
0.005042
0.0035
0.004156
0.003401
0.003483
0.003528
0.003497
NaN
NaN
NaN
NaN
0.000154
0.21484
0.006592
0.006582
0.006046
NaN
NaN
NaN
NaN
0.000144
0.36051
0.003932
0.003714
0.003511
0.003536
0.004669
0.00369
0.003852
0.003834
0.003691
0.003734
0.003672
0.003403
NaN
NaN
NaN
NaN
0.000159
0.21749
0.003522
0.003346
0.003368
0.003483
0.003528
0.003639
0.003404
0.003299
NaN
NaN
NaN
NaN
0.000165
0.22826
0.003632
